1789152628442,1
1789152628442,0
1789152628690,1
1789152628901,2
1789152628952,3
1789152629023,4
1789152629032,3
1789152629124,4
1789152629225,5
1789152629277,6
1789152629355,7
1789152629406,8
1789152629463,9
1789152629546,8
1789152629549,9
1789152629778,10
1789152629873,9
1789152630150,8
1789152630277,9
1789152630426,8
1789152630662,7
1789152630757,8
1789152630808,9
1789152630877,8
1789152631252,9
1789152631438,8
1789152631719,7
1789152631802,8
1789152631813,9
1789152632028,8
1789152632142,9
1789152632264,11
1789152632193,10
1789152632506,10
1789152632805,9
1789152632889,10
1789152633018,9
1789152633093,10
1789152633235,9
1789152633445,8
1789152633594,7
1789152633707,8
1789152633754,7
1789152633943,6
1789152634110,5
1789152634188,6
1789152634267,7
1789152634307,6
1789152634349,7
1789152634450,8
1789152634465,7
1789152634501,8
1789152634554,9
1789152634604,10
1789152634628,9
1789152634791,8
1789152635128,7
1789152635330,8
1789152635382,9
1789152635393,8
1789152635431,9
1789152635482,10
1789152635533,11
1789152635583,12
1789152635652,13
1789152635681,12
1789152635828,11
1789152635937,12
1789152635958,11
1789152636064,10
1789152636143,11
1789152636192,10
1789152636292,9
1789152636440,8
1789152636449,9
1789152636501,10
1789152636552,11
1789152636602,12
1789152636632,11
1789152636847,10
1789152637023,9
1789152637127,10
1789152637185,9
1789152637399,8
1789152637444,9
1789152637499,10
1789152637561,11
1789152637606,12
1789152637669,13
1789152637752,12
1789152637930,11
1789152637977,12
1789152638027,13
1789152638067,12
1789152638079,13
1789152638179,14
1789152638199,13
1789152638231,14
1789152638332,13
1789152638502,12
1789152638617,11
1789152638726,10
1789152638868,9
1789152639027,8
1789152639133,7
1789152639252,8
1789152639266,7
1789152639302,8
1789152639418,7
1789152639565,6
1789152639659,7
1789152639722,6
1789152639894,5
1789152640106,4
1789152640262,3
1789152640301,4
1789152640378,3
1789152640497,2
1789152640663,1
1789152640854,0
1789152640863,1
1789152640914,2
1789152640964,3
1789152641016,4
1789152641042,3
1789152641235,4
1789152641303,3
1789152641560,2
1789152641710,1
1789152641845,0
1789152642161,1
1789152642161,0
1789152642212,1
1789152642277,0
1789152642631,1
1789152642631,0
1789152643088,1
1789152643088,0
1789152643291,1
1789152643291,0
1789152643648,1
1789152643648,0
1789152644564,0
1789152644564,0
1789152645687,1
1789152645687,0
1789152645739,1
1789152645767,0
1789152645790,1
1789152645827,0
1789152645841,1
1789152645889,0
1789152645892,1
1789152645944,2
1789152645954,1
1789152646022,0
1789152646146,1
1789152646146,0
1789152646961,1
1789152646961,0
1789152647273,1
1789152647273,0
1789152647323,1
1789152647376,2
1789152647379,1
1789152647427,2
1789152647441,1
1789152647477,2
1789152647504,1
1789152647528,2
1789152647569,1
1789152647633,0
1789152647733,1
1789152647733,0
1789152648496,1
1789152648496,0
1789152649418,1
1789152649418,0
1789152649926,1
1789152649926,0
1789152649976,1
1789152649995,0
1789152650383,1
1789152650383,0
1789152651044,1
1789152651044,0
1789152651812,1
1789152651812,0
1789152652423,1
1789152652423,0
1789152653905,1
1789152653905,0
1789152654262,1
1789152654262,0
1789152654413,1
1789152654413,0
1789152654466,1
1789152654511,0
1789152654516,1
1789152654566,2
1789152654596,1
1789152654617,2
1789152654669,3
1789152654670,2
1789152654783,1
1789152654939,0
1789152654972,1
1789152655120,0
1789152655279,1
1789152655279,0
1789152655381,1
1789152655381,0
1789152655432,1
1789152655485,0
1789152655890,1
1789152655890,0
1789152656450,1
1789152656450,0
1789152658647,1
1789152658647,0
1789152658698,1
1789152658710,0
1789152658798,1
1789152658798,0
1789152659771,1
1789152659771,0
1789152659872,1
1789152659872,0
1789152659925,1
1789152659962,0
1789152659975,1
1789152660028,2
1789152660039,1
1789152660126,0
1789152660535,1
1789152660535,0
1789152661196,1
1789152661196,0
1789152661246,1
1789152661257,0
1789152662473,1
1789152662473,0
1789152663497,1
1789152663497,0
1789152663548,1
1789152663582,0
1789152663752,1
1789152663752,0
1789152663804,1
1789152663820,0
1789152663856,1
1789152663883,0
1789152663906,1
1789152663945,0
1789152664008,1
1789152664010,0
1789152664468,1
1789152664468,0
1789152664518,1
1789152664540,0
1789152665077,1
1789152665077,0
1789152665130,1
1789152665170,0
1789152665179,1
1789152665241,0
1789152666199,1
1789152666199,0
1789152666251,1
1789152666266,0
1789152666302,1
1789152666333,0
1789152667016,1
1789152667016,0
1789152667068,1
1789152667125,0
1789152667169,1
1789152667222,2
1789152667229,1
1789152667273,2
1789152667327,1
1789152667450,0
1789152667528,1
1789152667568,0
1789152668088,1
1789152668088,0
1789152668800,1
1789152668800,0
1789152668851,1
1789152668864,0
1789152669053,1
1789152669053,0
1789152670023,1
1789152670023,0
1789152670884,1
1789152670884,0
1789152670935,1
1789152670948,0
1789152671803,1
1789152671803,0
1789152671854,1
1789152671876,0
1789152671905,1
1789152671937,0
1789152672008,1
1789152672010,0
1789152672060,1
1789152672070,0
1789152672110,1
1789152672134,0
1789152672210,1
1789152672210,0
1789152672261,1
1789152672273,0
1789152672466,1
1789152672466,0
1789152672525,1
1789152672538,0
1789152672569,1
1789152672600,0
1789152672618,1
1789152672664,0
1789152673128,0
1789152673135,0
1789152673330,1
1789152673330,0
1789152673889,1
1789152673889,0
1789152674754,1
1789152674754,0
1789152674805,1
1789152674830,0
1789152675313,1
1789152675313,0
1789152675676,1
1789152675676,0
1789152675828,1
1789152675828,0
1789152676288,1
1789152676288,0
1789152677054,1
1789152677054,0
1789152677105,1
1789152677261,2
1789152677314,1
1789152677509,0
1789152678179,1
1789152678179,0
1789152679035,1
1789152679035,0
1789152679086,1
1789152679137,2
1789152679191,3
1789152679313,2
1789152679542,3
1789152679594,2
1789152679623,3
1789152679771,2
1789152680024,1
1789152680247,0
1789152680549,1
1789152680706,0
1789152680864,1
1789152680915,2
1789152680940,1
1789152680966,2
1789152681189,1
1789152681386,0
1789152681581,1
1789152681606,0
1789152682004,1
1789152682004,0
1789152683167,1
1789152683167,0
1789152683218,1
1789152683320,2
1789152683344,1
1789152683372,2
1789152683422,3
1789152683474,4
1789152683484,3
1789152683657,2
1789152683900,1
1789152684087,0
1789152684135,1
1789152684186,2
1789152684292,1
1789152684550,0
1789152684754,1
1789152684754,0
1789152685008,1
1789152685008,0
1789152685059,1
1789152685299,0
1789152688422,1
1789152688422,0
1789152689192,1
1789152689192,0
1789152689244,1
1789152689293,2
1789152689308,1
1789152689345,2
1789152689467,1
1789152689633,0
1789152690114,1
1789152690114,0
1789152690990,1
1789152690990,0
1789152691161,1
1789152691161,0
1789152691210,1
1789152691262,2
1789152691307,1
1789152691313,2
1789152691460,1
1789152691611,0
1789152691694,1
1789152691746,2
1789152691752,1
1789152691796,2
1789152691917,1
1789152692100,0
1789152692530,1
1789152692530,0
1789152692587,1
1789152692692,0
1789152694315,1
1789152694315,0
1789152694973,1
1789152694973,0
1789152695329,1
1789152695329,0
1789152695431,1
1789152695431,0
1789152695482,1
1789152695506,0
1789152695585,0
1789152695586,0
1789152695635,1
1789152695652,0
1789152695687,1
1789152695713,0
1789152695891,1
1789152695891,0
1789152696496,1
1789152696496,0
1789152697207,1
1789152697207,0
1789152697462,1
1789152697462,0
1789152697514,1
1789152697563,0
1789152697565,1
1789152697616,2
1789152697653,1
1789152697745,0
1789152698177,1
1789152698177,0
1789152698227,1
1789152698300,0
1789152698329,1
1789152698378,2
1789152698388,1
1789152698492,0
1789152698636,1
1789152698636,0
1789152699142,1
1789152699142,0
1789152699399,1
1789152699399,0
1789152699654,1
1789152699654,0
1789152699704,1
1789152699727,0
1789152700418,1
1789152700418,0
1789152700470,1
1789152700523,2
1789152700533,1
1789152700622,0
1789152701183,1
1789152701183,0
1789152701384,1
1789152701384,0
1789152701435,1
1789152701458,0
1789152701487,1
1789152701529,0
1789152701690,1
1789152701690,0
1789152702355,1
1789152702355,0
1789152702405,1
1789152702456,2
1789152702475,1
1789152702590,0
1789152702657,1
1789152702711,0
1789152702761,1
1789152702868,0
1789152703079,0
1789152703079,0
1789152703128,1
1789152703179,2
1789152703187,1
1789152703230,2
1789152703292,1
1789152703409,0
1789152703484,1
1789152703515,0
1789152705214,1
1789152705214,0
1789152707501,1
1789152707501,0
1789152707864,1
1789152707864,0
1789152708474,1
1789152708474,0
1789152708627,0
1789152708627,0
1789152708677,1
1789152708687,0
1789152708728,1
1789152708745,0
1789152708779,1
1789152708802,0
1789152708889,1
1789152708889,0
1789152709594,1
1789152709594,0
1789152709643,1
1789152709654,0
1789152709694,1
1789152709710,0
1789152709745,1
1789152709767,0
1789152709846,1
1789152709846,0
1789152710055,1
1789152710055,0
1789152710508,1
1789152710508,0
1789152710913,1
1789152710913,0
1789152710964,1
1789152710999,0
1789152711423,1
1789152711423,0
1789152712184,1
1789152712184,0
1789152712337,1
1789152712337,0
1789152712388,1
1789152712405,0
1789152713408,1
1789152713408,0
1789152713459,1
1789152713473,0
1789152713512,1
1789152713533,0
1789152713561,1
1789152713595,0
1789152713612,1
1789152713658,0
1789152713664,1
1789152713727,0
1789152714381,1
1789152714381,0
1789152714687,0
1789152714687,0
1789152714947,1
1789152714947,0
1789152714998,1
1789152715048,2
1789152715052,1
1789152715175,0
1789152715404,1
1789152715404,0
1789152715456,1
1789152715483,0
1789152715508,1
1789152715546,0
1789152715558,1
1789152715612,0
1789152716323,1
1789152716323,0
1789152716684,1
1789152716684,0
1789152716835,0
1789152716835,0
1789152717039,1
1789152717039,0
1789152717719,1
1789152717719,0
1789152717770,1
1789152717792,0
1789152718078,0
1789152718079,0
1789152718129,1
1789152718146,0
1789152718842,1
1789152718842,0
1789152718900,1
1789152718904,0
1789152718950,1
1789152718962,0
1789152719518,1
1789152719518,0
1789152719620,1
1789152719620,0
1789152719771,1
1789152719771,0
1789152719977,0
1789152719977,1
1789152721566,1
1789152721566,0
1789152721716,1
1789152721716,0
1789152722692,0
1789152722696,0
1789152722945,1
1789152722945,0
1789152722996,1
1789152723008,0
1789152723506,1
1789152723506,0
1789152725035,0
1789152725035,0
1789152725137,1
1789152725160,0
1789152725188,1
1789152725238,2
1789152725254,1
1789152725288,2
1789152725332,1
1789152725411,0
1789152725657,1
1789152725657,0
1789152725709,1
1789152725723,0
1789152725760,1
1789152725789,0
1789152726115,0
1789152726115,0
1789152726166,1
1789152726176,0
1789152726216,1
1789152726234,0
1789152726267,1
1789152726299,0
1789152727342,0
1789152727342,0
1789152727765,0
1789152727768,0
1789152729912,1
1789152729912,0
1789152730320,1
1789152730320,0
1789152730371,1
1789152730413,0
1789152730422,1
1789152730508,0
1789152730828,1
1789152730828,0
1789152732209,1
1789152732209,0
1789152732259,1
1789152732293,0
1789152732310,1
1789152732361,2
1789152732364,1
1789152732440,0
1789152732667,1
1789152732667,0
1789152732718,1
1789152732743,0
1789152733177,1
1789152733177,0
1789152733431,0
1789152733434,0
1789152733483,1
1789152733502,0
1789152733534,1
1789152733564,0
1789152733888,1
1789152733888,0
1789152733940,1
1789152733954,0
1789152733990,1
1789152734015,0
1789152734042,1
1789152734080,0
1789152734395,1
1789152734395,0
1789152734446,1
1789152734459,0
1789152734499,1
1789152734527,0
1789152734549,1
1789152734584,0
1789152734750,0
1789152734750,0
1789152734802,1
1789152734827,0
1789152735210,1
1789152735210,0
1789152735260,1
1789152735311,0
1789152736184,1
1789152736184,0
1789152736233,1
1789152736256,0
1789152736539,1
1789152736539,0
1789152736589,1
1789152736600,0
1789152736793,1
1789152736793,0
1789152736844,1
1789152736882,0
1789152736895,1
1789152736942,0
1789152736947,1
1789152736997,2
1789152737008,1
1789152737064,0
1789152737251,1
1789152737251,0
1789152738066,0
1789152738066,0
1789152738219,1
1789152738219,0
1789152738727,1
1789152738727,0
1789152738777,1
1789152738796,0
1789152738829,1
1789152738863,0
1789152738879,1
1789152738921,0
1789152739183,1
1789152739183,0
1789152739437,1
1789152739437,0
1789152739488,1
1789152739496,0
1789152740509,0
1789152740509,0
1789152740865,1
1789152740865,0
1789152740916,1
1789152740934,0
1789152740967,1
1789152741019,2
1789152741029,1
1789152741068,2
1789152741115,1
1789152741172,2
1789152741203,1
1789152741222,2
1789152741275,3
1789152741278,2
1789152741324,3
1789152741346,2
1789152741410,1
1789152741478,0
1789152741833,0
1789152741833,0
1789152742803,0
1789152742808,0
1789152742853,1
1789152742874,0
1789152743416,1
1789152743416,0
1789152743567,0
1789152743568,0
1789152743618,1
1789152743644,0
1789152743668,1
1789152743708,0
1789152743719,1
1789152743763,0
1789152743874,1
1789152743874,0
1789152743924,1
1789152743942,0
1789152743975,1
1789152744005,0
1789152744227,0
1789152744227,0
1789152744857,1
1789152744857,0
1789152745774,1
1789152745774,0
1789152746793,1
1789152746793,0
1789152746998,1
1789152746998,0
1789152747048,1
1789152747099,2
1789152747141,1
1789152747201,2
1789152747237,1
1789152747252,2
1789152747351,1
1789152747352,2
1789152747405,3
1789152747460,2
1789152747563,1
1789152747660,2
1789152747668,1
1789152747807,0
1789152747915,1
1789152747953,0
1789152748735,1
1789152748735,0
1789152748787,1
1789152748838,2
1789152748849,1
1789152748940,2
1789152748976,1
1789152748991,2
1789152749042,3
1789152749080,2
1789152749093,3
1789152749176,2
1789152749287,1
1789152749353,2
1789152749398,1
1789152749516,0
1789152749611,1
1789152749622,0
1789152750271,1
1789152750271,0
1789152751084,0
1789152751084,0
1789152751134,1
1789152751199,0
1789152751652,1
1789152751652,0
1789152752159,1
1789152752159,0
1789152752828,1
1789152752828,0
1789152752879,1
1789152752886,0
1789152752930,1
1789152752942,0
1789152753750,1
1789152753750,0
1789152753801,1
1789152753851,2
1789152753860,1
1789152753903,2
1789152753937,1
1789152753954,2
1789152754002,1
1789152754068,0
1789152754106,1
1789152754137,0
1789152754562,0
1789152754562,0
1789152755586,1
1789152755586,0
1789152755638,1
1789152755672,0
1789152756047,1
1789152756047,0
1789152756454,1
1789152756454,0
1789152756556,1
1789152756556,0
1789152756606,1
1789152756632,0
1789152756862,1
1789152756862,0
1789152757422,0
1789152757422,0
1789152759407,1
1789152759407,0
1789152759559,1
1789152759559,0
1789152759814,1
1789152759814,0
1789152759865,1
1789152759874,0
1789152760435,1
1789152760435,0
1789152760484,1
1789152760503,0
1789152760537,1
1789152760566,0
1789152760587,1
1789152760624,0
1789152760638,1
1789152760679,0
1789152760688,1
1789152760744,0
1789152760798,1
1789152760810,0
1789152760847,1
1789152760870,0
1789152760948,1
1789152760948,0
1789152761357,1
1789152761357,0
1789152762019,1
1789152762019,0
1789152762070,1
1789152762085,0
1789152762121,1
1789152762140,0
1789152762171,1
1789152762194,0
1789152762222,1
1789152762248,0
1789152762273,1
1789152762305,0
1789152762528,1
1789152762528,0
1789152762577,1
1789152762601,0
1789152762628,1
1789152762663,0
1789152762883,0
1789152762883,0
1789152763189,0
1789152763192,0
1789152763292,1
1789152763292,0
1789152763344,1
1789152763348,0
1789152763394,1
1789152763404,0
1789152763651,1
1789152763651,0
1789152763906,1
1789152763906,0
1789152763956,1
1789152763965,0
1789152764005,1
1789152764021,0
1789152764056,1
1789152764077,0
1789152764107,1
1789152764145,0
1789152764310,1
1789152764310,0
1789152764361,1
1789152764368,0
1789152764412,1
1789152764423,0
1789152764768,1
1789152764768,0
1789152765124,0
1789152765124,0
1789152765226,1
1789152765226,0
1789152765277,1
1789152765306,0
1789152765327,1
1789152765375,0
1789152767799,1
1789152767799,0
1789152768054,1
1789152768054,0
1789152768155,1
1789152768155,0
1789152768307,1
1789152768307,0
1789152768566,0
1789152768566,0
1789152768618,1
1789152768623,0
1789152768721,0
1789152768722,0
1789152769279,0
1789152769279,0
1789152769330,1
1789152769334,0
1789152769381,1
1789152769388,0
1789152769433,1
1789152769441,0
1789152769687,1
1789152769687,0
1789152769738,1
1789152769745,0
1789152769991,1
1789152769991,0
1789152770295,1
1789152770295,0
1789152770351,1
1789152770391,0
1789152770399,1
1789152770461,0
1789152770703,0
1789152770706,0
1789152771215,1
1789152771215,0
1789152771471,1
1789152771471,0
1789152771521,1
1789152771530,0
1789152772444,1
1789152772444,0
1789152772495,1
1789152772505,0
1789152773360,1
1789152773360,0
1789152773411,1
1789152773419,0
1789152773461,1
1789152773476,0
1789152773512,1
1789152773531,0
1789152773968,1
1789152773968,0
1789152774525,0
1789152774525,0
1789152775549,0
1789152775549,0
1789152776483,1
1789152776483,0
1789152776890,1
1789152776890,0
1789152777243,1
1789152777243,0
1789152778210,1
1789152778210,0
1789152778261,1
1789152778269,0
1789152778311,1
1789152778325,0
1789152778973,1
1789152778973,0
1789152779227,1
1789152779227,0
1789152779278,1
1789152779293,0
1789152779789,1
1789152779789,0
1789152780303,1
1789152780303,0
1789152781324,1
1789152781324,0
1789152781934,1
1789152781934,0
1789152781986,1
1789152782036,2
1789152782045,1
1789152782173,0
1789152782344,1
1789152782344,0
1789152782753,0
1789152782753,0
1789152782820,1
1789152782850,0
1789152782871,1
1789152782929,0
1789152783394,1
1789152783394,0
1789152783433,1
1789152783452,0
1789152783484,1
1789152783509,0
1789152783535,1
1789152783563,0
1789152783638,1
1789152783638,0
1789152783890,1
1789152783890,0
1789152783941,1
1789152783945,0
1789152783994,1
1789152784001,0
1789152785216,1
1789152785216,0
1789152785320,1
1789152785320,0
1789152785369,1
1789152785398,0
1789152785420,1
1789152785463,0
1789152785471,1
1789152785528,0
1789152785778,1
1789152785778,0
1789152785981,1
1789152785981,0
1789152786031,1
1789152786038,0
1789152786082,1
1789152786095,0
1789152786134,1
1789152786163,0
1789152786542,1
1789152786542,0
1789152786645,1
1789152786645,0
1789152786694,1
1789152786702,0
1789152786957,1
1789152786957,0
1789152787160,0
1789152787165,0
1789152787569,1
1789152787569,0
1789152787626,1
1789152787639,0
1789152787676,1
1789152787702,0
1789152788134,1
1789152788134,0
1789152788541,1
1789152788541,0
1789152789051,1
1789152789051,0
1789152789406,1
1789152789406,0
1789152789457,1
1789152789464,0
1789152789715,1
1789152789715,0
1789152789768,1
1789152789786,0
1789152789817,1
1789152789849,0
1789152790379,1
1789152790379,0
1789152834562,0
1789152834562,1
1789152834810,1
1789152835013,2
1789152835076,1
1789152835078,2
1789152835128,3
1789152835243,4
1789152835347,5
1789152835407,6
1789152835474,7
1789152835527,7
1789152835527,8
1789152835582,8
1789152835627,9
1789152835846,8
1789152835891,9
1789152836048,8
1789152836233,7
1789152836309,8
1789152836422,7
1789152836608,6
1789152836761,5
1789152836770,6
1789152836821,7
1789152836950,6
1789152837103,5
1789152837261,6
1789152837341,5
1789152837544,4
1789152837761,3
1789152837796,4
1789152837849,5
1789152837924,4
1789152838048,3
1789152838154,4
1789152838190,3
1789152838205,4
1789152838263,5
1789152838308,4
1789152838431,3
1789152838562,2
1789152838710,1
1789152838837,0
1789152838872,1
1789152838953,0
1789152839077,1
1789152839077,0
1789152839649,1
1789152839649,0
1789152840118,1
1789152840118,0
1789152840168,1
1789152840270,2
1789152840341,1
1789152840372,2
1789152840424,3
1789152840474,4
1789152840519,3
1789152840525,4
1789152840644,3
1789152840803,2
1789152840902,1
1789152841003,0
1789152841237,0
1789152841237,1
1789152841287,1
1789152841334,0
1789152841340,1
1789152841389,2
1789152841405,1
1789152841440,2
1789152841465,1
1789152841492,2
1789152841528,1
1789152841542,2
1789152841600,1
1789152841675,0
1789152841799,1
1789152841799,0
1789152842003,1
1789152842003,0
1789152842310,1
1789152842310,0
1789152842361,1
1789152842395,0
1789152842412,1
1789152842462,2
1789152842473,1
1789152842544,0
1789152842985,1
1789152842985,0
1789152843292,1
1789152843292,0
1789152843343,1
1789152843396,2
1789152843398,1
1789152843448,2
1789152843492,1
1789152843498,2
1789152843582,1
1789152843668,0
1789152843810,1
1789152843810,0
1789152843861,1
1789152843911,2
1789152843932,1
1789152844013,2
1789152844035,1
1789152844064,2
1789152844155,1
1789152844292,0
1789152845085,1
1789152845085,0
1789152845135,1
1789152845290,0
1789152845490,1
1789152845502,0
1789152846113,1
1789152846113,0
1789152846686,1
1789152846686,0
1789152846738,1
1789152846789,2
1789152846802,1
1789152846840,2
1789152846922,1
1789152847040,0
1789152847044,1
1789152847135,0
1789152847919,1
1789152847919,0
1789152847970,1
1789152848025,0
1789152848383,1
1789152848383,0
1789152848843,1
1789152848843,0
1789152849053,1
1789152849053,0
1789152849401,1
1789152849401,0
1789152850326,1
1789152850326,0
1789152851444,1
1789152851444,0
1789152851496,1
1789152851520,0
1789152851545,1
1789152851591,0
1789152851596,1
1789152851646,2
1789152851654,1
1789152851698,2
1789152851714,1
1789152851774,0
1789152851907,1
1789152851907,0
1789152852722,0
1789152852726,0
1789152853026,1
1789152853026,0
1789152853077,1
1789152853112,0
1789152853129,1
1789152853178,2
1789152853196,1
1789152853232,2
1789152853271,1
1789152853282,2
1789152853345,1
1789152853449,0
1789152853485,1
1789152853543,0
1789152854254,1
1789152854254,0
1789152855307,1
1789152855307,0
1789152855910,1
1789152855910,0
1789152855961,1
1789152856053,0
1789152856427,0
1789152856427,0
1789152857176,1
1789152857176,0
1789152858056,1
1789152858056,0
1789152858793,1
1789152858793,0
1789152860496,1
1789152860496,0
1789152860929,1
1789152860929,0
1789152861116,1
1789152861156,0
1789152861179,1
1789152861241,2
1789152861304,3
1789152861363,4
1789152861367,3
1789152861423,4
1789152861537,3
1789152861693,2
1789152861769,3
1789152861869,2
1789152862032,1
1789152862113,2
1789152862186,1
1789152862238,2
1789152862301,3
1789152862342,2
1789152862505,1
1789152862655,0
1789152862810,1
1789152862997,0
1789152863489,1
1789152863489,0
1789152866018,1
1789152866019,0
1789152866108,1
1789152866213,2
1789152866250,1
1789152866449,0
1789152867340,1
1789152867340,0
1789152867480,1
1789152867560,0
1789152867574,1
1789152867637,2
1789152867694,1
1789152867695,2
1789152867824,1
1789152867955,0
1789152868303,1
1789152868303,0
1789152869042,1
1789152869042,0
1789152869105,1
1789152869147,0
1789152870528,1
1789152870528,0
1789152871692,1
1789152871692,0
1789152871743,1
1789152871798,0
1789152871977,1
1789152871977,0
1789152872043,1
1789152872094,2
1789152872105,1
1789152872160,2
1789152872209,1
1789152872275,2
1789152872339,1
1789152872447,0
1789152872773,1
1789152872773,0
1789152872851,1
1789152872906,0
1789152873508,1
1789152873508,0
1789152873571,1
1789152873618,0
1789152873626,1
1789152873771,0
1789152874825,1
1789152874825,0
1789152874876,1
1789152874927,2
1789152874942,1
1789152875057,0
1789152875742,1
1789152875742,0
1789152875794,1
1789152875840,0
1789152875918,1
1789152875982,2
1789152875995,1
1789152876045,2
1789152876128,1
1789152876233,0
1789152876337,1
1789152876351,0
1789152877006,1
1789152877006,0
1789152877842,1
1789152877842,0
1789152877908,1
1789152877997,0
1789152878141,1
1789152878141,0
1789152879225,1
1789152879225,0
1789152880229,1
1789152880229,0
1789152880292,1
1789152880352,0
1789152881306,1
1789152881306,0
1789152881368,1
1789152881439,2
1789152881462,1
1789152881543,2
1789152881558,1
1789152881592,2
1789152881660,3
1789152881681,2
1789152881774,1
1789152881776,2
1789152881828,3
1789152881879,2
1789152881996,1
1789152882061,2
1789152882113,1
1789152882119,2
1789152882177,3
1789152882220,2
1789152882243,3
1789152882330,2
1789152882448,1
1789152882545,0
1789152882810,1
1789152882810,0
1789152883027,1
1789152883027,0
1789152883678,1
1789152883678,0
1789152884660,0
1789152884660,0
1789152884740,1
1789152884817,0
1789152885337,1
1789152885337,0
1789152885769,1
1789152885769,0
1789152885952,1
1789152885952,0
1789152886491,1
1789152886491,0
1789152887374,1
1789152887374,0
1789152887429,1
1789152887514,0
1789152887625,1
1789152887656,0
1789152888692,1
1789152888692,0
1789152889609,1
1789152889609,0
1789152889662,1
1789152889726,2
1789152889775,3
1789152889784,2
1789152889918,1
1789152890106,0
1789152890219,1
1789152890252,0
1789152890277,1
1789152890386,0
1789152891275,1
1789152891275,0
1789152891620,0
1789152891620,0
1789152891677,1
1789152891734,0
1789152891741,1
1789152891835,0
1789152892442,1
1789152892442,0
1789152892892,1
1789152892892,0
1789152894158,1
1789152894158,0
1789152894225,1
1789152894289,0
1789152894341,1
1789152894393,2
1789152894406,1
1789152894459,2
1789152894510,3
1789152894518,2
1789152894672,1
1789152894768,0
1789152895272,1
1789152895272,0
1789152895327,1
1789152895449,0
1789152895988,1
1789152895988,0
1789152896291,1
1789152896291,0
1789152896343,1
1789152896404,0
1789152900124,1
1789152900124,0
1789152901010,1
1789152901010,0
1789152901060,1
1789152901108,2
1789152901160,3
1789152901164,2
1789152901328,1
1789152901574,0
1789152902002,1
1789152902002,0
1789152902999,0
1789152902999,0
1789152903234,1
1789152903234,0
1789152903297,1
1789152903361,2
1789152903365,1
1789152903425,2
1789152903493,1
1789152903620,0
1789152903811,1
1789152903811,0
1789152903875,1
1789152903925,2
1789152903941,1
1789152904073,0
1789152904726,1
1789152904726,0
1789152904775,1
1789152904838,0
1789152906749,1
1789152906749,0
1789152907508,1
1789152907508,0
1789152907923,1
1789152907923,0
1789152908025,1
1789152908073,0
1789152908088,1
1789152908209,2
1789152908209,1
1789152908256,2
1789152908310,3
1789152908379,2
1789152908525,3
1789152908550,2
1789152908740,1
1789152908944,0
1789152909226,1
1789152909226,0
1789152910011,1
1789152910011,0
1789152910276,1
1789152910276,0
1789152910344,1
1789152910394,2
1789152910456,3
1789152910529,2
1789152910898,1
1789152911086,0
1789152911110,1
1789152911175,2
1789152911258,1
1789152911291,2
1789152911375,3
1789152911441,2
1789152911594,1
1789152911642,2
1789152911757,1
1789152912143,0
1789152912197,1
1789152912403,0
1789152912455,1
1789152912694,0
1789152912708,1
1789152912762,2
1789152912887,1
1789152913067,0
1789152913498,1
1789152913498,0
1789152913548,1
1789152913599,2
1789152913698,1
1789152913921,0
1789152914269,1
1789152914269,0
1789152914474,1
1789152914474,0
1789152914526,1
1789152914578,2
1789152914644,1
1789152914780,2
1789152914811,1
1789152914994,0
1789152915443,1
1789152915443,0
1789152915493,1
1789152915544,2
1789152915578,1
1789152915696,0
1789152915750,1
1789152915830,0
1789152915852,1
1789152915944,0
1789152916160,0
1789152916161,0
1789152916211,1
1789152916275,0
1789152916281,1
1789152916332,2
1789152916358,1
1789152916448,0
1789152916588,1
1789152916588,0
1789152918323,1
1789152918323,0
1789152920675,1
1789152920675,0
1789152921034,1
1789152921034,0
1789152921689,1
1789152921689,0
1789152921828,1
1789152921872,0
1789152921879,1
1789152921930,2
1789152921982,3
1789152922023,2
1789152922083,3
1789152922160,2
1789152922345,1
1789152922488,0
1789152922795,1
1789152922795,0
1789152922845,1
1789152922897,2
1789152922935,1
1789152922947,2
1789152923043,1
1789152923050,2
1789152923157,1
1789152923258,2
1789152923261,1
1789152923366,0
1789152923712,1
1789152923712,0
1789152924125,1
1789152924125,0
1789152924176,1
1789152924222,0
1789152924648,1
1789152924648,0
1789152925411,1
1789152925411,0
1789152925562,1
1789152925562,0
1789152925613,1
1789152925663,0
1789152926633,0
1789152926633,0
1789152926685,1
1789152926735,2
1789152926780,1
1789152926787,2
1789152926837,3
1789152926871,2
1789152926887,3
1789152926956,2
1789152927062,1
1789152927182,0
1789152927618,0
1789152927618,0
1789152927924,1
1789152927924,0
1789152928182,1
1789152928182,0
1789152928233,1
1789152928267,0
1789152928284,1
1789152928348,0
1789152928642,1
1789152928642,0
1789152928692,1
1789152928711,0
1789152928743,1
1789152928786,0
1789152928795,1
1789152928853,0
1789152929570,1
1789152929570,0
1789152929927,1
1789152929927,0
1789152930081,1
1789152930081,0
1789152930286,1
1789152930286,0
1789152930947,1
1789152930947,0
1789152930998,1
1789152931064,0
1789152931305,1
1789152931305,0
1789152931356,1
1789152931414,0
1789152932068,1
1789152932068,0
1789152932118,1
1789152932159,0
1789152932169,1
1789152932228,0
1789152932731,1
1789152932731,0
1789152932833,1
1789152932833,0
1789152932997,1
1789152932997,0
1789152933203,1
1789152933203,0
1789152934786,1
1789152934786,0
1789152934941,1
1789152934941,0
1789152935907,1
1789152935907,0
1789152936162,1
1789152936162,0
1789152936213,1
1789152936312,0
1789152936733,1
1789152936733,0
1789152938375,1
1789152938375,0
1789152938492,1
1789152938515,0
1789152938542,1
1789152938592,2
1789152938636,1
1789152938658,2
1789152938741,1
1789152938879,0
1789152939055,0
1789152939055,0
1789152939121,1
1789152939173,2
1789152939183,1
1789152939323,0
1789152939576,1
1789152939576,0
1789152939626,1
1789152939674,2
1789152939678,1
1789152939739,2
1789152939796,1
1789152939928,0
1789152940974,1
1789152940974,0
1789152941425,1
1789152941425,0
1789152943767,1
1789152943767,0
1789152944175,1
1789152944175,0
1789152944228,1
1789152944253,0
1789152944277,1
1789152944358,0
1789152944695,1
1789152944695,0
1789152946075,0
1789152946075,0
1789152946126,1
1789152946178,2
1789152946209,1
1789152946229,2
1789152946329,1
1789152946466,0
1789152946534,1
1789152946572,0
1789152946585,1
1789152946684,0
1789152947045,0
1789152947045,0
1789152947302,1
1789152947302,0
1789152947353,1
1789152947390,0
1789152947404,1
1789152947466,0
1789152947762,1
1789152947762,0
1789152947814,1
1789152947869,2
1789152947884,1
1789152947921,2
1789152947981,1
1789152948091,0
1789152948277,0
1789152948277,0
1789152948342,1
1789152948380,2
1789152948390,1
1789152948431,2
1789152948476,1
1789152948559,0
1789152948637,1
1789152948654,0
1789152948687,1
1789152948743,0
1789152949096,1
1789152949096,0
1789152949148,1
1789152949194,0
1789152950190,0
1789152950190,0
1789152950242,1
1789152950340,0
1789152950592,0
1789152950592,0
1789152950658,1
1789152950702,0
1789152950882,1
1789152950882,0
1789152950941,1
1789152950984,0
1789152950992,1
1789152951057,2
1789152951079,1
1789152951108,2
1789152951190,1
1789152951306,0
1789152951390,1
1789152951399,0
1789152952308,0
1789152952309,0
1789152952475,1
1789152952475,0
1789152953057,1
1789152953057,0
1789152953109,1
1789152953174,2
1789152953209,1
1789152953224,2
1789152953344,1
1789152953468,0
1789152953575,1
1789152953575,0
1789152953841,0
1789152953841,0
1789152953906,1
1789152953939,0
1789152955056,1
1789152955056,0
1789152955459,1
1789152955459,0
1789152955521,1
1789152955583,2
1789152955632,1
1789152955642,2
1789152955692,3
1789152955767,2
1789152955791,3
1789152955857,4
1789152955899,3
1789152955909,4
1789152955973,5
1789152956031,4
1789152956150,3
1789152956275,2
1789152956385,1
1789152956536,0
1789152956561,1
1789152956653,0
1789152957658,1
1789152957658,0
1789152957709,1
1789152957772,0
1789152958375,0
1789152958375,0
1789152958542,1
1789152958542,0
1789152958607,1
1789152958644,0
1789152958658,1
1789152958707,2
1789152958753,1
1789152958852,0
1789152958873,1
1789152958925,2
1789152958952,1
1789152958975,2
1789152959067,1
1789152959188,0
1789152959258,1
1789152959293,0
1789152959942,0
1789152959942,0
1789152960976,1
1789152960976,0
1789152962234,1
1789152962234,0
1789152962503,1
1789152962503,0
1789152962549,1
1789152962597,0
1789152962613,1
1789152962712,0
1789152962740,1
1789152962803,2
1789152962819,1
1789152962914,0
1789152962930,1
1789152962994,2
1789152963028,1
1789152963121,0
1789152963312,1
1789152963312,0
1789152963610,1
1789152963610,0
1789152964507,1
1789152964507,0
1789152964574,1
1789152964619,0
1789152964640,1
1789152964723,0
1789152964742,1
1789152964807,2
1789152964828,1
1789152964857,2
1789152964908,3
1789152964928,2
1789152965034,1
1789152965150,0
1789152965196,1
1789152965284,0
1789152965490,1
1789152965490,0
1789152966258,1
1789152966258,0
1789152967157,0
1789152967157,0
1789152967231,1
1789152967289,0
1789152967792,1
1789152967792,0
1789152968341,1
1789152968341,0
1789152969091,1
1789152969091,0
1789152969158,1
1789152969179,0
1789152969223,1
1789152969275,0
1789152970140,1
1789152970140,0
1789152970190,1
1789152970241,2
1789152970247,1
1789152970307,2
1789152970358,3
1789152970366,2
1789152970476,1
1789152970541,2
1789152970569,1
1789152970659,0
1789152971023,0
1789152971023,0
1789152972190,1
1789152972190,0
1789152972242,1
1789152972281,0
1789152972690,1
1789152972690,0
1789152973141,1
1789152973141,0
1789152973256,1
1789152973256,0
1789152973307,1
1789152973350,0
1789152973592,1
1789152973592,0
1789152974207,1
1789152974207,0
1789152976453,1
1789152976453,0
1789152976611,1
1789152976693,0
1789152976865,1
1789152976876,0
1789152976915,1
1789152977090,0
1789152977477,1
1789152977477,0
1789152977528,1
1789152977580,2
1789152977632,3
1789152977685,4
1789152977694,3
1789152977741,4
1789152977842,5
1789152977855,4
1789152977895,5
1789152977996,6
1789152978032,5
1789152978252,4
1789152978397,3
1789152978424,4
1789152978528,3
1789152978683,2
1789152978837,1
1789152978973,0
1789152979088,1
1789152979138,0
1789152979139,1
1789152979190,2
1789152979242,3
1789152979284,2
1789152979301,3
1789152979341,4
1789152979428,3
1789152979572,2
1789152979596,3
1789152979646,4
1789152979698,5
1789152979731,4
1789152979857,3
1789152979962,4
1789152980003,3
1789152980176,2
1789152980264,3
1789152980364,2
1789152980366,3
1789152980417,4
1789152980468,5
1789152980579,4
1789152980723,5
1789152980789,4
1789152980977,5
1789152981015,4
1789152981027,5
1789152981079,6
1789152981130,7
1789152981180,8
1789152981210,7
1789152981370,6
1789152981385,7
1789152981436,8
1789152981487,9
1789152981523,8
1789152981759,7
1789152981848,8
1789152982049,7
1789152982230,8
1789152982249,7
1789152982332,8
1789152982379,7
1789152982382,8
1789152982435,9
1789152982519,8
1789152982679,7
1789152982868,6
1789152983170,5
1789152983491,4
1789152983737,3
1789152984065,2
1789152984274,1
1789152984488,0
1789152984958,1
1789152984958,0
1789152985211,1
1789152985211,0
1789152985314,1
1789152985395,0
1789152985466,1
1789152985627,0
1789152985721,1
1789152985776,2
1789152985879,3
1789152985888,2
1789152986100,1
1789152986311,0
1789152986443,1
1789152986477,0
1789152986493,1
1789152986544,2
1789152986595,3
1789152986649,2
1789152986818,1
1789152986849,2
1789152986900,3
1789152986997,2
1789152987154,3
1789152987182,2
1789152987399,1
1789152987470,2
1789152987522,3
1789152987572,2
1789152987574,3
1789152987721,2
1789152987879,3
1789152987887,2
1789152988010,1
1789152988131,0
1789152988397,1
1789152988397,0
1789152988652,1
1789152988652,0
1789152988703,1
1789152988907,0
1789152989637,1
1789152989637,0
1789152989689,1
1789152989853,0
1789152990558,1
1789152990558,0
1789152990623,1
1789152990676,2
1789152990699,1
1789152990727,2
1789152990835,1
1789152990991,0
1789152991192,1
1789152991192,0
1789152991752,1
1789152991752,0
1789152992770,1
1789152992770,0
1789152993708,0
1789152993708,0
1789152994115,1
1789152994115,0
1789152994473,1
1789152994473,0
1789152995447,1
1789152995447,0
1789152995498,1
1789152995549,2
1789152995612,1
1789152995749,0
1789152996219,1
1789152996219,0
1789152996475,1
1789152996475,0
1789152996525,1
1789152996638,0
1789152997060,1
1789152997060,0
1789152997573,1
1789152997573,0
1789152998723,1
1789152998723,0
1789152999457,1
1789152999457,0
1789152999508,1
1789152999557,2
1789152999565,1
1789152999697,0
1789152999942,1
1789152999942,0
1789153000391,1
1789153000391,0
1789153000456,1
1789153000507,2
1789153000546,1
1789153000660,0
1789153001059,1
1789153001059,0
1789153001122,1
1789153001153,0
1789153001174,1
1789153001240,2
1789153001267,1
1789153001359,2
1789153001397,1
1789153001512,0
1789153001641,1
1789153001681,0
1789153001706,1
1789153001759,2
1789153001830,1
1789153001979,0
1789153003157,0
1789153003157,0
1789153003258,1
1789153003273,0
1789153003323,1
1789153003373,2
1789153003379,1
1789153003440,2
1789153003479,1
1789153003610,0
1789153003790,1
1789153003790,0
1789153004021,1
1789153004021,0
1789153004073,1
1789153004124,2
1789153004127,1
1789153004190,2
1789153004239,1
1789153004347,0
1789153004656,1
1789153004656,0
1789153004774,1
1789153004774,0
1789153004824,1
1789153004919,0
1789153005124,0
1789153005124,0
1789153005357,1
1789153005357,0
1789153005806,1
1789153005806,0
1789153005875,1
1789153005905,0
1789153005924,1
1789153006021,0
1789153006442,0
1789153006442,0
1789153006905,1
1789153006905,0
1789153007510,1
1789153007510,0
1789153007918,1
1789153007918,0
1789153007981,1
1789153008080,0
1789153008308,1
1789153008308,0
1789153008370,1
1789153008432,2
1789153008435,1
1789153008584,0
1789153009107,1
1789153009107,0
1789153567829,0
1789153567828,1
1789153567929,1
1789153568016,2
1789153568036,3
1789153568058,4
1789153568109,5
1789153568166,6
1789153568207,7
1789153568240,8
1789153568248,9
1789153568249,10
1789153568331,11
1789153568406,12
1789153568500,11
1789153568594,12
1789153568834,13
1789153568859,14
1789153569116,15
1789153569165,14
1789153569334,15
1789153569349,16
1789153569569,17
1789153569569,19
1789153569569,18
1789153569570,18
1789153569869,17
1789153569914,18
1789153570001,19
1789153570158,18
1789153570290,19
1789153570386,18
1789153570481,19
1789153570504,20
1789153570547,21
1789153570589,22
1789153570610,23
1789153570611,22
1789153570632,23
1789153570654,24
1789153570799,23
1789153570969,24
1789153570974,23
1789153570991,24
1789153571010,25
1789153571032,26
1789153571053,27
1789153571075,28
1789153571096,29
1789153571182,28
1789153571203,29
1789153571290,30
1789153571433,29
1789153571447,30
1789153571470,31
1789153571492,32
1789153571509,33
1789153571697,32
1789153571722,33
1789153571848,34
1789153571868,35
1789153571889,36
1789153571910,37
1789153571911,36
1789153571935,37
1789153572059,38
1789153572117,39
1789153572127,38
1789153572137,39
1789153572179,40
1789153572199,41
1789153572293,40
1789153572499,39
1789153572625,40
1789153572688,41
1789153572711,40
1789153572837,41
1789153572895,40
1789153573093,41
1789153573102,40
1789153573347,39
1789153573361,40
1789153573383,41
1789153573404,42
1789153573429,43
1789153573516,44
1789153573573,43
1789153573760,42
1789153573904,43
1789153573926,44
1789153573948,43
1789153574097,44
1789153574108,43
1789153574261,42
1789153574291,43
1789153574394,44
1789153574444,43
1789153574541,44
1789153574606,43
1789153574798,42
1789153574938,43
1789153574955,42
1789153575171,41
1789153575492,40
1789153575496,41
1789153575572,42
1789153575603,43
1789153575634,44
1789153575662,45
1789153575690,44
1789153575697,45
1789153575812,46
1789153575862,45
1789153576070,44
1789153576271,43
1789153576345,44
1789153576510,43
1789153576546,44
1789153576577,45
1789153576612,46
1789153576647,47
1789153576718,48
1789153576718,49
1789153576750,48
1789153576863,49
1789153576923,48
1789153577119,47
1789153577330,48
1789153577389,47
1789153577634,46
1789153577845,45
1789153577925,46
1789153578188,45
1789153578297,46
1789153578329,47
1789153578415,46
1789153578579,47
1789153578680,46
1789153579023,45
1789153579079,46
1789153579298,45
1789153579574,46
1789153579764,45
1789153580004,46
1789153580111,45
1789153580346,44
1789153580726,43
1789153580972,44
1789153581132,45
1789153581206,44
1789153581214,45
1789153581259,46
1789153581259,47
1789153581269,48
1789153581290,49
1789153581312,50
1789153581437,51
1789153581471,50
1789153581563,51
1789153581612,52
1789153581631,53
1789153581715,52
1789153581860,53
1789153581988,52
1789153582091,53
1789153582198,52
1789153582409,51
1789153582710,50
1789153583075,51
1789153583086,52
1789153583124,53
1789153583134,52
1789153583443,51
1789153583566,52
1789153583589,53
1789153583649,54
1789153583670,55
1789153583693,56
1789153583762,55
1789153583906,56
1789153584003,55
1789153584186,56
1789153584209,57
1789153584220,56
1789153584481,55
1789153584729,54
1789153584756,55
1789153584936,54
1789153585167,53
1789153585213,54
1789153585234,55
1789153585319,56
1789153585340,57
1789153585363,58
1789153585384,59
1789153585399,58
1789153585426,59
1789153585593,58
1789153585641,59
1789153585641,60
1789153585816,59
1789153585894,60
1789153585916,61
1789153585936,62
1789153586014,61
1789153586234,60
1789153586398,61
1789153586420,62
1789153586442,63
1789153586447,62
1789153586702,61
1789153586743,62
1789153586765,63
1789153586808,64
1789153586829,65
1789153586850,66
1789153586922,65
1789153586990,66
1789153587108,65
1789153587222,66
1789153587296,65
1789153587535,64
1789153587558,65
1789153587584,66
1789153587664,67
1789153587726,66
1789153587899,65
1789153588064,66
1789153588093,65
1789153588254,64
1789153588421,63
1789153588438,64
1789153588460,65
1789153588615,64
1789153588794,63
1789153588828,64
1789153588848,65
1789153588868,66
1789153588912,67
1789153588933,68
1789153588955,69
1789153588999,70
1789153589001,69
1789153589020,70
1789153589126,71
1789153589131,72
1789153589151,73
1789153589173,74
1789153589267,73
1789153589452,74
1789153589537,75
1789153589557,74
1789153589749,73
1789153589769,74
1789153589969,73
1789153590180,74
1789153590202,75
1789153590283,74
1789153590423,75
1789153590477,74
1789153590579,75
1789153590682,76
1789153590747,75
1789153590870,76
1789153590971,75
1789153591189,76
1789153591189,75
1789153591212,76
1789153591274,77
1789153591450,76
1789153591680,77
1789153591695,76
1789153591983,75
1789153592062,76
1789153592083,77
1789153592104,78
1789153592125,79
1789153592164,78
1789153592277,79
1789153592297,80
1789153592331,79
1789153592531,78
1789153592680,79
1789153592715,78
1789153592806,79
1789153592830,80
1789153592851,81
1789153592889,80
1789153593068,79
1789153593119,80
1789153593243,79
1789153593288,80
1789153593412,79
1789153593659,78
1789153593780,79
1789153593803,80
1789153593848,81
1789153593868,82
1789153593894,83
1789153593905,82
1789153593909,83
1789153594110,82
1789153594186,83
1789153594207,84
1789153594338,83
1789153594466,84
1789153594573,85
1789153594584,84
1789153594595,85
1789153594832,84
1789153595101,83
1789153595335,82
1789153595648,81
1789153596029,80
1789153596142,81
1789153596446,80
1789153596594,81
1789153596615,82
1789153596665,83
1789153596679,84
1789153596827,83
1789153597046,82
1789153597163,83
1789153597253,82
1789153597483,81
1789153597693,80
1789153597735,81
1789153597829,82
1789153597844,83
1789153597880,84
1789153597912,85
1789153597942,84
1789153598145,85
1789153598160,86
1789153598200,85
1789153598230,86
1789153598436,85
1789153598662,86
1789153598696,87
1789153598705,86
1789153598988,85
1789153599220,84
1789153599459,83
1789153599682,82
1789153599829,83
1789153599883,82
1789153600078,81
1789153600267,82
1789153600351,81
1789153600495,82
1789153600574,83
1789153600592,82
1789153600605,83
1789153600665,84
1789153600697,85
1789153600727,86
1789153600860,87
1789153600910,86
1789153601280,87
1789153601282,86
1789153601689,85
1789153601727,86
1789153601876,87
1789153601907,88
1789153601929,89
1789153601939,88
1789153601961,89
1789153602285,88
1789153602361,89
1789153602394,90
1789153602443,91
1789153602495,92
1789153602529,91
1789153602644,92
1789153602801,91
1789153603002,92
1789153603193,93
1789153603228,92
1789153603345,93
1789153603380,94
1789153603465,93
1789153603681,92
1789153603880,93
1789153603896,94
1789153603943,95
1789153604005,94
1789153604253,93
1789153604345,94
1789153604462,95
1789153604486,94
1789153604495,95
1789153604555,96
1789153604664,97
1789153604739,96
1789153604946,95
1789153605077,96
1789153605095,97
1789153605127,98
1789153605138,97
1789153605279,98
1789153605343,99
1789153605370,98
1789153605527,99
1789153605549,98
1789153605558,99
1789153605577,100
1789153605608,101
1789153605813,102
1789153605815,101
1789153606152,100
1789153606472,99
1789153606867,98
1789153606962,99
1789153607154,98
1789153607370,97
1789153607654,96
1789153607912,95
1789153608262,96
1789153608283,95
1789153608420,96
1789153608605,95
1789153608701,96
1789153608763,97
1789153608786,98
1789153608806,99
1789153608828,100
1789153608872,101
1789153608876,100
1789153609155,99
1789153609174,100
1789153609197,101
1789153609218,102
1789153609239,103
1789153609280,104
1789153609375,105
1789153609481,104
1789153609619,105
1789153609820,106
1789153609822,105
1789153609830,106
1789153610041,107
1789153610160,106
1789153610366,107
1789153610465,108
1789153610501,109
1789153610606,108
1789153610859,107
1789153610995,108
1789153611001,109
1789153611024,110
1789153611047,111
1789153611067,112
1789153611090,113
1789153611130,112
1789153611434,113
1789153611468,112
1789153611568,113
1789153611682,114
1789153611706,115
1789153611732,116
1789153611769,115
1789153611901,116
1789153611919,117
1789153611948,118
1789153611962,119
1789153612021,118
1789153612290,117
1789153612301,118
1789153612451,119
1789153612512,118
1789153612516,119
1789153612602,120
1789153612771,119
1789153612887,120
1789153612902,121
1789153613058,122
1789153613058,121
1789153613072,122
1789153613324,121
1789153613369,122
1789153613390,123
1789153613411,124
1789153613554,123
1789153613671,124
1789153613696,125
1789153613761,126
1789153613809,125
1789153613846,126
1789153614037,125
1789153614259,124
1789153614537,123
1789153614539,124
1789153614604,125
1789153614760,124
1789153615030,125
1789153615034,124
1789153615153,125
1789153615174,126
1789153615254,125
1789153615388,126
1789153615496,125
1789153615761,124
1789153615967,123
1789153616063,124
1789153616105,125
1789153616127,126
1789153616150,127
1789153616172,128
1789153616177,127
1789153616322,128
1789153616344,129
1789153616405,130
1789153616478,129
1789153616557,130
1789153616580,131
1789153616601,132
1789153616622,133
1789153616739,132
1789153616987,131
1789153617077,132
1789153617227,131
1789153617270,132
1789153617438,131
1789153617636,130
1789153617888,129
1789153618098,128
1789153618195,129
1789153618315,128
1789153618367,129
1789153618388,130
1789153618410,131
1789153618564,130
1789153618604,131
1789153618792,130
1789153618993,129
1789153619212,130
1789153619233,131
1789153619249,130
1789153619255,131
1789153619275,132
1789153619404,133
1789153619426,134
1789153619473,133
1789153619618,134
1789153619689,133
1789153619723,134
1789153619747,135
1789153619789,136
1789153619936,137
1789153619938,136
1789153619956,137
1789153619978,138
1789153620000,139
1789153620147,140
1789153620163,139
1789153620170,140
1789153620191,141
1789153620212,142
1789153620296,143
1789153620317,144
1789153620393,143
1789153620488,144
1789153620510,145
1789153620637,144
1789153620837,143
1789153620918,144
1789153620940,145
1789153621044,144
1789153621067,145
1789153621087,146
1789153621173,147
1789153621216,148
1789153621238,149
1789153621262,150
1789153621281,151
1789153621299,150
1789153621391,151
1789153621530,150
1789153621729,151
1789153621770,150
1789153621795,151
1789153622037,152
1789153622042,151
1789153622060,152
1789153622081,153
1789153622101,154
1789153622235,155
1789153622286,154
1789153622336,155
1789153622358,156
1789153622502,155
1789153622739,154
1789153622816,155
1789153622956,154
1789153622968,155
1789153622984,156
1789153623005,157
1789153623029,158
1789153623048,159
1789153623089,160
1789153623112,161
1789153623133,162
1789153623150,161
1789153623156,162
1789153623392,161
1789153623406,162
1789153623601,161
1789153623813,162
1789153623819,161
1789153623834,162
1789153624090,161
1789153624095,162
1789153624159,163
1789153624181,164
1789153624202,165
1789153624223,166
1789153624286,167
1789153624310,168
1789153624329,169
1789153624338,168
1789153624436,169
1789153624559,168
1789153624704,169
1789153624802,168
1789153625007,167
1789153625090,168
1789153625230,167
1789153625472,166
1789153625536,167
1789153625622,168
1789153625645,169
1789153625667,170
1789153625686,169
1789153625710,170
1789153625732,171
1789153625774,172
1789153625796,173
1789153625873,172
1789153625903,173
1789153626016,172
1789153626028,173
1789153626164,172
1789153626370,173
1789153626380,172
1789153626389,173
1789153626411,174
1789153626473,175
1789153626494,176
1789153626516,177
1789153626537,178
1789153626570,177
1789153626643,178
1789153626730,177
1789153626748,178
1789153626887,177
1789153627030,178
1789153627038,177
1789153627209,176
1789153627379,177
1789153627379,176
1789153627390,177
1789153627536,176
1789153627609,177
1789153627700,176
1789153627824,177
1789153627865,176
1789153628034,175
1789153628109,176
1789153628130,177
1789153628150,178
1789153628201,177
1789153628404,176
1789153628514,177
1789153628535,178
1789153628557,179
1789153628577,180
1789153628577,179
1789153628599,180
1789153628661,181
1789153628737,180
1789153628854,181
1789153628941,180
1789153629107,179
1789153629279,178
1789153629291,179
1789153629312,180
1789153629498,179
1789153629521,180
1789153629670,179
1789153629692,180
1789153629734,181
1789153629756,182
1789153629855,181
1789153629863,182
1789153630074,181
1789153630125,182
1789153630255,181
1789153630421,180
1789153630630,179
1789153630797,178
1789153630975,179
1789153630975,178
1789153631048,179
1789153631168,178
1789153631173,179
1789153631195,180
1789153631366,179
1789153631429,180
1789153631452,181
1789153631473,182
1789153631494,183
1789153631515,184
1789153631537,185
1789153631579,186
1789153631599,185
1789153631600,186
1789153631676,187
1789153631847,188
1789153631847,187
1789153632038,186
1789153632124,187
1789153632147,188
1789153632168,189
1789153632188,190
1789153632236,191
1789153632236,192
1789153632242,191
1789153632360,192
1789153632382,193
1789153632403,194
1789153632428,193
1789153632510,194
1789153632639,195
1789153632659,194
1789153632679,195
1789153632701,196
1789153632722,197
1789153632867,198
1789153632937,197
1789153632970,198
1789153632991,199
1789153633013,200
1789153633035,201
1789153633056,202
1789153633121,201
1789153633138,202
1789153633159,203
1789153633181,204
1789153633292,203
1789153633329,204
1789153633493,203
1789153633495,204
1789153633539,205
1789153633560,206
1789153633581,207
1789153633660,206
1789153633865,205
1789153634069,204
1789153634284,203
1789153634479,202
1789153634635,203
1789153634716,202
1789153634744,203
1789153634785,204
1789153634850,205
1789153634927,204
1789153634957,205
1789153634978,206
1789153635021,207
1789153635140,206
1789153635282,207
1789153635303,208
1789153635324,209
1789153635332,208
1789153635345,209
1789153635451,210
1789153635473,211
1789153635528,210
1789153635584,211
1789153635705,212
1789153635735,211
1789153635755,212
1789153635778,213
1789153635904,214
1789153635916,213
1789153636081,212
1789153636115,213
1789153636222,214
1789153636246,215
1789153636276,214
1789153636474,213
1789153636630,214
1789153636653,215
1789153636666,214
1789153636865,213
1789153637018,214
1789153637027,213
1789153637040,214
1789153637060,215
1789153637083,216
1789153637182,215
1789153637273,216
1789153637353,215
1789153637512,214
1789153637518,215
1789153637661,214
1789153637832,213
1789153637951,214
1789153637991,213
1789153638177,212
1789153638342,211
1789153638365,212
1789153638488,211
1789153638538,212
1789153638686,213
1789153638723,212
1789153638931,211
1789153639097,210
1789153639117,211
1789153639138,212
1789153639160,213
1789153639296,212
1789153639452,211
1789153639457,212
1789153639562,213
1789153639582,214
1789153639626,213
1789153639796,214
1789153639830,213
1789153639999,212
1789153640020,213
1789153640157,212
1789153640340,211
1789153640459,212
1789153640519,211
1789153640698,210
1789153640711,211
1789153640733,212
1789153640753,213
1789153640883,212
1789153640892,213
1789153641063,214
1789153641065,213
1789153641082,214
1789153641103,215
1789153641284,214
1789153641318,215
1789153641364,216
1789153641364,217
1789153641384,218
1789153641446,219
1789153641520,218
1789153641554,219
1789153641575,220
1789153641595,221
1789153641732,220
1789153641904,219
1789153642102,218
1789153642122,219
1789153642163,220
1789153642185,221
1789153642206,222
1789153642227,223
1789153642272,222
1789153642355,223
1789153642454,224
1789153642460,225
1789153642468,224
1789153642481,225
1789153642502,226
1789153642641,225
1789153642685,226
1789153642727,227
1789153642749,228
1789153642785,227
1789153642855,228
1789153642943,229
1789153642971,228
1789153643133,229
1789153643149,228
1789153643154,229
1789153643174,230
1789153643314,229
1789153643364,230
1789153643503,229
1789153643543,230
1789153643651,229
1789153643755,230
1789153643788,229
1789153643914,230
1789153643926,231
1789153643943,230
1789153644041,231
1789153644061,232
1789153644081,233
1789153644091,232
1789153644248,231
1789153644314,232
1789153644412,231
1789153644558,230
1789153644719,229
1789153644896,228
1789153645050,227
1789153645218,226
1789153645404,225
1789153645548,224
1789153645696,223
1789153645877,222
1789153646014,221
1789153646173,220
1789153646437,219
1789153646688,218
1789153646936,217
1789153647112,216
1789153647282,215
1789153647486,214
1789153647648,213
1789153647801,212
1789153647987,211
1789153648132,210
1789153648281,209
1789153648490,208
1789153648660,207
1789153648888,206
1789153649094,205
1789153649264,204
1789153649452,203
1789153649637,202
1789153649811,201
1789153650017,200
1789153650217,199
1789153650379,198
1789153650580,197
1789153650767,196
1789153650914,195
1789153651058,194
1789153651261,193
1789153651464,192
1789153651637,191
1789153651846,190
1789153651997,189
1789153652170,188
1789153652328,187
1789153652496,186
1789153652697,185
1789153652878,184
1789153653039,183
1789153653229,182
1789153653436,181
1789153653666,180
1789153653872,179
1789153654058,178
1789153654219,177
1789153654405,176
1789153654568,175
1789153654702,174
1789153654880,173
1789153655022,172
1789153655179,171
1789153655361,170
1789153655517,169
1789153655653,168
1789153655840,167
1789153655984,166
1789153656154,165
1789153656331,164
1789153656526,163
1789153656723,162
1789153656855,161
1789153656992,160
1789153657162,159
1789153657307,158
1789153657463,157
1789153657641,156
1789153657829,155
1789153658007,154
1789153658204,153
1789153658365,152
1789153658548,151
1789153658756,150
1789153658920,149
1789153659075,148
1789153659241,147
1789153659410,146
1789153659551,145
1789153659727,144
1789153659877,143
1789153660017,142
1789153660181,141
1789153660325,140
1789153660467,139
1789153660637,138
1789153660781,137
1789153660924,136
1789153661086,135
1789153661227,134
1789153661387,133
1789153661604,132
1789153661775,131
1789153661915,130
1789153662085,129
1789153662225,128
1789153662364,127
1789153662527,126
1789153662673,125
1789153662866,124
1789153663110,123
1789153663297,122
1789153663478,121
1789153663680,120
1789153663878,119
1789153664050,118
1789153664235,117
1789153664392,116
1789153664540,115
1789153664721,114
1789153664866,113
1789153665018,112
1789153665244,111
1789153665397,110
1789153665555,109
1789153665734,108
1789153665868,107
1789153666016,106
1789153666176,105
1789153666341,104
1789153666523,103
1789153666734,102
1789153666887,101
1789153667023,100
1789153667194,99
1789153667360,98
1789153667522,97
1789153667706,96
1789153667859,95
1789153668001,94
1789153668171,93
1789153668305,92
1789153668451,91
1789153668635,90
1789153668786,89
1789153668934,88
1789153669123,87
1789153669300,86
1789153669483,85
1789153669650,84
1789153669785,83
1789153669930,82
1789153670092,81
1789153670239,80
1789153670377,79
1789153670542,78
1789153670686,77
1789153670812,76
1789153670986,75
1789153671119,74
1789153671264,73
1789153671488,72
1789153671669,71
1789153671807,70
1789153671973,69
1789153672117,68
1789153672256,67
1789153672430,66
1789153672569,65
1789153672713,64
1789153672883,63
1789153673035,62
1789153673168,61
1789153673344,60
1789153673487,59
1789153673620,58
1789153673778,57
1789153673923,56
1789153674088,55
1789153674296,54
1789153674443,53
1789153674619,52
1789153674755,51
1789153674892,50
1789153675050,49
1789153675194,48
1789153675337,47
1789153675505,46
1789153675650,45
1789153675792,44
1789153675958,43
1789153676096,42
1789153676232,41
1789153676432,40
1789153676620,39
1789153676783,38
1789153676951,37
1789153677083,36
1789153677227,35
1789153677397,34
1789153677538,33
1789153677682,32
1789153677844,31
1789153677985,30
1789153678126,29
1789153678299,28
1789153678436,27
1789153678571,26
1789153678729,25
1789153678870,24
1789153679008,23
1789153679184,22
1789153679324,21
1789153679468,20
1789153679636,19
1789153679771,18
1789153679917,17
1789153680112,16
1789153680280,15
1789153680424,14
1789153680597,13
1789153680739,12
1789153680870,11
1789153681030,10
1789153681161,9
1789153681306,8
1789153681523,7
1789153681732,6
1789153681885,5
1789153682050,4
1789153682186,3
1789153682322,2
1789153682497,1
1789153682637,0
