1789152629174,1
1789152629174,0
1789152629985,1
1789152629985,0
1789152630184,1
1789152630348,0
1789152630706,1
1789152630706,0
1789152630859,1
1789152630909,2
1789152630963,3
1789152630972,2
1789152631012,3
1789152631344,4
1789152631511,3
1789152631750,2
1789152632069,1
1789152632366,2
1789152632530,1
1789152632622,2
1789152632675,3
1789152632820,2
1789152633033,1
1789152633230,0
1789152633317,1
1789152633429,0
1789152633808,1
1789152633808,0
1789152633883,1
1789152633935,2
1789152633965,1
1789152634128,0
1789152634400,1
1789152634400,0
1789152634709,1
1789152634709,0
1789152634827,1
1789152634862,2
1789152634913,3
1789152634941,2
1789152635279,1
1789152635498,0
1789152636757,1
1789152636757,0
1789152637714,1
1789152637714,0
1789152637764,1
1789152637903,0
1789152637926,1
1789152638036,0
1789152638740,1
1789152638740,0
1789152639149,1
1789152639149,0
1789152639201,1
1789152639283,0
1789152639711,1
1789152639711,0
1789152639763,1
1789152639813,2
1789152639863,1
1789152639915,2
1789152639965,3
1789152640015,4
1789152640050,3
1789152640215,2
1789152640342,1
1789152640351,2
1789152640446,1
1789152640564,0
1789152640606,1
1789152640655,2
1789152640747,1
1789152640938,0
1789152641069,1
1789152641110,0
1789152641895,1
1789152641895,0
1789152641945,1
1789152642005,2
1789152642047,1
1789152642057,2
1789152642165,1
1789152642288,0
1789152642933,1
1789152642933,0
1789152642983,1
1789152643024,0
1789152643034,1
1789152643093,0
1789152643903,0
1789152643903,0
1789152643954,1
1789152643977,0
1789152644006,1
1789152644047,0
1789152644056,1
1789152644115,0
1789152644819,0
1789152644819,0
1789152646045,1
1789152646045,0
1789152646095,1
1789152646110,0
1789152646298,1
1789152646298,0
1789152646350,1
1789152646366,0
1789152646400,1
1789152646428,0
1789152646452,1
1789152646495,0
1789152647222,1
1789152647222,0
1789152648140,1
1789152648140,0
1789152648190,1
1789152648203,0
1789152648445,1
1789152648445,0
1789152648960,1
1789152648960,0
1789152649010,1
1789152649024,0
1789152649112,1
1789152649112,0
1789152649164,1
1789152649172,0
1789152650026,1
1789152650026,0
1789152650077,1
1789152650092,0
1789152650130,1
1789152650151,0
1789152650433,1
1789152650433,0
1789152651146,1
1789152651146,0
1789152651197,1
1789152651215,0
1789152651248,1
1789152651287,0
1789152651298,1
1789152651348,0
1789152652017,1
1789152652017,0
1789152652067,1
1789152652078,0
1789152652119,1
1789152652155,0
1789152652171,1
1789152652221,2
1789152652222,1
1789152652270,2
1789152652323,3
1789152652330,2
1789152652430,1
1789152652573,0
1789152652577,1
1789152652700,0
1789152652781,1
1789152652831,2
1789152652849,1
1789152652883,2
1789152652932,3
1789152652981,2
1789152652985,3
1789152653125,2
1789152653258,1
1789152653394,0
1789152654780,1
1789152654780,0
1789152654821,1
1789152654930,0
1789152655484,1
1789152655484,0
1789152655942,1
1789152655942,0
1789152656195,1
1789152656195,0
1789152656656,1
1789152656656,0
1789152656910,1
1789152656910,0
1789152657421,1
1789152657421,0
1789152658186,0
1789152658186,0
1789152658238,1
1789152658273,0
1789152658748,1
1789152658748,0
1789152658901,1
1789152658901,0
1789152658952,1
1789152658964,0
1789152659002,1
1789152659024,0
1789152659055,1
1789152659084,0
1789152659156,1
1789152659161,0
1789152659410,1
1789152659410,0
1789152659463,1
1789152659494,0
1789152659516,1
1789152659558,0
1789152659721,1
1789152659721,0
1789152660188,1
1789152660188,0
1789152660332,1
1789152660332,0
1789152660738,1
1789152660738,0
1789152660789,1
1789152660809,0
1789152660841,1
1789152660872,0
1789152660890,1
1789152660934,0
1789152660941,1
1789152660992,2
1789152660996,1
1789152661064,0
1789152661553,1
1789152661553,0
1789152661609,1
1789152661618,0
1789152661710,1
1789152661710,0
1789152662016,1
1789152662016,0
1789152662627,1
1789152662627,0
1789152662680,1
1789152662716,0
1789152663141,1
1789152663141,0
1789152663194,1
1789152663215,0
1789152663958,1
1789152663958,0
1789152664213,1
1789152664213,0
1789152664265,1
1789152664286,0
1789152664315,1
1789152664363,0
1789152664364,1
1789152664425,0
1789152664571,1
1789152664571,0
1789152664721,1
1789152664721,0
1789152664772,1
1789152664798,0
1789152664823,1
1789152664874,2
1789152664884,1
1789152664986,0
1789152665537,1
1789152665537,0
1789152665894,1
1789152665894,0
1789152665995,1
1789152665995,0
1789152666354,1
1789152666354,0
1789152666556,1
1789152666556,0
1789152666607,1
1789152666659,2
1789152666669,1
1789152666709,2
1789152666762,3
1789152666765,2
1789152666814,3
1789152666873,2
1789152666916,3
1789152666981,2
1789152667094,1
1789152667119,2
1789152667205,1
1789152667298,0
1789152667578,1
1789152667578,0
1789152667834,1
1789152667834,0
1789152668442,1
1789152668442,0
1789152670073,1
1789152670073,0
1789152670123,1
1789152670173,2
1789152670188,1
1789152670225,2
1789152670262,1
1789152670330,0
1789152670529,1
1789152670529,0
1789152670579,1
1789152670604,0
1789152670630,1
1789152670674,0
1789152670682,1
1789152670732,2
1789152670734,1
1789152670796,0
1789152670834,1
1789152670867,0
1789152671037,1
1789152671037,0
1789152671087,1
1789152671095,0
1789152671146,1
1789152671162,0
1789152671189,1
1789152671227,0
1789152672719,1
1789152672719,0
1789152673279,1
1789152673279,0
1789152673432,1
1789152673432,0
1789152673482,1
1789152673493,0
1789152673533,1
1789152673554,0
1789152673584,1
1789152673616,0
1789152674248,1
1789152674248,0
1789152674653,1
1789152674653,0
1789152674704,1
1789152674721,0
1789152675262,1
1789152675262,0
1789152675574,1
1789152675574,0
1789152676543,1
1789152676543,0
1789152676694,1
1789152676694,0
1789152676745,1
1789152676925,0
1789152677157,1
1789152677192,0
1789152677669,1
1789152677669,0
1789152677719,1
1789152677910,0
1789152678540,1
1789152678540,0
1789152678590,1
1789152678873,0
1789152678983,1
1789152679161,0
1789152680134,1
1789152680134,0
1789152680184,1
1789152680286,2
1789152680363,3
1789152680416,4
1789152680421,3
1789152680483,4
1789152680753,3
1789152680980,2
1789152681227,1
1789152681275,2
1789152681421,1
1789152681612,0
1789152681632,1
1789152681798,2
1789152681842,1
1789152682066,0
1789152682781,1
1789152682781,0
1789152682987,1
1789152682993,0
1789152683576,1
1789152683576,0
1789152685279,1
1789152685279,0
1789152685360,1
1789152685365,2
1789152685415,3
1789152685555,2
1789152685622,3
1789152685672,4
1789152685751,3
1789152685951,2
1789152686137,1
1789152686315,0
1789152686489,1
1789152686497,0
1789152687051,1
1789152687051,0
1789152688055,1
1789152688055,0
1789152688105,1
1789152688207,2
1789152688258,3
1789152688299,2
1789152688320,3
1789152688371,4
1789152688475,5
1789152688509,4
1789152688526,5
1789152688706,4
1789152688849,3
1789152688898,4
1789152688998,3
1789152689117,2
1789152689143,3
1789152689219,2
1789152689342,1
1789152689517,0
1789152689855,1
1789152689855,0
1789152690064,1
1789152690064,0
1789152690165,1
1789152690216,2
1789152690260,1
1789152690268,2
1789152690320,3
1789152690371,4
1789152690398,3
1789152690473,4
1789152690549,3
1789152690680,2
1789152690814,1
1789152690944,0
1789152691058,1
1789152691129,0
1789152691541,0
1789152691541,1
1789152691591,1
1789152691672,0
1789152692376,1
1789152692376,0
1789152692890,1
1789152692890,0
1789152692940,1
1789152693021,0
1789152693601,1
1789152693601,0
1789152694567,1
1789152694567,0
1789152694821,1
1789152694821,0
1789152694871,1
1789152694908,0
1789152696294,1
1789152696294,0
1789152696851,1
1789152696851,0
1789152697666,1
1789152697666,0
1789152697817,1
1789152697817,0
1789152697997,1
1789152698005,0
1789152698023,1
1789152698076,2
1789152698126,3
1789152698142,2
1789152698259,1
1789152698278,2
1789152698363,1
1789152698456,0
1789152698482,1
1789152698532,2
1789152698584,3
1789152698590,2
1789152698686,3
1789152698697,2
1789152698736,3
1789152698805,2
1789152698889,3
1789152698898,2
1789152698994,1
1789152699087,0
1789152699295,1
1789152699295,0
1789152699354,1
1789152699399,0
1789152699857,1
1789152699857,0
1789152700163,1
1789152700163,0
1789152700623,0
1789152700623,0
1789152700676,1
1789152700726,0
1789152700878,1
1789152700878,0
1789152700930,1
1789152700964,0
1789152700979,1
1789152701029,2
1789152701032,1
1789152701103,0
1789152701132,1
1789152701187,0
1789152701843,1
1789152701843,0
1789152701895,1
1789152701904,0
1789152701944,1
1789152701963,0
1789152701995,1
1789152702021,0
1789152702303,1
1789152702303,0
1789152702557,1
1789152702557,0
1789152702607,1
1789152702682,0
1789152703533,1
1789152703533,0
1789152703589,1
1789152703639,2
1789152703642,1
1789152703733,0
1789152703791,1
1789152703817,0
1789152703842,1
1789152703894,2
1789152703901,1
1789152703944,2
1789152703969,1
1789152703996,2
1789152704036,1
1789152704045,2
1789152704096,3
1789152704108,2
1789152704190,1
1789152704272,0
1789152704657,1
1789152704657,0
1789152704707,1
1789152704764,0
1789152705063,1
1789152705063,0
1789152705418,1
1789152705418,0
1789152706028,1
1789152706028,0
1789152706384,1
1789152706384,0
1789152706688,1
1789152706688,0
1789152706738,1
1789152706754,0
1789152706790,1
1789152706814,0
1789152706840,1
1789152706876,0
1789152706891,1
1789152706933,0
1789152706942,1
1789152706989,0
1789152707401,1
1789152707401,0
1789152707451,1
1789152707464,0
1789152707966,1
1789152707966,0
1789152708117,0
1789152708118,0
1789152708372,1
1789152708372,0
1789152708423,1
1789152708433,0
1789152708576,1
1789152708576,0
1789152708931,1
1789152708931,0
1789152709491,0
1789152709493,0
1789152710101,1
1789152710101,0
1789152710151,1
1789152710203,2
1789152710210,1
1789152710286,0
1789152710407,1
1789152710407,0
1789152711015,1
1789152711015,0
1789152711219,0
1789152711219,0
1789152711472,1
1789152711472,0
1789152711523,1
1789152711571,0
1789152711575,1
1789152711625,2
1789152711645,1
1789152711678,2
1789152711718,1
1789152711777,2
1789152711783,1
1789152711856,0
1789152711880,1
1789152711925,0
1789152711931,1
1789152711996,0
1789152712031,1
1789152712062,0
1789152712083,1
1789152712131,0
1789152712133,1
1789152712199,0
1789152712796,1
1789152712796,0
1789152712846,1
1789152712861,0
1789152712897,1
1789152712927,0
1789152712999,1
1789152713006,0
1789152713050,1
1789152713092,0
1789152713103,1
1789152713153,2
1789152713158,1
1789152713220,0
1789152714177,1
1789152714177,0
1789152714228,1
1789152714237,0
1789152714279,1
1789152714297,0
1789152716887,1
1789152716887,0
1789152716939,1
1789152716950,0
1789152716988,1
1789152717017,0
1789152717209,1
1789152717209,0
1789152717872,1
1789152717872,0
1789152717924,1
1789152717935,0
1789152717975,1
1789152717995,0
1789152718027,1
1789152718057,0
1789152718181,1
1789152718181,0
1789152718284,1
1789152718284,0
1789152718588,0
1789152718589,0
1789152720587,1
1789152720587,0
1789152720638,1
1789152720698,2
1789152720705,1
1789152720789,0
1789152720799,1
1789152720852,2
1789152720879,1
1789152720903,2
1789152720954,1
1789152721002,2
1789152721027,1
1789152721055,2
1789152721092,1
1789152721164,0
1789152721979,1
1789152721979,0
1789152722031,1
1789152722050,0
1789152722437,1
1789152722437,0
1789152722590,1
1789152722590,0
1789152722641,1
1789152722654,0
1789152723047,0
1789152723047,0
1789152723403,0
1789152723408,0
1789152724372,1
1789152724372,0
1789152724423,1
1789152724431,0
1789152724881,1
1789152724881,0
1789152724932,1
1789152724961,0
1789152725085,1
1789152725091,0
1789152725608,0
1789152725608,0
1789152725811,0
1789152725812,0
1789152727086,0
1789152727086,0
1789152727136,1
1789152727155,0
1789152727190,1
1789152727216,0
1789152727241,1
1789152727276,0
1789152727561,1
1789152727561,0
1789152728071,1
1789152728071,0
1789152728122,1
1789152728136,0
1789152728174,1
1789152728203,0
1789152728223,1
1789152728267,0
1789152728274,1
1789152728323,0
1789152728529,1
1789152728529,0
1789152728734,1
1789152728734,0
1789152728886,0
1789152728886,0
1789152730217,1
1789152730217,0
1789152730930,1
1789152730930,0
1789152731287,1
1789152731287,0
1789152731440,1
1789152731440,0
1789152731493,1
1789152731506,0
1789152731544,1
1789152731575,0
1789152731596,1
1789152731636,0
1789152731955,1
1789152731955,0
1789152732004,1
1789152732025,0
1789152732055,1
1789152732106,2
1789152732114,1
1789152732191,0
1789152732769,1
1789152732769,0
1789152732872,1
1789152732872,0
1789152733278,0
1789152733278,0
1789152733328,1
1789152733355,0
1789152734145,1
1789152734145,0
1789152734700,1
1789152734700,0
1789152735058,0
1789152735058,0
1789152735568,0
1789152735568,0
1789152735625,1
1789152735637,0
1789152736029,1
1789152736029,0
1789152736690,0
1789152736690,0
1789152737150,0
1789152737150,0
1789152737200,1
1789152737222,0
1789152737302,1
1789152737302,0
1789152737353,1
1789152737366,0
1789152737406,1
1789152737433,0
1789152737455,1
1789152737498,0
1789152737710,1
1789152737710,0
1789152738269,1
1789152738269,0
1789152738320,1
1789152738338,0
1789152738371,1
1789152738404,0
1789152738472,1
1789152738472,0
1789152738524,1
1789152738536,0
1789152738929,1
1789152738929,0
1789152739031,1
1789152739031,0
1789152739387,1
1789152739387,0
1789152740047,1
1789152740047,0
1789152740100,1
1789152740224,0
1789152740408,1
1789152740408,0
1789152740457,1
1789152740552,0
1789152740611,1
1789152740663,2
1789152740689,1
1789152740714,2
1789152740765,3
1789152740782,2
1789152740816,3
1789152740859,2
1789152740939,1
1789152741027,0
1789152741374,1
1789152741374,0
1789152741425,1
1789152741439,0
1789152741528,1
1789152741528,0
1789152742498,1
1789152742498,0
1789152742548,1
1789152742581,0
1789152742908,1
1789152742908,0
1789152743058,1
1789152743058,0
1789152743315,1
1789152743315,0
1789152743364,1
1789152743376,0
1789152743770,0
1789152743770,0
1789152744025,0
1789152744028,0
1789152744450,0
1789152744450,0
1789152744552,1
1789152744552,0
1789152744602,1
1789152744610,0
1789152744654,1
1789152744668,0
1789152744705,1
1789152744730,0
1789152745011,1
1789152745011,0
1789152745217,0
1789152745218,0
1789152745420,1
1789152745420,0
1789152745469,1
1789152745498,0
1789152745521,1
1789152745565,0
1789152745571,1
1789152745622,2
1789152745625,1
1789152745673,2
1789152745703,1
1789152745763,0
1789152746946,1
1789152746946,0
1789152748426,1
1789152748426,0
1789152748475,1
1789152748529,2
1789152748540,1
1789152748583,2
1789152748646,1
1789152748760,0
1789152749661,1
1789152749661,0
1789152751803,1
1789152751803,0
1789152751854,1
1789152751859,0
1789152751904,1
1789152751915,0
1789152751955,1
1789152751970,0
1789152752058,1
1789152752058,0
1789152752108,1
1789152752122,0
1789152752261,1
1789152752261,0
1789152752521,1
1789152752521,0
1789152752571,1
1789152752584,0
1789152752626,1
1789152752645,0
1789152752777,0
1789152752777,0
1789152752981,1
1789152752981,0
1789152753648,1
1789152753648,0
1789152753699,1
1789152753742,0
1789152754157,1
1789152754157,0
1789152754511,1
1789152754511,0
1789152755123,1
1789152755123,0
1789152755537,1
1789152755537,0
1789152755740,1
1789152755740,0
1789152755791,1
1789152755813,0
1789152755842,1
1789152755876,0
1789152755894,1
1789152755939,0
1789152755945,1
1789152755995,2
1789152755996,1
1789152756053,0
1789152756708,1
1789152756708,0
1789152756759,1
1789152756770,0
1789152756809,1
1789152756829,0
1789152757116,1
1789152757116,0
1789152757371,1
1789152757371,0
1789152757982,1
1789152757982,0
1789152758085,1
1789152758085,0
1789152759002,1
1789152759002,0
1789152759305,1
1789152759305,0
1789152761000,1
1789152761000,0
1789152762324,1
1789152762324,0
1789152762374,1
1789152762392,0
1789152762427,1
1789152762464,0
1789152762679,1
1789152762679,0
1789152762730,1
1789152762755,0
1789152762781,1
1789152762819,0
1789152764615,1
1789152764615,0
1789152764818,1
1789152764818,0
1789152764920,0
1789152764920,0
1789152764970,1
1789152764988,0
1789152765021,1
1789152765062,0
1789152765072,1
1789152765153,0
1789152765173,1
1789152765236,0
1789152765377,1
1789152765377,0
1789152765741,1
1789152765741,0
1789152765791,1
1789152765805,0
1789152765844,1
1789152765866,0
1789152767064,1
1789152767064,0
1789152767115,1
1789152767122,0
1789152767699,1
1789152767699,0
1789152768771,0
1789152768772,0
1789152769484,1
1789152769484,0
1789152769535,1
1789152769538,0
1789152769586,1
1789152769592,0
1789152770094,1
1789152770094,0
1789152770145,1
1789152770195,2
1789152770202,1
1789152770279,0
1789152770498,0
1789152770500,0
1789152770551,1
1789152770573,0
1789152770600,1
1789152770636,0
1789152770652,1
1789152770694,0
1789152770755,1
1789152770755,0
1789152770806,1
1789152770819,0
1789152770856,1
1789152770879,0
1789152770908,1
1789152770938,0
1789152770959,1
1789152770995,0
1789152771673,1
1789152771673,0
1789152771983,1
1789152771983,0
1789152772190,0
1789152772191,0
1789152772649,1
1789152772649,0
1789152772902,0
1789152772902,0
1789152773004,1
1789152773004,0
1789152773056,1
1789152773067,0
1789152773108,1
1789152773129,0
1789152773158,1
1789152773187,0
1789152774018,1
1789152774018,0
1789152774069,1
1789152774085,0
1789152774172,1
1789152774172,0
1789152774222,1
1789152774232,0
1789152774272,1
1789152774290,0
1789152774627,1
1789152774627,0
1789152774678,1
1789152774681,0
1789152774728,1
1789152774735,0
1789152774779,1
1789152774789,0
1789152774932,0
1789152774932,0
1789152775344,1
1789152775344,0
1789152775397,1
1789152775423,0
1789152775803,1
1789152775803,0
1789152776329,1
1789152776329,0
1789152776379,1
1789152776386,0
1789152776788,1
1789152776788,0
1789152777092,1
1789152777092,0
1789152777142,1
1789152777149,0
1789152777191,1
1789152777205,0
1789152777396,1
1789152777396,0
1789152777802,1
1789152777802,0
1789152777904,1
1789152777904,0
1789152777955,1
1789152777963,0
1789152778515,1
1789152778515,0
1789152778566,1
1789152778571,0
1789152778616,1
1789152778629,0
1789152778667,1
1789152778684,0
1789152779176,0
1789152779176,0
1789152779328,1
1789152779328,0
1789152779379,1
1789152779387,0
1789152779430,1
1789152779442,0
1789152780455,1
1789152780455,0
1789152780506,1
1789152780557,2
1789152780582,1
1789152780609,2
1789152780690,1
1789152780789,0
1789152781781,1
1789152781781,0
1789152781833,1
1789152781880,0
1789152782087,1
1789152782087,0
1789152782138,1
1789152782190,2
1789152782216,1
1789152782327,0
1789152782650,1
1789152782650,0
1789152783280,1
1789152783280,0
1789152783332,1
1789152783338,0
1789152783688,1
1789152783688,0
1789152783840,0
1789152783840,0
1789152784046,1
1789152784046,0
1789152784096,1
1789152784107,0
1789152784148,1
1789152784160,0
1789152784655,1
1789152784655,0
1789152784860,1
1789152784860,0
1789152784910,1
1789152784919,0
1789152784961,1
1789152784979,0
1789152785267,1
1789152785267,0
1789152785523,1
1789152785523,0
1789152785626,1
1789152785626,0
1789152786236,1
1789152786236,0
1789152787008,1
1789152787008,0
1789152787059,1
1789152787066,0
1789152787110,1
1789152787121,0
1789152787930,0
1789152787931,0
1789152788490,1
1789152788490,0
1789152788592,1
1789152788592,0
1789152788643,1
1789152788650,0
1789152788694,1
1789152788708,0
1789152788903,1
1789152788903,0
1789152789102,1
1789152789102,0
1789152790533,1
1789152790533,0
1789152790584,1
1789152790606,0
1789152790890,1
1789152790890,0
1789152790940,1
1789152790953,0
1789152835317,1
1789152835317,0
1789152836081,1
1789152836081,0
1789152836257,1
1789152836286,0
1789152836719,1
1789152836719,0
1789152836871,1
1789152836899,0
1789152836952,1
1789152837004,2
1789152837046,1
1789152837054,2
1789152837209,1
1789152837385,2
1789152837472,1
1789152837636,0
1789152838363,1
1789152838363,0
1789152838619,1
1789152838619,0
1789152838683,1
1789152838756,0
1789152839289,1
1789152839289,0
1789152839759,1
1789152839759,0
1789152839810,1
1789152839861,2
1789152839932,1
1789152840115,0
1789152840322,1
1789152840332,0
1789152840626,1
1789152840626,0
1789152840728,1
1789152840769,0
1789152840778,1
1789152840830,2
1789152840879,1
1789152840984,0
1789152842617,1
1789152842617,0
1789152843550,1
1789152843550,0
1789152843600,1
1789152843635,0
1789152843753,1
1789152843755,0
1789152844573,1
1789152844573,0
1789152844983,1
1789152844983,0
1789152845035,1
1789152845150,0
1789152845543,1
1789152845543,0
1789152845594,1
1789152845646,2
1789152845685,1
1789152845749,2
1789152845800,3
1789152845819,2
1789152845849,3
1789152845970,2
1789152846151,1
1789152846163,2
1789152846275,1
1789152846366,0
1789152846418,1
1789152846446,0
1789152846469,1
1789152846573,0
1789152846891,1
1789152846891,0
1789152847664,1
1789152847664,0
1789152847715,1
1789152847750,0
1789152847766,1
1789152847819,2
1789152847827,1
1789152847896,0
1789152848689,1
1789152848689,0
1789152848740,1
1789152848768,0
1789152848792,1
1789152848834,0
1789152849654,1
1789152849654,0
1789152849705,1
1789152849729,0
1789152849756,1
1789152849796,0
1789152849808,1
1789152849857,0
1789152850579,1
1789152850579,0
1789152851804,1
1789152851804,0
1789152851856,1
1789152851877,0
1789152852060,1
1789152852060,0
1789152852110,1
1789152852127,0
1789152852161,1
1789152852190,0
1789152852212,1
1789152852251,0
1789152852976,1
1789152852976,0
1789152853893,1
1789152853893,0
1789152853945,1
1789152854006,0
1789152854203,1
1789152854203,0
1789152854780,1
1789152854780,0
1789152854841,1
1789152854957,2
1789152855010,3
1789152855023,2
1789152855226,1
1789152855446,0
1789152856026,1
1789152856026,0
1789152856077,1
1789152856144,2
1789152856177,1
1789152856317,0
1789152856478,1
1789152856478,0
1789152857277,0
1789152857277,0
1789152857352,1
1789152857445,2
1789152857460,3
1789152857554,2
1789152857861,1
1789152858230,0
1789152858326,1
1789152858389,2
1789152858419,1
1789152858440,2
1789152858503,3
1789152858560,4
1789152858622,3
1789152858626,4
1789152858676,5
1789152858841,4
1789152858960,5
1789152859014,4
1789152859174,3
1789152859196,4
1789152859244,5
1789152859308,6
1789152859331,5
1789152859359,6
1789152859411,7
1789152859470,6
1789152859616,5
1789152859802,4
1789152859968,3
1789152860154,2
1789152860469,1
1789152860671,0
1789152861538,1
1789152861538,0
1789152861591,1
1789152861691,0
1789152862359,1
1789152862359,0
1789152862918,1
1789152862918,0
1789152863177,1
1789152863177,0
1789152863722,1
1789152863722,0
1789152863992,1
1789152863992,0
1789152864580,1
1789152864580,0
1789152865472,1
1789152865472,0
1789152865527,1
1789152865740,0
1789152866160,0
1789152866160,0
1789152866337,1
1789152866378,0
1789152866390,1
1789152866441,2
1789152866504,3
1789152866599,2
1789152866648,3
1789152866771,2
1789152866929,1
1789152866940,2
1789152867009,3
1789152867044,4
1789152867083,3
1789152867222,2
1789152867276,3
1789152867365,2
1789152867574,1
1789152867706,0
1789152867872,1
1789152867872,0
1789152868056,1
1789152868056,0
1789152868540,1
1789152868540,0
1789152868594,1
1789152868644,2
1789152868655,1
1789152868692,2
1789152868761,3
1789152868801,2
1789152868827,3
1789152868889,2
1789152868983,1
1789152869081,0
1789152869439,1
1789152869439,0
1789152869491,1
1789152869544,0
1789152869607,1
1789152869640,0
1789152869970,1
1789152869970,0
1789152870709,1
1789152870709,0
1789152870760,1
1789152870856,0
1789152871285,1
1789152871285,0
1789152871342,1
1789152871407,0
1789152872224,1
1789152872224,0
1789152872510,1
1789152872510,0
1789152872557,1
1789152872613,2
1789152872643,1
1789152872661,2
1789152872791,1
1789152872910,2
1789152872923,1
1789152873053,0
1789152873093,1
1789152873143,2
1789152873151,1
1789152873208,2
1789152873270,1
1789152873276,2
1789152873415,1
1789152873542,0
1789152874044,1
1789152874044,0
1789152874462,0
1789152874462,0
1789152874577,1
1789152874588,0
1789152874992,1
1789152874992,0
1789152875210,1
1789152875210,0
1789152875278,1
1789152875358,0
1789152875359,1
1789152875376,2
1789152875441,3
1789152875471,2
1789152875495,3
1789152875615,2
1789152875622,3
1789152875727,2
1789152875824,1
1789152875857,2
1789152875973,1
1789152876116,0
1789152876400,1
1789152876400,0
1789152876700,1
1789152876700,0
1789152877426,1
1789152877426,0
1789152879277,1
1789152879277,0
1789152879344,1
1789152879389,2
1789152879395,1
1789152879451,2
1789152879525,1
1789152879673,0
1789152879799,1
1789152879825,0
1789152879860,1
1789152879923,2
1789152879937,1
1789152879986,2
1789152880043,3
1789152880070,2
1789152880183,3
1789152880229,2
1789152880352,1
1789152880410,2
1789152880467,1
1789152880473,2
1789152880534,3
1789152880597,4
1789152880601,3
1789152880758,2
1789152880913,1
1789152881021,0
1789152882361,1
1789152882361,0
1789152882978,0
1789152882978,1
1789152883143,0
1789152883143,0
1789152883193,1
1789152883261,2
1789152883277,1
1789152883311,2
1789152883397,1
1789152883540,0
1789152884090,1
1789152884090,0
1789152884558,1
1789152884558,0
1789152884594,1
1789152884717,0
1789152885273,1
1789152885273,0
1789152885643,1
1789152885643,0
1789152886785,1
1789152886785,0
1789152886972,1
1789152886972,0
1789152887026,1
1789152887071,0
1789152887515,1
1789152887515,0
1789152888075,1
1789152888075,0
1789152888157,1
1789152888180,0
1789152889092,1
1789152889092,0
1789152889158,1
1789152889222,0
1789152889551,1
1789152889551,0
1789152890870,1
1789152890870,0
1789152890922,1
1789152890998,0
1789152891027,1
1789152891094,2
1789152891103,1
1789152891160,2
1789152891207,1
1789152891210,2
1789152891323,1
1789152891496,0
1789152892092,0
1789152892092,0
1789152892492,1
1789152892492,0
1789152892706,1
1789152892706,0
1789152893738,1
1789152893738,0
1789152893972,1
1789152893972,0
1789152894627,1
1789152894627,0
1789152896576,1
1789152896576,0
1789152896626,1
1789152896691,2
1789152896716,1
1789152896755,2
1789152896868,1
1789152896988,2
1789152897013,1
1789152897042,2
1789152897142,1
1789152897308,0
1789152897993,1
1789152897993,0
1789152898624,1
1789152898624,0
1789152899726,1
1789152899726,0
1789152899773,1
1789152899837,0
1789152899895,1
1789152899957,2
1789152900011,1
1789152900019,2
1789152900076,3
1789152900178,2
1789152900179,3
1789152900242,4
1789152900382,3
1789152900621,2
1789152900660,3
1789152900793,2
1789152900944,3
1789152900969,2
1789152901132,1
1789152901292,0
1789152901739,0
1789152901739,0
1789152901961,1
1789152901961,0
1789152902060,1
1789152902110,2
1789152902189,3
1789152902197,2
1789152902241,3
1789152902293,4
1789152902341,3
1789152902398,4
1789152902474,3
1789152902656,2
1789152902789,1
1789152902919,0
1789152903064,1
1789152903064,0
1789152903643,1
1789152903643,0
1789152903728,1
1789152903799,0
1789152904542,1
1789152904542,0
1789152905126,0
1789152905126,0
1789152905175,1
1789152905270,0
1789152905908,1
1789152905908,0
1789152907050,1
1789152907050,0
1789152907341,1
1789152907341,0
1789152907393,1
1789152907442,0
1789152908973,1
1789152908973,0
1789152909625,1
1789152909625,0
1789152910517,1
1789152910517,0
1789152910728,1
1789152910874,2
1789152910880,1
1789152910958,2
1789152911009,3
1789152911059,4
1789152911059,3
1789152911226,4
1789152911233,3
1789152911420,2
1789152911476,3
1789152911526,4
1789152911572,3
1789152911576,4
1789152911693,5
1789152911723,4
1789152911743,5
1789152911933,6
1789152912091,5
1789152912341,4
1789152912350,5
1789152912406,6
1789152912596,5
1789152912839,4
1789152912914,5
1789152913033,4
1789152913223,3
1789152913244,4
1789152913434,3
1789152913617,2
1789152913722,3
1789152913753,4
1789152913849,3
1789152913958,4
1789152914008,5
1789152914018,4
1789152914059,5
1789152914113,6
1789152914193,5
1789152914224,6
1789152914375,5
1789152914566,4
1789152914753,3
1789152914920,2
1789152914933,3
1789152914983,4
1789152915034,5
1789152915078,4
1789152915084,5
1789152915224,4
1789152915386,3
1789152915391,4
1789152915528,3
1789152915645,4
1789152915646,3
1789152915698,4
1789152915779,3
1789152915897,2
1789152916009,1
1789152916104,0
1789152916638,1
1789152916638,0
1789152916688,1
1789152916740,2
1789152916776,1
1789152916873,0
1789152916892,1
1789152916943,2
1789152916957,1
1789152916995,2
1789152917032,1
1789152917047,2
1789152917096,1
1789152917097,2
1789152917149,3
1789152917159,2
1789152917199,3
1789152917218,2
1789152917280,1
1789152917378,0
1789152917762,1
1789152917762,0
1789152917811,1
1789152917849,0
1789152918169,1
1789152918169,0
1789152918527,1
1789152918527,0
1789152919155,1
1789152919155,0
1789152919518,1
1789152919518,0
1789152919822,1
1789152919822,0
1789152919883,1
1789152919934,2
1789152919954,1
1789152919985,2
1789152920036,3
1789152920086,4
1789152920108,3
1789152920301,2
1789152920528,1
1789152920571,2
1789152920623,3
1789152920773,2
1789152921000,1
1789152921134,2
1789152921248,1
1789152921319,2
1789152921411,1
1789152921540,0
1789152921572,1
1789152921625,2
1789152921728,1
1789152921776,2
1789152921909,1
1789152922037,0
1789152922135,1
1789152922198,0
1789152922693,1
1789152922693,0
1789152923304,1
1789152923304,0
1789152923357,1
1789152923407,2
1789152923445,1
1789152923578,0
1789152923612,1
1789152923702,0
1789152924227,1
1789152924227,0
1789152924442,1
1789152924442,0
1789152924698,1
1789152924698,0
1789152924750,1
1789152924800,2
1789152924802,1
1789152924850,2
1789152924878,1
1789152924901,2
1789152924948,1
1789152925002,2
1789152925013,1
1789152925091,0
1789152925104,1
1789152925155,2
1789152925166,1
1789152925257,2
1789152925265,1
1789152925308,2
1789152925359,3
1789152925377,2
1789152925483,1
1789152925582,0
1789152926023,1
1789152926023,0
1789152926075,1
1789152926125,2
1789152926138,1
1789152926226,2
1789152926245,1
1789152926277,2
1789152926327,3
1789152926328,2
1789152926379,3
1789152926412,2
1789152926509,1
1789152926649,0
1789152927415,1
1789152927415,0
1789152927466,1
1789152927490,0
1789152927517,1
1789152927569,0
1789152930131,1
1789152930131,0
1789152930184,1
1789152930224,0
1789152930234,1
1789152930366,0
1789152930439,1
1789152930495,0
1789152931100,1
1789152931100,0
1789152931151,1
1789152931202,2
1789152931239,1
1789152931253,2
1789152931337,1
1789152931406,2
1789152931449,1
1789152931508,2
1789152931573,1
1789152931674,0
1789152931814,1
1789152931814,0
1789152933814,1
1789152933814,0
1789152933864,1
1789152933889,0
1789152933916,1
1789152933952,0
1789152934017,1
1789152934024,0
1789152934068,1
1789152934101,0
1789152934119,1
1789152934180,0
1789152934222,1
1789152934260,0
1789152934273,1
1789152934345,0
1789152935196,1
1789152935196,0
1789152935246,1
1789152935330,0
1789152935651,1
1789152935651,0
1789152935805,1
1789152935805,0
1789152935856,1
1789152935916,0
1789152936266,1
1789152936266,0
1789152936629,1
1789152936629,0
1789152937606,1
1789152937606,0
1789152937660,1
1789152937869,0
1789152938209,0
1789152938209,0
1789152938259,1
1789152938365,0
1789152938426,1
1789152938515,0
1789152938992,1
1789152938992,0
1789152939236,1
1789152939236,0
1789152940676,1
1789152940676,0
1789152940739,1
1789152940792,2
1789152940837,1
1789152940858,2
1789152940937,1
1789152941080,0
1789152941207,1
1789152941207,0
1789152941775,1
1789152941775,0
1789152941826,1
1789152941880,0
1789152941892,1
1789152941941,2
1789152941992,3
1789152941993,2
1789152942120,1
1789152942214,0
1789152942308,1
1789152942309,0
1789152942525,1
1789152942525,0
1789152942692,1
1789152942692,0
1789152944074,1
1789152944074,0
1789152944795,1
1789152944795,0
1789152945154,1
1789152945154,0
1789152945309,1
1789152945309,0
1789152945359,1
1789152945411,2
1789152945441,1
1789152945463,2
1789152945582,1
1789152945696,0
1789152945821,1
1789152945829,0
1789152945871,1
1789152945921,2
1789152945942,1
1789152945973,2
1789152946049,1
1789152946182,0
1789152946638,1
1789152946638,0
1789152946739,1
1789152946762,0
1789152947155,1
1789152947155,0
1789152947201,1
1789152947252,0
1789152948021,1
1789152948021,0
1789152948585,1
1789152948585,0
1789152948942,1
1789152948942,0
1789152949475,1
1789152949475,0
1789152949526,1
1789152949703,0
1789152950025,1
1789152950025,0
1789152950757,0
1789152950757,0
1789152951275,1
1789152951275,0
1789152951325,1
1789152951380,0
1789152951441,1
1789152951499,0
1789152951524,1
1789152951575,2
1789152951604,1
1789152951641,2
1789152951712,1
1789152951842,0
1789152951925,1
1789152951949,0
1789152952541,1
1789152952541,0
1789152952592,1
1789152952639,0
1789152952657,1
1789152952784,2
1789152952790,1
1789152952842,2
1789152952891,1
1789152953014,0
1789152953276,1
1789152953276,0
1789152953391,1
1789152953392,0
1789152953790,1
1789152953790,0
1789152954541,1
1789152954541,0
1789152954609,1
1789152954649,0
1789152954942,1
1789152954942,0
1789152955008,1
1789152955044,0
1789152955158,0
1789152955158,0
1789152955225,1
1789152955257,0
1789152955274,1
1789152955342,2
1789152955379,1
1789152955405,2
1789152955533,1
1789152955684,0
1789152956024,1
1789152956024,0
1789152956075,1
1789152956125,0
1789152956192,1
1789152956253,0
1789152957292,1
1789152957292,0
1789152957345,1
1789152957423,0
1789152957773,0
1789152957773,0
1789152957975,1
1789152957975,0
1789152958257,1
1789152958257,0
1789152958324,1
1789152958357,0
1789152958757,1
1789152958757,0
1789152959041,1
1789152959041,0
1789152959492,1
1789152959492,0
1789152959605,1
1789152959628,0
1789152959660,1
1789152959723,2
1789152959746,1
1789152959774,2
1789152959838,1
1789152959953,0
1789152960108,1
1789152960108,0
1789152960353,1
1789152960353,0
1789152960574,0
1789152960574,0
1789152960637,1
1789152960679,0
1789152960689,1
1789152960740,2
1789152960779,1
1789152960792,2
1789152960858,3
1789152960875,2
1789152961015,1
1789152961106,0
1789152962422,1
1789152962422,0
1789152964174,1
1789152964174,0
1789152964225,1
1789152964275,2
1789152964278,1
1789152964342,2
1789152964403,1
1789152964495,0
1789152965541,1
1789152965541,0
1789152967958,1
1789152967958,0
1789152968008,1
1789152968047,0
1789152968073,1
1789152968124,2
1789152968142,1
1789152968241,2
1789152968250,1
1789152968291,2
1789152968353,1
1789152968458,2
1789152968490,1
1789152968588,0
1789152968758,1
1789152968758,0
1789152968823,1
1789152968853,0
1789152968875,1
1789152968949,0
1789152969041,1
1789152969054,0
1789152969273,0
1789152969273,0
1789152970008,1
1789152970008,0
1789152970073,1
1789152970104,0
1789152970591,1
1789152970591,0
1789152970973,0
1789152970973,0
1789152971673,0
1789152971673,0
1789152972125,0
1789152972125,0
1789152972358,1
1789152972358,0
1789152972423,1
1789152972448,0
1789152972474,1
1789152972523,2
1789152972543,1
1789152972590,2
1789152972636,1
1789152972640,2
1789152972738,1
1789152972837,0
1789152973424,1
1789152973424,0
1789152973490,1
1789152973515,0
1789152973540,1
1789152973623,0
1789152973873,1
1789152973873,0
1789152974157,1
1789152974157,0
1789152974857,1
1789152974857,0
1789152974983,1
1789152975005,0
1789152975991,1
1789152975991,0
1789152976353,1
1789152976353,0
1789152978049,1
1789152978049,0
1789152979392,1
1789152979392,0
1789152979443,1
1789152979493,2
1789152979524,1
1789152979690,0
1789152979750,1
1789152979803,2
1789152979819,1
1789152979853,2
1789152979949,1
1789152980137,0
1789152981693,0
1789152981693,0
1789152981900,1
1789152981976,0
1789152982025,1
1789152982075,2
1789152982127,3
1789152982178,4
1789152982195,3
1789152982280,4
1789152982341,3
1789152982469,2
1789152982486,3
1789152982620,2
1789152982796,1
1789152982846,2
1789152982896,3
1789152982946,4
1789152983073,3
1789152983404,2
1789152983671,1
1789152983999,0
1789152984241,1
1789152984241,0
1789152984291,1
1789152984442,0
1789152984856,1
1789152984856,0
1789152985931,1
1789152985931,0
1789152986647,1
1789152986647,0
1789152986696,1
1789152986748,2
1789152986812,1
1789152986971,0
1789152987255,1
1789152987255,0
1789152987309,1
1789152987360,2
1789152987441,1
1789152987594,0
1789152987677,1
1789152987729,2
1789152987740,1
1789152987778,2
1789152987836,3
1789152987919,2
1789152987930,3
1789152987982,4
1789152988033,5
1789152988045,4
1789152988083,5
1789152988133,6
1789152988157,5
1789152988315,4
1789152988455,3
1789152988604,2
1789152988867,3
1789152988867,2
1789152989064,1
1789152989175,2
1789152989213,1
1789152989382,2
1789152989386,1
1789152989556,0
1789152989843,0
1789152989843,0
1789152990101,1
1789152990101,0
1789152990203,1
1789152990247,0
1789152990253,1
1789152990305,2
1789152990355,3
1789152990383,2
1789152990516,1
1789152990687,0
1789152991243,1
1789152991243,0
1789152991294,1
1789152991340,0
1789152991395,1
1789152991445,2
1789152991461,1
1789152991499,2
1789152991558,1
1789152991657,0
1789152991856,1
1789152991856,0
1789152991907,1
1789152991957,2
1789152991961,1
1789152992007,2
1789152992035,1
1789152992145,0
1789152992160,1
1789152992284,0
1789152992566,1
1789152992566,0
1789152992618,1
1789152992694,0
1789152993026,1
1789152993026,0
1789152993536,1
1789152993536,0
1789152993587,1
1789152993700,0
1789152994014,1
1789152994014,0
1789152994321,1
1789152994321,0
1789152994372,1
1789152994421,0
1789152994423,1
1789152994523,0
1789152994630,1
1789152994677,0
1789152995038,1
1789152995038,0
1789152995142,1
1789152995142,0
1789152995191,1
1789152995250,0
1789152995754,1
1789152995754,0
1789152995805,1
1789152995857,2
1789152995906,1
1789152995907,2
1789152996031,1
1789152996173,0
1789152996424,1
1789152996424,0
1789152996576,1
1789152996584,0
1789152996650,1
1789152996701,2
1789152996724,1
1789152996863,0
1789152997725,1
1789152997725,0
1789152997775,1
1789152997826,2
1789152997843,1
1789152997877,2
1789152997935,1
1789152998032,0
1789152999275,1
1789152999275,0
1789152999340,1
1789152999395,0
1789152999620,0
1789152999620,0
1789152999691,1
1789152999742,0
1789152999757,1
1789152999870,0
1789153000274,1
1789153000274,0
1789153000958,1
1789153000958,0
1789153001008,1
1789153001084,0
1789153001421,1
1789153001421,0
1789153001589,1
1789153001589,0
1789153001809,1
1789153001809,0
1789153001874,1
1789153001923,2
1789153001953,1
1789153002070,0
1789153002523,0
1789153002523,0
1789153002756,0
1789153002756,0
1789153002807,1
1789153002855,0
1789153002857,1
1789153002962,0
1789153003206,1
1789153003206,0
1789153003507,1
1789153003507,0
1789153003607,1
1789153003634,0
1789153004307,1
1789153004307,0
1789153005190,1
1789153005190,0
1789153005241,1
1789153005306,0
1789153005307,1
1789153005434,0
1789153006206,1
1789153006206,0
1789153006856,1
1789153006857,0
1789153006966,1
1789153007026,2
1789153007117,3
1789153007204,2
1789153007340,3
1789153007380,2
1789153007547,1
1789153007569,2
1789153007707,1
1789153007864,0
1789153009280,1
1789153009280,0
1789153009343,1
1789153009412,0
1789153009740,1
1789153009740,0
1789153009802,1
1789153009863,0
1789153568133,0
1789153568135,0
1789153568503,1
1789153568574,2
1789153568584,1
1789153568808,2
1789153568923,3
1789153568923,4
1789153568923,5
1789153568939,6
1789153568956,5
1789153569122,6
1789153569369,5
1789153569651,6
1789153569687,5
1789153569790,6
1789153569790,7
1789153569972,6
1789153570101,7
1789153570260,6
1789153570333,7
1789153570353,8
1789153570375,9
1789153570507,8
1789153570568,9
1789153570690,8
1789153570695,9
1789153570739,10
1789153570760,11
1789153570781,12
1789153570920,11
1789153571094,10
1789153571312,9
1789153571573,10
1789153571576,9
1789153571807,8
1789153571954,9
1789153571973,10
1789153572038,11
1789153572047,10
1789153572224,9
1789153572416,10
1789153572431,9
1789153572605,10
1789153572605,11
1789153572645,10
1789153572818,9
1789153572859,10
1789153572879,11
1789153572901,12
1789153572942,13
1789153572963,14
1789153572983,15
1789153573001,14
1789153573112,15
1789153573219,16
1789153573230,15
1789153573274,16
1789153573436,15
1789153573451,16
1789153573626,15
1789153573772,16
1789153573802,17
1789153573814,18
1789153573836,19
1789153573836,18
1789153573992,17
1789153574156,16
1789153574221,17
1789153574242,18
1789153574263,19
1789153574336,18
1789153574511,17
1789153574645,18
1789153574667,19
1789153574667,18
1789153574686,19
1789153574709,20
1789153574859,19
1789153575032,18
1789153575044,19
1789153575280,18
1789153575579,17
1789153575744,18
1789153575760,17
1789153575791,18
1789153575896,19
1789153575930,20
1789153575931,19
1789153575961,20
1789153575998,21
1789153576153,20
1789153576372,19
1789153576512,20
1789153576595,19
1789153576829,18
1789153577009,17
1789153577129,18
1789153577146,19
1789153577187,18
1789153577321,19
1789153577442,18
1789153577630,19
1789153577676,20
1789153577678,19
1789153577728,20
1789153577763,21
1789153577903,20
1789153578256,19
1789153578347,20
1789153578380,21
1789153578414,22
1789153578530,21
1789153578612,22
1789153578784,21
1789153579121,20
1789153579131,21
1789153579163,22
1789153579197,23
1789153579215,24
1789153579429,23
1789153579713,24
1789153579728,25
1789153579765,26
1789153579781,27
1789153579813,28
1789153579859,29
1789153579890,30
1789153579911,29
1789153580096,30
1789153580212,31
1789153580217,30
1789153580248,31
1789153580280,32
1789153580314,33
1789153580348,34
1789153580459,33
1789153580871,32
1789153581327,31
1789153581353,32
1789153581373,33
1789153581591,32
1789153581652,33
1789153581860,34
1789153581867,33
1789153581986,34
1789153582084,33
1789153582176,34
1789153582273,33
1789153582280,34
1789153582523,35
1789153582539,34
1789153582869,35
1789153582887,36
1789153582896,35
1789153583106,36
1789153583170,37
1789153583192,38
1789153583213,39
1789153583236,40
1789153583254,39
1789153583280,40
1789153583397,41
1789153583422,42
1789153583441,43
1789153583566,44
1789153583605,43
1789153583758,44
1789153583820,45
1789153583841,44
1789153583995,45
1789153584017,46
1789153584037,47
1789153584058,48
1789153584082,49
1789153584094,48
1789153584102,49
1789153584359,48
1789153584374,49
1789153584395,50
1789153584437,51
1789153584565,52
1789153584580,51
1789153584816,50
1789153584821,51
1789153584842,52
1789153585030,53
1789153585067,52
1789153585086,53
1789153585251,52
1789153585404,53
1789153585475,52
1789153585513,53
1789153585535,54
1789153585556,55
1789153585577,56
1789153585660,57
1789153585707,56
1789153585744,57
1789153585765,58
1789153585787,59
1789153585808,60
1789153585877,59
1789153586059,58
1789153586088,59
1789153586235,60
1789153586299,59
1789153586312,60
1789153586463,61
1789153586537,60
1789153586546,61
1789153586572,62
1789153586589,63
1789153586618,64
1789153586636,65
1789153586660,66
1789153586702,67
1789153586786,66
1789153586787,67
1789153586988,66
1789153587011,67
1789153587115,68
1789153587161,67
1789153587345,66
1789153587368,67
1789153587606,66
1789153587789,65
1789153587957,64
1789153588086,65
1789153588119,66
1789153588139,65
1789153588141,66
1789153588163,67
1789153588291,68
1789153588300,67
1789153588313,68
1789153588332,69
1789153588353,70
1789153588374,71
1789153588416,72
1789153588459,71
1789153588503,72
1789153588534,73
1789153588545,74
1789153588565,75
1789153588649,74
1789153588836,73
1789153589029,72
1789153589230,73
1789153589392,72
1789153589524,73
1789153589578,74
1789153589602,75
1789153589620,74
1789153589622,75
1789153589643,76
1789153589794,75
1789153589942,76
1789153590015,75
1789153590123,76
1789153590168,77
1789153590343,76
1789153590403,77
1789153590528,78
1789153590584,77
1789153590804,76
1789153590978,77
1789153591028,76
1789153591041,77
1789153591062,78
1789153591259,79
1789153591287,78
1789153591467,79
1789153591489,80
1789153591498,79
1789153591738,78
1789153591831,79
1789153591853,80
1789153591989,79
1789153592000,80
1789153592157,79
1789153592315,78
1789153592499,77
1789153592510,78
1789153592530,79
1789153592596,80
1789153592616,81
1789153592638,82
1789153592659,83
1789153592671,82
1789153592820,81
1789153592995,82
1789153593005,81
1789153593140,82
1789153593176,81
1789153593203,82
1789153593330,81
1789153593533,80
1789153593633,81
1789153593719,82
1789153593760,81
1789153593951,82
1789153593978,81
1789153594192,80
1789153594380,79
1789153594621,78
1789153594684,79
1789153594700,80
1789153594723,81
1789153594743,82
1789153594826,83
1789153594875,84
1789153594895,83
1789153595116,82
1789153595213,83
1789153595366,82
1789153595446,83
1789153595671,82
1789153595913,83
1789153595922,84
1789153596010,85
1789153596047,86
1789153596083,87
1789153596089,86
1789153596111,87
1789153596171,88
1789153596200,89
1789153596398,90
1789153596522,89
1789153596563,90
1789153596883,89
1789153597012,90
1789153597103,89
1789153597127,90
1789153597195,91
1789153597229,92
1789153597263,93
1789153597295,94
1789153597308,93
1789153597328,94
1789153597393,95
1789153597542,94
1789153597745,93
1789153597762,94
1789153597995,93
1789153598029,94
1789153598063,95
1789153598242,94
1789153598466,93
1789153598579,94
1789153598738,93
1789153598896,94
1789153598930,95
1789153599025,94
1789153599272,93
1789153599362,94
1789153599496,93
1789153599719,92
1789153599913,91
1789153599996,92
1789153600108,91
1789153600162,92
1789153600195,93
1789153600369,92
1789153600620,91
1789153600924,90
1789153601096,91
1789153601302,90
1789153601511,91
1789153601711,90
1789153601952,89
1789153601994,90
1789153602149,91
1789153602240,92
1789153602271,93
1789153602302,92
1789153602303,93
1789153602334,94
1789153602428,95
1789153602543,96
1789153602547,95
1789153602592,96
1789153602623,97
1789153602676,98
1789153602709,99
1789153602803,98
1789153602806,99
1789153603112,100
1789153603160,101
1789153603244,100
1789153603481,101
1789153603483,100
1789153603678,101
1789153603691,100
1789153603998,101
1789153604029,102
1789153604038,101
1789153604157,102
1789153604189,103
1789153604221,104
1789153604252,105
1789153604282,104
1789153604312,105
1789153604507,104
1789153604755,103
1789153604775,104
1789153604796,105
1789153604827,106
1789153604860,107
1789153604958,106
1789153605042,107
1789153605195,108
1789153605195,107
1789153605227,108
1789153605382,107
1789153605564,106
1789153605813,107
1789153605824,106
1789153605911,107
1789153605926,108
1789153606020,109
1789153606047,110
1789153606081,111
1789153606111,112
1789153606130,113
1789153606164,112
1789153606176,113
1789153606198,114
1789153606494,113
1789153606544,114
1789153606580,115
1789153606853,116
1789153606896,115
1789153607079,116
1789153607171,115
1789153607380,114
1789153607447,115
1789153607657,114
1789153607712,115
1789153607912,116
1789153607925,115
1789153607948,116
1789153607959,117
1789153607976,118
1789153608001,119
1789153608030,120
1789153608221,121
1789153608240,122
1789153608270,121
1789153608455,122
1789153608519,123
1789153608595,122
1789153608658,123
1789153608680,124
1789153608745,125
1789153608872,124
1789153608896,125
1789153609133,126
1789153609149,125
1789153609432,126
1789153609446,125
1789153609450,126
1789153609471,127
1789153609561,128
1789153609849,127
1789153609853,128
1789153609940,129
1789153610070,130
1789153610099,131
1789153610099,132
1789153610121,133
1789153610143,134
1789153610169,133
1789153610187,134
1789153610229,135
1789153610252,136
1789153610330,137
1789153610330,138
1789153610349,139
1789153610545,138
1789153610746,139
1789153610749,140
1789153610771,141
1789153610815,142
1789153610834,143
1789153610854,144
1789153610872,143
1789153610876,144
1789153611139,143
1789153611307,144
1789153611367,145
1789153611390,146
1789153611440,145
1789153611701,144
1789153611994,143
1789153612256,142
1789153612471,141
1789153612535,142
1789153612557,143
1789153612581,144
1789153612663,145
1789153612740,144
1789153612977,145
1789153612988,146
1789153613009,147
1789153613017,146
1789153613030,147
1789153613095,148
1789153613135,149
1789153613263,150
1789153613266,149
1789153613501,148
1789153613740,147
1789153613972,146
1789153614103,147
1789153614124,148
1789153614148,149
1789153614191,150
1789153614211,151
1789153614213,150
1789153614233,151
1789153614279,152
1789153614307,153
1789153614479,152
1789153614711,153
1789153614718,152
1789153614733,153
1789153614905,154
1789153614942,153
1789153614971,154
1789153614992,155
1789153615196,156
1789153615199,155
1789153615347,156
1789153615406,155
1789153615618,154
1789153615750,155
1789153615808,156
1789153615881,155
1789153616000,156
1789153616022,157
1789153616084,158
1789153616098,157
1789153616302,158
1789153616337,157
1789153616405,158
1789153616654,157
1789153616910,156
1789153616969,157
1789153616991,158
1789153617012,159
1789153617033,160
1789153617111,159
1789153617166,160
1789153617374,159
1789153617397,160
1789153617419,161
1789153617440,162
1789153617461,163
1789153617482,164
1789153617583,163
1789153617589,164
1789153617672,165
1789153617737,166
1789153617823,165
1789153618026,164
1789153618210,163
1789153618324,164
1789153618425,163
1789153618648,164
1789153618682,163
1789153618793,164
1789153618858,165
1789153618879,166
1789153618888,165
1789153618902,166
1789153618922,167
1789153619071,168
1789153619129,169
1789153619129,170
1789153619132,169
1789153619135,170
1789153619350,169
1789153619448,170
1789153619490,171
1789153619563,170
1789153619659,171
1789153619680,172
1789153619806,171
1789153620001,170
1789153620042,171
1789153620220,170
1789153620274,171
1789153620425,172
1789153620480,171
1789153620660,172
1789153620682,173
1789153620696,172
1789153620855,173
1789153620905,172
1789153621134,173
1789153621145,172
1789153621345,173
1789153621371,172
1789153621372,173
1789153621410,174
1789153621430,175
1789153621451,176
1789153621472,177
1789153621580,178
1789153621622,177
1789153621816,178
1789153621839,179
1789153621890,180
1789153621902,181
1789153621913,180
1789153621923,181
1789153622124,182
1789153622168,181
1789153622172,182
1789153622315,183
1789153622401,182
1789153622607,183
1789153622612,184
1789153622656,183
1789153622772,184
1789153622794,185
1789153622857,186
1789153622878,187
1789153622882,186
1789153622900,187
1789153622920,188
1789153622942,189
1789153623065,188
1789153623176,189
1789153623197,190
1789153623239,191
1789153623289,190
1789153623490,189
1789153623683,190
1789153623700,189
1789153623705,190
1789153623854,191
1789153623919,192
1789153623966,191
1789153624054,192
1789153624074,193
1789153624187,192
1789153624244,193
1789153624351,194
1789153624438,193
1789153624521,194
1789153624565,195
1789153624586,196
1789153624622,197
1789153624628,198
1789153624683,197
1789153624769,198
1789153624855,199
1789153624894,198
1789153624940,199
1789153624963,200
1789153624983,201
1789153625005,202
1789153625027,203
1789153625049,204
1789153625098,203
1789153625327,202
1789153625536,201
1789153625600,202
1789153625730,201
1789153625900,200
1789153626053,199
1789153626230,198
1789153626240,199
1789153626262,200
1789153626282,201
1789153626303,202
1789153626446,201
1789153626642,200
1789153626768,201
1789153626794,200
1789153626964,199
1789153627121,198
1789153627290,197
1789153627465,196
1789153627603,195
1789153627674,196
1789153627696,197
1789153627716,198
1789153627738,199
1789153627751,198
1789153627781,199
1789153627803,200
1789153627864,201
1789153627924,200
1789153627982,201
1789153628004,202
1789153628024,203
1789153628084,202
1789153628088,203
1789153628172,204
1789153628238,203
1789153628442,202
1789153628472,203
1789153628493,204
1789153628603,203
1789153628684,204
1789153628779,203
1789153628833,204
1789153628990,203
1789153629101,204
1789153629143,203
1789153629270,204
1789153629302,203
1789153629356,204
1789153629415,205
1789153629415,206
1789153629417,207
1789153629438,208
1789153629498,209
1789153629521,208
1789153629689,207
1789153629797,208
1789153629818,209
1789153629839,210
1789153629900,209
1789153629979,210
1789153630104,211
1789153630108,210
1789153630269,209
1789153630364,210
1789153630406,211
1789153630437,210
1789153630651,209
1789153630810,210
1789153630835,209
1789153630933,210
1789153630995,209
1789153631193,208
1789153631387,207
1789153631595,206
1789153631676,207
1789153631816,206
1789153632006,205
1789153632180,204
1789153632251,205
1789153632272,206
1789153632317,207
1789153632393,206
1789153632424,207
1789153632446,208
1789153632466,209
1789153632622,208
1789153632868,207
1789153633043,206
1789153633206,205
1789153633266,206
1789153633352,207
1789153633372,206
1789153633413,207
1789153633416,208
1789153633438,209
1789153633459,210
1789153633517,211
1789153633569,210
1789153633602,211
1789153633738,210
1789153633752,211
1789153633772,212
1789153633794,213
1789153633904,212
1789153634095,211
1789153634282,210
1789153634320,211
1789153634341,212
1789153634476,211
1789153634592,212
1789153634687,211
1789153634862,210
1789153635044,211
1789153635055,210
1789153635265,209
1789153635369,210
1789153635389,211
1789153635410,212
1789153635424,211
1789153635619,210
1789153635625,211
1789153635673,212
1789153635673,213
1789153635821,214
1789153635826,213
1789153635842,214
1789153635862,215
1789153635884,216
1789153635925,217
1789153635946,218
1789153635966,219
1789153635982,218
1789153635989,219
1789153636009,220
1789153636121,219
1789153636311,219
1789153636311,219
1789153636438,220
1789153636518,219
1789153636522,220
1789153636698,219
1789153636715,220
1789153636823,221
1789153636869,222
1789153636869,221
1789153636891,222
1789153636914,223
1789153636934,224
1789153637041,223
1789153637211,222
1789153637294,223
1789153637326,224
1789153637369,225
1789153637389,226
1789153637390,225
1789153637410,226
1789153637544,225
1789153637559,226
1789153637580,227
1789153637602,228
1789153637624,229
1789153637701,230
1789153637723,229
1789153637865,230
1789153637874,229
1789153637888,230
1789153638003,229
1789153638058,230
1789153638170,229
1789153638303,230
1789153638308,229
1789153638324,230
1789153638463,229
1789153638495,230
1789153638652,231
1789153638652,232
1789153638665,233
1789153638683,232
1789153638776,233
1789153638898,232
1789153638948,233
1789153638989,234
1789153639011,235
1789153639071,234
1789153639243,235
1789153639265,236
1789153639266,235
1789153639307,236
1789153639328,237
1789153639418,236
1789153639541,237
1789153639601,236
1789153639604,237
1789153639625,238
1789153639646,239
1789153639784,238
1789153639977,237
1789153640083,238
1789153640103,239
1789153640124,240
1789153640133,239
1789153640145,240
1789153640322,239
1789153640505,238
1789153640649,239
1789153640669,238
1789153640670,239
1789153640788,240
1789153640797,241
1789153640818,242
1789153640849,241
1789153641017,240
1789153641019,241
1789153641200,240
1789153641277,241
1789153641296,242
1789153641460,241
1789153641469,242
1789153641533,243
1789153641616,244
1789153641637,245
1789153641659,246
1789153641659,245
1789153641833,244
1789153641871,245
1789153641956,246
1789153641977,247
1789153642010,246
1789153642017,247
1789153642143,248
1789153642174,247
1789153642248,248
1789153642292,249
1789153642335,248
1789153642549,247
1789153642558,248
1789153642699,247
1789153642845,246
1789153642878,247
1789153642899,248
1789153642943,249
1789153643055,248
1789153643229,247
1789153643281,248
1789153643390,247
1789153643513,248
1789153643564,249
1789153643566,248
1789153643588,249
1789153643608,250
1789153643692,251
1789153643718,250
1789153643778,251
1789153643873,250
1789153644030,249
1789153644185,248
1789153644330,247
1789153644377,248
1789153644400,249
1789153644513,248
1789153644555,249
1789153644575,250
1789153644646,249
1789153644783,248
1789153644953,247
1789153645116,246
1789153645297,245
1789153645449,244
1789153645585,243
1789153645754,242
1789153645907,241
1789153646057,240
1789153646239,239
1789153646453,238
1789153646717,237
1789153646954,236
1789153647118,235
1789153647292,234
1789153647491,233
1789153647648,232
1789153647793,231
1789153647982,230
1789153648140,229
1789153648280,228
1789153648473,227
1789153648653,226
1789153648881,225
1789153649086,224
1789153649263,223
1789153649441,222
1789153649639,221
1789153649824,220
1789153650003,219
1789153650195,218
1789153650352,217
1789153650529,216
1789153650715,215
1789153650867,214
1789153651028,213
1789153651208,212
1789153651422,211
1789153651612,210
1789153651809,209
1789153651959,208
1789153652101,207
1789153652269,206
1789153652416,205
1789153652567,204
1789153652770,203
1789153652952,202
1789153653165,201
1789153653335,200
1789153653528,199
1789153653759,198
1789153653925,197
1789153654112,196
1789153654295,195
1789153654455,194
1789153654613,193
1789153654785,192
1789153654933,191
1789153655082,190
1789153655250,189
1789153655401,188
1789153655555,187
1789153655732,186
1789153655885,185
1789153656034,184
1789153656214,183
1789153656390,182
1789153656582,181
1789153656783,180
1789153656926,179
1789153657083,178
1789153657238,177
1789153657390,176
1789153657534,175
1789153657739,174
1789153657919,173
1789153658089,172
1789153658300,171
1789153658447,170
1789153658644,169
1789153658824,168
1789153658990,167
1789153659145,166
1789153659306,165
1789153659446,164
1789153659594,163
1789153659774,162
1789153659929,161
1789153660082,160
1789153660257,159
1789153660386,158
1789153660527,157
1789153660710,156
1789153660847,155
1789153660987,154
1789153661179,153
1789153661319,152
1789153661533,151
1789153661706,150
1789153661868,149
1789153662031,148
1789153662173,147
1789153662305,146
1789153662475,145
1789153662618,144
1789153662791,143
1789153663039,142
1789153663207,141
1789153663385,140
1789153663553,139
1789153663777,138
1789153663962,137
1789153664119,136
1789153664279,135
1789153664433,134
1789153664580,133
1789153664766,132
1789153664923,131
1789153665095,130
1789153665305,129
1789153665461,128
1789153665609,127
1789153665783,126
1789153665922,125
1789153666065,124
1789153666226,123
1789153666383,122
1789153666546,121
1789153666744,120
1789153666897,119
1789153667046,118
1789153667223,117
1789153667386,116
1789153667552,115
1789153667729,114
1789153667879,113
1789153668026,112
1789153668197,111
1789153668342,110
1789153668490,109
1789153668672,108
1789153668816,107
1789153668971,106
1789153669148,105
1789153669377,104
1789153669527,103
1789153669691,102
1789153669837,101
1789153669973,100
1789153670141,99
1789153670288,98
1789153670420,97
1789153670584,96
1789153670718,95
1789153670899,94
1789153671048,93
1789153671189,92
1789153671390,91
1789153671566,90
1789153671729,89
1789153671904,88
1789153672054,87
1789153672191,86
1789153672361,85
1789153672497,84
1789153672643,83
1789153672809,82
1789153672950,81
1789153673094,80
1789153673254,79
1789153673392,78
1789153673525,77
1789153673688,76
1789153673832,75
1789153673974,74
1789153674170,73
1789153674323,72
1789153674464,71
1789153674642,70
1789153674783,69
1789153674925,68
1789153675109,67
1789153675245,66
1789153675395,65
1789153675564,64
1789153675705,63
1789153675837,62
1789153675997,61
1789153676137,60
1789153676285,59
1789153676472,58
1789153676633,57
1789153676792,56
1789153676964,55
1789153677112,54
1789153677248,53
1789153677413,52
1789153677568,51
1789153677708,50
1789153677884,49
1789153678023,48
1789153678163,47
1789153678329,46
1789153678477,45
1789153678622,44
1789153678792,43
1789153678923,42
1789153679073,41
1789153679257,40
1789153679398,39
1789153679529,38
1789153679698,37
1789153679839,36
1789153680027,35
1789153680195,34
1789153680354,33
1789153680528,32
1789153680665,31
1789153680806,30
1789153680963,29
1789153681103,28
1789153681228,27
1789153681416,26
1789153681606,25
1789153681792,24
1789153681953,23
1789153682083,22
1789153682208,21
1789153682363,20
1789153682504,19
1789153682633,18
1789153682799,17
1789153682923,16
1789153683035,15
1789153683149,14
1789153683289,13
1789153683416,12
1789153683542,11
1789153683661,10
1789153683804,9
1789153683919,8
1789153684041,7
1789153684192,6
1789153684331,5
1789153684460,4
1789153684595,3
1789153684740,2
1789153684854,1
1789153684974,0
