1789152630050,1
1789152630050,0
1789152630132,1
1789152630286,2
1789152630359,1
1789152630610,0
1789152630655,1
1789152630811,0
1789152631113,1
1789152631193,2
1789152631282,1
1789152631315,2
1789152631415,3
1789152631455,4
1789152631509,5
1789152631558,6
1789152631660,5
1789152631936,6
1789152631944,5
1789152631987,6
1789152632040,7
1789152632428,6
1789152632755,5
1789152632964,4
1789152633144,5
1789152633196,6
1789152633196,5
1789152633263,6
1789152633399,5
1789152633543,4
1789152633701,3
1789152633885,2
1789152634052,1
1789152634218,0
1789152634759,1
1789152634759,0
1789152635182,1
1789152635182,0
1789152635242,1
1789152635419,0
1789152635734,1
1789152635734,0
1789152635836,1
1789152635867,0
1789152635886,1
1789152635988,2
1789152635995,1
1789152636039,2
1789152636093,3
1789152636118,2
1789152636194,3
1789152636240,2
1789152636244,3
1789152636351,2
1789152636517,1
1789152636706,2
1789152636708,1
1789152636839,2
1789152636860,3
1789152636920,2
1789152636972,3
1789152637023,4
1789152637076,5
1789152637082,4
1789152637261,3
1789152637282,4
1789152637580,3
1789152637821,2
1789152637824,3
1789152637875,4
1789152637977,3
1789152638101,2
1789152638130,3
1789152638220,2
1789152638331,3
1789152638356,2
1789152638385,3
1789152638529,2
1789152638641,1
1789152638774,0
1789152638792,1
1789152638842,2
1789152638938,1
1789152639071,0
1789152639098,1
1789152639182,0
1789152639404,0
1789152639404,0
1789152639455,1
1789152639506,2
1789152639549,1
1789152639557,2
1789152639710,1
1789152639873,0
1789152640706,1
1789152640706,0
1789152640758,1
1789152640810,2
1789152640891,1
1789152641067,0
1789152641638,1
1789152641638,0
1789152641691,1
1789152641783,0
1789152642263,1
1789152642263,0
1789152642415,1
1789152642415,0
1789152642477,1
1789152642529,2
1789152642529,1
1789152642579,2
1789152642625,1
1789152642680,2
1789152642709,1
1789152642795,0
1789152643240,1
1789152643240,0
1789152643392,1
1789152643392,0
1789152643443,1
1789152643466,0
1789152643496,1
1789152643532,0
1789152643545,1
1789152643595,2
1789152643616,1
1789152643684,0
1789152643750,1
1789152643779,0
1789152643803,1
1789152643851,0
1789152645637,1
1789152645637,0
1789152646197,1
1789152646197,0
1789152646248,1
1789152646260,0
1789152646653,1
1789152646653,0
1789152646704,1
1789152646714,0
1789152646755,1
1789152646783,0
1789152646807,1
1789152646843,0
1789152646859,1
1789152646902,0
1789152646912,1
1789152646965,0
1789152647012,1
1789152647029,0
1789152647064,1
1789152647089,0
1789152647579,1
1789152647579,0
1789152647986,1
1789152647986,0
1789152648037,1
1789152648050,0
1789152648088,1
1789152648111,0
1789152648909,1
1789152648909,0
1789152649518,1
1789152649518,0
1789152649569,1
1789152649578,0
1789152649620,1
1789152649642,0
1789152649722,1
1789152649733,0
1789152649773,1
1789152649806,0
1789152649824,1
1789152649868,0
1789152650536,0
1789152650536,0
1789152650587,1
1789152650601,0
1789152650841,1
1789152650841,0
1789152650993,1
1789152650993,0
1789152651354,1
1789152651354,0
1789152651455,1
1789152651455,0
1789152651508,1
1789152651515,0
1789152651559,1
1789152651581,0
1789152651965,1
1789152651965,0
1789152652475,1
1789152652475,0
1789152652526,1
1789152652604,0
1789152653088,1
1789152653088,0
1789152653138,1
1789152653188,2
1789152653223,1
1789152653241,2
1789152653342,3
1789152653344,2
1789152653543,1
1789152653699,0
1789152653751,1
1789152653802,2
1789152653829,1
1789152653852,2
1789152653950,1
1789152653954,2
1789152654057,3
1789152654067,2
1789152654107,3
1789152654161,4
1789152654171,3
1789152654209,4
1789152654257,3
1789152654348,2
1789152654431,1
1789152654526,0
1789152654871,1
1789152654871,0
1789152655537,1
1789152655537,0
1789152655585,1
1789152655637,2
1789152655646,1
1789152655687,2
1789152655740,1
1789152655840,0
1789152657216,1
1789152657216,0
1789152657318,1
1789152657318,0
1789152657375,1
1789152657384,0
1789152657929,0
1789152657930,0
1789152657980,1
1789152658008,0
1789152658034,1
1789152658068,0
1789152658085,1
1789152658140,0
1789152658442,1
1789152658442,0
1789152658492,1
1789152658501,0
1789152658544,1
1789152658562,0
1789152659259,1
1789152659259,0
1789152659309,1
1789152659320,0
1789152659362,1
1789152659381,0
1789152659568,1
1789152659568,0
1789152660228,1
1789152660228,0
1789152660279,1
1789152660346,0
1789152660686,1
1789152660686,0
1789152661042,0
1789152661042,0
1789152661094,1
1789152661124,0
1789152661350,1
1789152661350,0
1789152661401,1
1789152661410,0
1789152661453,1
1789152661471,0
1789152661503,1
1789152661543,0
1789152662732,1
1789152662732,0
1789152663296,1
1789152663296,0
1789152663345,1
1789152663380,0
1789152663396,1
1789152663459,0
1789152664416,1
1789152664416,0
1789152664620,1
1789152664620,0
1789152664923,1
1789152664923,0
1789152664974,1
1789152665031,0
1789152665434,1
1789152665434,0
1789152665485,1
1789152665516,0
1789152665590,1
1789152665595,0
1789152666506,1
1789152666506,0
1789152666865,1
1789152666865,0
1789152666966,1
1789152666967,0
1789152667630,1
1789152667630,0
1789152667682,1
1789152667721,0
1789152667735,1
1789152667784,2
1789152667793,1
1789152667861,0
1789152668341,1
1789152668341,0
1789152668399,1
1789152668414,0
1789152668594,1
1789152668594,0
1789152668645,1
1789152668663,0
1789152668697,1
1789152668725,0
1789152668749,1
1789152668790,0
1789152669413,1
1789152669413,0
1789152669919,0
1789152669919,0
1789152669969,1
1789152670029,0
1789152671341,1
1789152671341,0
1789152671393,1
1789152671404,0
1789152671493,1
1789152671493,0
1789152671547,1
1789152671555,0
1789152671597,1
1789152671617,0
1789152671649,1
1789152671682,0
1789152671751,1
1789152671751,0
1789152671956,1
1789152671956,0
1789152672973,1
1789152672973,0
1789152673024,1
1789152673036,0
1789152673075,1
1789152673096,0
1789152673382,1
1789152673382,0
1789152673941,1
1789152673941,0
1789152673991,1
1789152674003,0
1789152674043,1
1789152674065,0
1789152675061,1
1789152675061,0
1789152676796,1
1789152676796,0
1789152676849,1
1789152676901,2
1789152676952,3
1789152677049,2
1789152677207,3
1789152677311,2
1789152677535,1
1789152677747,0
1789152677786,1
1789152677822,2
1789152677874,3
1789152677924,4
1789152677975,5
1789152678014,4
1789152678237,3
1789152678490,2
1789152678795,1
1789152678830,2
1789152678879,3
1789152678930,4
1789152679127,3
1789152679401,2
1789152679493,3
1789152679672,2
1789152679826,3
1789152679878,4
1789152679886,3
1789152679928,4
1789152680030,5
1789152680081,6
1789152680126,5
1789152680234,6
1789152680453,5
1789152680768,4
1789152681020,3
1789152681089,4
1789152681121,5
1789152681258,4
1789152681326,5
1789152681377,6
1789152681427,7
1789152681455,6
1789152681478,7
1789152681683,8
1789152681693,7
1789152681748,8
1789152681898,7
1789152682121,6
1789152682156,7
1789152682292,8
1789152682308,9
1789152682364,8
1789152682374,9
1789152682425,10
1789152682480,11
1789152682526,12
1789152682569,11
1789152682628,12
1789152682680,13
1789152682730,14
1789152682758,13
1789152682963,12
1789152683206,11
1789152683397,10
1789152683525,11
1789152683555,10
1789152683626,11
1789152683788,10
1789152684010,9
1789152684034,10
1789152684085,11
1789152684231,10
1789152684238,11
1789152684290,12
1789152684342,13
1789152684393,14
1789152684461,15
1789152684468,14
1789152684497,15
1789152684547,16
1789152684682,15
1789152684894,14
1789152684957,15
1789152685111,14
1789152685162,15
1789152685418,14
1789152685647,13
1789152685775,14
1789152685826,15
1789152685831,14
1789152685876,15
1789152686033,14
1789152686132,15
1789152686183,16
1789152686225,15
1789152686415,14
1789152686592,15
1789152686621,14
1789152686641,15
1789152686803,14
1789152686996,13
1789152687156,14
1789152687197,13
1789152687207,14
1789152687257,15
1789152687308,16
1789152687360,17
1789152687440,16
1789152687441,17
1789152687595,18
1789152687643,17
1789152687645,18
1789152687807,17
1789152687936,16
1789152688116,15
1789152688357,14
1789152688564,13
1789152688740,12
1789152688876,11
1789152689026,10
1789152689038,11
1789152689137,10
1789152689246,9
1789152689379,8
1789152689564,7
1789152689701,8
1789152689714,7
1789152689753,8
1789152689803,9
1789152689859,8
1789152690056,7
1789152690256,6
1789152690393,5
1789152690423,6
1789152690525,5
1789152690634,6
1789152690645,5
1789152690769,4
1789152690890,3
1789152691057,2
1789152691220,1
1789152691348,0
1789152691414,1
1789152691466,2
1789152691499,1
1789152691637,0
1789152691645,1
1789152691769,0
1789152691850,1
1789152691940,0
1789152693396,1
1789152693396,0
1789152693651,1
1789152693651,0
1789152693702,1
1789152693743,0
1789152693753,1
1789152693856,2
1789152693862,1
1789152693907,2
1789152693980,1
1789152694059,2
1789152694087,1
1789152694192,0
1789152694415,1
1789152694415,0
1789152694466,1
1789152694489,0
1789152694517,1
1789152694579,0
1789152694618,1
1789152694655,0
1789152694668,1
1789152694719,2
1789152694721,1
1789152694770,2
1789152694784,1
1789152694860,0
1789152695277,1
1789152695277,0
1789152695382,0
1789152695382,0
1789152695738,1
1789152695738,0
1789152695992,1
1789152695992,0
1789152696244,0
1789152696246,0
1789152697258,1
1789152697258,0
1789152697717,1
1789152697717,0
1789152697768,1
1789152697842,0
1789152697870,1
1789152697920,2
1789152698049,1
1789152698170,0
1789152698939,1
1789152698939,0
1789152698991,1
1789152699037,0
1789152699042,1
1789152699094,2
1789152699132,1
1789152699240,0
1789152699246,1
1789152699356,0
1789152699910,1
1789152699910,0
1789152699960,1
1789152700012,2
1789152700029,1
1789152700061,2
1789152700113,3
1789152700142,2
1789152700213,3
1789152700233,2
1789152700333,1
1789152700438,0
1789152700727,0
1789152700727,0
1789152700826,1
1789152700827,0
1789152701589,1
1789152701589,0
1789152701639,1
1789152701658,0
1789152702046,1
1789152702046,0
1789152702203,1
1789152702203,0
1789152702253,1
1789152702322,0
1789152703281,1
1789152703281,0
1789152703332,1
1789152703382,2
1789152703396,1
1789152703432,2
1789152703495,1
1789152703619,0
1789152704250,1
1789152704250,0
1789152704301,1
1789152704344,0
1789152704353,1
1789152704403,2
1789152704428,1
1789152704509,0
1789152704962,1
1789152704962,0
1789152705012,1
1789152705088,0
1789152705113,1
1789152705164,2
1789152705226,1
1789152705343,0
1789152705573,1
1789152705573,0
1789152706078,1
1789152706078,0
1789152706129,1
1789152706160,0
1789152706180,1
1789152706251,0
1789152706433,1
1789152706433,0
1789152706484,1
1789152706515,0
1789152706586,1
1789152706590,0
1789152706993,1
1789152706993,0
1789152707045,1
1789152707054,0
1789152707095,1
1789152707116,0
1789152707197,1
1789152707197,0
1789152707247,1
1789152707259,0
1789152707299,1
1789152707321,0
1789152707914,1
1789152707914,0
1789152708016,1
1789152708016,0
1789152708066,1
1789152708077,0
1789152708169,0
1789152708169,0
1789152708220,1
1789152708234,0
1789152708271,1
1789152708292,0
1789152709288,1
1789152709288,0
1789152709339,1
1789152709348,0
1789152709391,1
1789152709405,0
1789152709948,1
1789152709948,0
1789152710001,1
1789152710060,0
1789152710254,1
1789152710254,0
1789152710312,1
1789152710341,0
1789152710356,1
1789152710414,0
1789152711270,1
1789152711270,0
1789152711322,1
1789152711364,0
1789152711371,1
1789152711446,0
1789152711726,1
1789152711726,0
1789152712491,1
1789152712491,0
1789152712542,1
1789152712556,0
1789152712593,1
1789152712617,0
1789152712643,1
1789152712682,0
1789152713203,1
1789152713203,0
1789152713254,1
1789152713268,0
1789152714636,0
1789152714636,0
1789152715253,0
1789152715253,0
1789152715303,1
1789152715346,0
1789152715659,0
1789152715659,0
1789152715762,1
1789152715762,0
1789152715812,1
1789152715833,0
1789152715864,1
1789152715896,0
1789152715915,1
1789152715961,0
1789152715967,1
1789152716018,2
1789152716018,1
1789152716068,2
1789152716079,1
1789152716134,0
1789152716221,0
1789152716221,0
1789152716580,1
1789152716580,0
1789152716631,1
1789152716641,0
1789152717361,1
1789152717361,0
1789152717413,1
1789152717427,0
1789152717465,1
1789152717492,0
1789152717515,1
1789152717555,0
1789152717617,1
1789152717623,0
1789152717830,0
1789152717830,0
1789152718640,0
1789152718641,0
1789152718791,1
1789152718791,0
1789152719051,1
1789152719051,0
1789152719109,1
1789152719118,0
1789152719316,1
1789152719316,0
1789152719366,1
1789152719374,0
1789152719417,1
1789152719439,0
1789152719467,1
1789152719502,0
1789152719569,1
1789152719571,0
1789152720027,1
1789152720027,0
1789152720080,1
1789152720158,0
1789152720749,1
1789152720749,0
1789152720952,1
1789152720952,0
1789152721459,1
1789152721459,0
1789152721616,1
1789152721616,0
1789152721667,1
1789152721706,0
1789152722183,1
1789152722183,0
1789152722539,1
1789152722539,0
1789152722741,0
1789152722741,0
1789152722793,1
1789152722801,0
1789152722844,1
1789152722859,0
1789152723453,1
1789152723453,0
1789152723556,1
1789152723556,0
1789152723607,1
1789152723623,0
1789152723657,1
1789152723688,0
1789152723912,0
1789152723913,0
1789152723963,1
1789152723978,0
1789152724014,1
1789152724045,0
1789152724118,1
1789152724118,0
1789152724475,1
1789152724475,0
1789152724626,1
1789152724626,0
1789152725453,1
1789152725453,0
1789152725861,1
1789152725861,0
1789152725912,1
1789152725934,0
1789152726013,1
1789152726013,0
1789152726065,1
1789152726076,0
1789152726421,1
1789152726421,0
1789152727292,1
1789152727292,0
1789152728325,0
1789152728326,0
1789152728376,1
1789152728385,0
1789152729357,1
1789152729358,0
1789152729503,0
1789152729503,0
1789152729758,1
1789152729758,0
1789152729810,1
1789152729837,0
1789152730522,1
1789152730522,0
1789152730573,1
1789152730624,2
1789152730648,1
1789152730743,0
1789152730879,1
1789152730879,0
1789152730982,1
1789152730992,0
1789152731035,1
1789152731084,2
1789152731086,1
1789152731135,2
1789152731163,1
1789152731238,2
1789152731238,1
1789152731305,0
1789152731338,1
1789152731382,0
1789152731389,1
1789152731451,0
1789152731697,1
1789152731697,0
1789152731749,1
1789152731791,0
1789152731850,1
1789152731884,0
1789152731901,1
1789152731965,0
1789152732159,0
1789152732159,0
1789152732413,1
1789152732413,0
1789152732921,1
1789152732921,0
1789152732972,1
1789152732997,0
1789152733022,1
1789152733058,0
1789152733074,1
1789152733118,0
1789152733381,1
1789152733381,0
1789152733584,0
1789152733584,0
1789152733634,1
1789152733656,0
1789152733685,1
1789152733716,0
1789152733736,1
1789152733783,0
1789152734345,0
1789152734345,0
1789152734599,1
1789152734599,0
1789152734649,1
1789152734668,0
1789152734852,1
1789152734852,0
1789152734905,1
1789152734933,0
1789152734954,1
1789152735005,2
1789152735015,1
1789152735121,0
1789152735675,0
1789152735675,0
1789152735778,1
1789152735778,0
1789152735827,1
1789152735845,0
1789152735878,1
1789152735914,0
1789152735928,1
1789152735971,0
1789152735978,1
1789152736027,0
1789152736335,1
1789152736335,0
1789152736386,1
1789152736407,0
1789152736438,1
1789152736473,0
1789152736487,1
1789152736537,0
1789152736640,0
1789152736640,0
1789152737049,0
1789152737050,0
1789152737098,1
1789152737113,0
1789152737609,1
1789152737609,0
1789152737659,1
1789152737682,0
1789152738574,1
1789152738574,0
1789152738625,1
1789152738643,0
1789152738677,1
1789152738709,0
1789152738979,0
1789152738982,0
1789152739234,1
1789152739234,0
1789152739285,1
1789152739292,0
1789152739336,1
1789152739356,0
1789152739590,1
1789152739590,0
1789152739946,1
1789152739946,0
1789152741478,0
1789152741478,0
1789152741584,1
1789152741597,0
1789152742447,1
1789152742447,0
1789152742956,1
1789152742956,0
1789152743009,1
1789152743032,0
1789152743111,1
1789152743111,0
1789152743161,1
1789152743175,0
1789152743212,1
1789152743236,0
1789152743263,1
1789152743298,0
1789152743517,1
1789152743517,0
1789152744278,1
1789152744278,0
1789152744349,1
1789152744352,0
1789152744399,1
1789152744420,0
1789152744500,1
1789152744500,0
1789152745266,1
1789152745266,0
1789152745318,1
1789152745344,0
1789152745369,1
1789152745425,0
1789152746181,1
1789152746181,0
1789152746232,1
1789152746249,0
1789152746283,1
1789152746309,0
1789152746336,1
1789152746377,0
1789152746438,1
1789152746448,0
1789152746488,1
1789152746518,0
1789152746539,1
1789152746590,2
1789152746602,1
1789152746640,2
1789152746673,1
1789152746760,0
1789152747455,1
1789152747455,0
1789152747506,1
1789152747557,2
1789152747566,1
1789152747609,2
1789152747660,1
1789152747760,2
1789152747771,1
1789152747921,0
1789152747965,1
1789152748016,2
1789152748038,1
1789152748066,2
1789152748159,1
1789152748263,0
1789152748272,1
1789152748322,2
1789152748366,1
1789152748373,2
1789152748490,1
1789152748598,0
1789152749252,1
1789152749252,0
1789152749301,1
1789152749368,0
1789152749404,1
1789152749455,2
1789152749476,1
1789152749509,2
1789152749558,3
1789152749573,2
1789152749670,1
1789152749711,2
1789152749773,1
1789152749864,2
1789152749869,1
1789152749917,2
1789152749966,3
1789152749966,2
1789152750017,3
1789152750056,2
1789152750163,1
1789152750220,2
1789152750271,1
1789152750369,0
1789152751033,1
1789152751033,0
1789152751345,1
1789152751345,0
1789152751396,1
1789152751417,0
1789152751447,1
1789152751478,0
1789152751497,1
1789152751537,0
1789152751701,0
1789152751701,0
1789152751752,1
1789152751764,0
1789152752006,1
1789152752006,0
1789152754715,1
1789152754715,0
1789152754918,1
1789152754918,0
1789152754969,1
1789152755002,0
1789152755020,1
1789152755071,2
1789152755086,1
1789152755173,2
1789152755180,1
1789152755224,2
1789152755271,1
1789152755274,2
1789152755332,3
1789152755340,2
1789152755381,3
1789152755399,2
1789152755458,1
1789152755531,0
1789152755689,1
1789152755689,0
1789152756148,1
1789152756148,0
1789152756403,1
1789152756403,0
1789152756658,1
1789152756658,0
1789152757625,1
1789152757625,0
1789152758034,0
1789152758034,0
1789152758390,1
1789152758390,0
1789152758440,1
1789152758453,0
1789152758595,1
1789152758595,0
1789152758644,1
1789152758676,0
1789152758694,1
1789152758738,0
1789152758746,1
1789152758799,0
1789152759357,1
1789152759357,0
1789152759458,1
1789152759458,0
1789152759508,1
1789152759531,0
1789152759762,1
1789152759762,0
1789152760077,1
1789152760077,0
1789152760129,1
1789152760180,2
1789152760182,1
1789152760232,2
1789152760255,1
1789152760323,0
1789152760897,0
1789152760899,0
1789152761255,0
1789152761255,0
1789152761306,1
1789152761310,0
1789152761918,0
1789152761918,0
1789152762476,1
1789152762476,0
1789152762936,1
1789152762936,0
1789152762984,1
1789152762997,0
1789152763036,1
1789152763054,0
1789152763087,1
1789152763110,0
1789152763139,1
1789152763165,0
1789152764209,1
1789152764209,0
1789152764463,0
1789152764467,0
1789152764513,1
1789152764519,0
1789152764565,1
1789152764574,0
1789152765640,1
1789152765640,0
1789152765689,1
1789152765704,0
1789152766097,1
1789152766097,0
1789152766147,1
1789152766157,0
1789152766250,1
1789152766250,0
1789152766300,1
1789152766309,0
1789152766351,1
1789152766366,0
1789152766605,0
1789152766605,0
1789152766656,1
1789152766662,0
1789152766808,1
1789152766808,0
1789152767166,1
1789152767166,0
1789152767320,1
1789152767320,0
1789152767369,1
1789152767375,0
1789152767420,1
1789152767433,0
1789152767471,1
1789152767488,0
1789152767572,1
1789152767572,0
1789152767646,1
1789152767646,0
1789152767850,1
1789152767850,0
1789152767901,1
1789152767906,0
1789152767952,1
1789152767960,0
1789152768003,1
1789152768016,0
1789152768104,1
1789152768104,0
1789152768359,1
1789152768359,0
1789152768409,1
1789152768417,0
1789152768467,1
1789152768472,0
1789152768822,1
1789152768822,0
1789152768875,1
1789152768878,0
1789152768924,1
1789152768932,0
1789152768975,1
1789152768990,0
1789152769076,1
1789152769076,0
1789152769178,1
1789152769178,0
1789152769228,1
1789152769232,0
1789152770449,1
1789152770449,0
1789152771265,1
1789152771265,0
1789152771319,1
1789152771323,0
1789152771369,1
1789152771379,0
1789152771725,1
1789152771725,0
1789152771781,1
1789152771787,0
1789152771833,1
1789152771844,0
1789152771882,1
1789152771899,0
1789152772039,1
1789152772039,0
1789152772241,1
1789152772241,0
1789152772291,1
1789152772297,0
1789152772342,1
1789152772352,0
1789152772546,1
1789152772546,0
1789152772597,1
1789152772616,0
1789152774881,1
1789152774881,0
1789152775921,1
1789152775921,0
1789152775970,1
1789152775981,0
1789152776021,1
1789152776039,0
1789152776072,1
1789152776096,0
1789152776532,1
1789152776532,0
1789152777293,1
1789152777293,0
1789152777345,1
1789152777351,0
1789152777446,1
1789152777446,0
1789152778362,1
1789152778362,0
1789152778413,1
1789152778420,0
1789152778718,1
1789152778718,0
1789152778821,1
1789152778821,0
1789152778871,1
1789152778876,0
1789152778922,1
1789152778931,0
1789152779023,1
1789152779024,0
1789152779074,1
1789152779079,0
1789152779125,1
1789152779134,0
1789152779939,1
1789152779939,0
1789152780813,1
1789152780813,0
1789152780863,1
1789152780946,0
1789152781168,1
1789152781168,0
1789152781220,1
1789152781252,0
1789152781437,1
1789152781437,0
1789152781476,1
1789152781528,2
1789152781578,3
1789152781583,2
1789152781695,1
1789152781731,2
1789152781811,1
1789152781883,2
1789152781911,1
1789152782022,0
1789152782702,0
1789152782702,0
1789152784605,1
1789152784605,0
1789152785064,1
1789152785064,0
1789152785116,1
1789152785150,0
1789152785677,1
1789152785677,0
1789152785727,1
1789152785740,0
1789152786287,1
1789152786287,0
1789152786339,1
1789152786346,0
1789152786391,1
1789152786405,0
1789152786441,1
1789152786460,0
1789152786491,1
1789152786516,0
1789152786592,1
1789152786592,0
1789152787467,0
1789152787468,0
1789152788083,0
1789152788083,0
1789152788439,1
1789152788439,0
1789152789153,1
1789152789153,0
1789152789204,1
1789152789210,0
1789152789255,1
1789152789268,0
1789152789305,1
1789152789324,0
1789152789355,1
1789152789379,0
1789152789921,1
1789152789921,0
1789152789971,1
1789152789989,0
1789152790023,1
1789152790066,0
1789152790176,0
1789152790176,0
1789152790228,1
1789152790276,0
1789152790277,1
1789152790328,2
1789152790359,1
1789152790429,0
1789152790483,1
1789152790508,0
1789152836133,0
1789152836133,1
1789152836183,1
1789152836337,0
1789152836362,1
1789152836545,0
1789152836667,1
1789152836692,0
1789152837158,1
1789152837158,0
1789152837209,1
1789152837334,2
1789152837403,1
1789152837436,2
1789152837487,3
1789152837539,4
1789152837589,5
1789152837590,4
1789152837796,3
1789152837951,4
1789152837960,3
1789152838001,4
1789152838053,5
1789152838095,4
1789152838244,3
1789152838353,2
1789152838485,1
1789152838629,0
1789152839137,1
1789152839137,0
1789152839187,1
1789152839239,2
1789152839251,1
1789152839384,0
1789152840690,1
1789152840690,0
1789152841085,1
1789152841085,0
1789152841136,1
1789152841201,0
1789152841592,1
1789152841592,0
1789152841695,1
1789152841695,0
1789152841747,1
1789152841776,0
1789152841851,1
1789152841851,0
1789152841903,1
1789152841925,0
1789152841953,1
1789152841995,0
1789152842055,1
1789152842090,0
1789152842106,1
1789152842175,0
1789152842564,1
1789152842564,0
1789152842682,1
1789152842689,0
1789152842732,1
1789152842776,0
1789152842835,1
1789152842862,0
1789152842884,1
1789152842935,2
1789152842936,1
1789152843007,0
1789152843139,1
1789152843139,0
1789152843652,1
1789152843652,0
1789152843703,1
1789152843781,0
1789152843962,0
1789152843962,0
1789152844168,1
1789152844168,0
1789152844218,1
1789152844324,0
1789152844626,1
1789152844626,0
1789152844676,1
1789152844773,0
1789152844931,1
1789152844931,0
1789152845237,1
1789152845237,0
1789152845287,1
1789152845338,2
1789152845389,3
1789152845434,2
1789152845614,1
1789152845749,0
1789152846521,1
1789152846521,0
1789152846570,1
1789152846635,2
1789152846665,1
1789152846769,0
1789152847400,1
1789152847400,0
1789152847451,1
1789152847485,0
1789152848023,1
1789152848023,0
1789152848180,1
1789152848180,0
1789152848229,1
1789152848265,0
1789152848281,1
1789152848331,2
1789152848341,1
1789152848420,0
1789152848434,1
1789152848494,0
1789152848996,1
1789152848996,0
1789152849148,1
1789152849148,0
1789152849199,1
1789152849224,0
1789152849250,1
1789152849288,0
1789152849299,1
1789152849348,0
1789152849350,1
1789152849407,0
1789152849503,1
1789152849503,0
1789152849554,1
1789152849568,0
1789152851394,0
1789152851394,0
1789152851959,1
1789152851959,0
1789152852009,1
1789152852025,0
1789152852417,1
1789152852417,0
1789152852468,1
1789152852484,0
1789152852518,1
1789152852546,0
1789152852570,1
1789152852604,0
1789152852620,1
1789152852662,0
1789152852671,1
1789152852721,0
1789152852774,1
1789152852785,0
1789152852824,1
1789152852872,0
1789152853333,1
1789152853333,0
1789152853742,1
1789152853742,0
1789152853792,1
1789152853824,0
1789152853843,1
1789152853918,0
1789152854692,1
1789152854692,0
1789152855422,1
1789152855422,0
1789152855476,1
1789152855541,2
1789152855684,3
1789152855725,2
1789152855744,3
1789152855794,4
1789152855883,3
1789152856016,2
1789152856181,1
1789152856319,0
1789152856601,0
1789152856601,0
1789152856662,1
1789152856956,0
1789152856961,1
1789152857113,2
1789152857205,1
1789152857464,0
1789152857510,1
1789152857635,2
1789152857693,3
1789152857753,2
1789152857757,3
1789152858097,2
1789152858266,3
1789152858362,2
1789152858540,1
1789152858759,0
1789152858844,1
1789152858907,2
1789152858956,1
1789152859112,0
1789152859523,1
1789152859523,0
1789152859585,1
1789152859641,2
1789152859668,1
1789152859695,2
1789152859818,3
1789152859876,2
1789152860040,1
1789152860262,0
1789152860291,1
1789152860343,2
1789152860412,3
1789152860548,4
1789152860581,3
1789152860676,4
1789152860726,5
1789152860770,4
1789152860787,5
1789152860866,6
1789152860957,5
1789152861208,4
1789152861392,3
1789152861556,2
1789152861663,3
1789152861720,2
1789152861898,1
1789152862058,0
1789152862424,1
1789152862424,0
1789152862478,1
1789152862527,2
1789152862576,3
1789152862593,2
1789152862852,1
1789152863144,0
1789152864356,1
1789152864356,0
1789152864458,1
1789152864521,2
1789152864564,1
1789152864784,0
1789152865172,1
1789152865172,0
1789152865236,1
1789152865290,2
1789152865346,3
1789152865404,2
1789152865704,1
1789152865758,2
1789152865809,3
1789152865873,4
1789152866022,3
1789152866262,2
1789152866470,1
1789152866700,0
1789152866745,1
1789152866822,2
1789152866862,1
1789152866877,2
1789152867020,1
1789152867096,2
1789152867149,1
1789152867293,0
1789152867935,1
1789152867935,0
1789152868023,1
1789152868096,0
1789152868477,1
1789152868477,0
1789152868875,1
1789152868875,0
1789152868927,1
1789152868967,0
1789152869210,1
1789152869210,0
1789152869281,1
1789152869327,2
1789152869376,3
1789152869378,2
1789152869500,1
1789152869594,0
1789152870821,1
1789152870821,0
1789152871458,1
1789152871458,0
1789152871525,1
1789152871554,0
1789152871572,1
1789152871648,0
1789152872710,1
1789152872710,0
1789152872974,0
1789152872974,0
1789152873327,1
1789152873327,0
1789152873390,1
1789152873481,0
1789152873927,0
1789152873927,0
1789152873999,1
1789152874085,0
1789152874094,1
1789152874221,0
1789152875159,1
1789152875159,0
1789152875561,0
1789152875561,0
1789152875686,1
1789152875686,0
1789152876460,1
1789152876460,0
1789152876523,1
1789152876586,2
1789152876607,1
1789152876643,2
1789152876762,1
1789152876902,0
1789152877310,1
1789152877310,0
1789152877379,1
1789152877466,0
1789152877617,1
1789152877617,0
1789152877676,1
1789152877728,2
1789152877728,1
1789152877792,2
1789152877848,1
1789152877997,0
1789152878544,1
1789152878544,0
1789152879107,1
1789152879107,0
1789152879162,1
1789152879220,0
1789152880777,1
1789152880777,0
1789152880842,1
1789152880935,0
1789152880963,1
1789152881024,2
1789152881038,1
1789152881075,2
1789152881140,3
1789152881158,2
1789152881242,3
1789152881307,2
1789152881462,1
1789152881493,2
1789152881558,1
1789152881679,0
1789152882653,1
1789152882653,0
1789152882696,1
1789152882745,0
1789152882760,1
1789152882880,0
1789152883078,1
1789152883078,0
1789152883730,1
1789152883730,0
1789152883794,1
1789152883843,2
1789152883847,1
1789152884014,0
1789152885034,1
1789152885034,0
1789152887093,1
1789152887093,0
1789152887142,1
1789152887188,0
1789152887193,1
1789152887258,2
1789152887281,1
1789152887380,0
1789152887576,1
1789152887576,0
1789152888221,1
1789152888221,0
1789152888277,1
1789152888327,2
1789152888377,3
1789152888381,2
1789152888443,3
1789152888516,2
1789152888659,1
1789152888807,0
1789152889377,1
1789152889377,0
1789152889444,1
1789152889487,0
1789152889491,1
1789152889619,0
1789152890158,1
1789152890158,0
1789152890509,0
1789152890509,0
1789152890571,1
1789152890635,2
1789152890660,1
1789152890745,2
1789152890812,3
1789152890819,2
1789152890940,1
1789152890974,2
1789152891049,1
1789152891159,0
1789152891871,1
1789152891871,0
1789152891924,1
1789152891997,0
1789152892159,1
1789152892159,0
1789152892211,1
1789152892260,2
1789152892268,1
1789152892339,2
1789152892382,1
1789152892506,0
1789152892559,1
1789152892624,2
1789152892657,1
1789152892781,0
1789152893061,1
1789152893061,0
1789152893175,1
1789152893175,0
1789152893228,1
1789152893287,0
1789152893290,1
1789152893343,2
1789152893408,3
1789152893445,2
1789152893460,3
1789152893551,2
1789152893559,3
1789152893626,4
1789152893675,5
1789152893687,4
1789152893815,3
1789152893912,2
1789152894025,1
1789152894126,0
1789152894572,1
1789152894572,0
1789152894691,1
1789152894715,0
1789152895145,1
1789152895145,0
1789152895211,1
1789152895319,0
1789152895393,1
1789152895458,2
1789152895486,1
1789152895510,2
1789152895575,3
1789152895638,4
1789152895640,3
1789152895702,4
1789152895757,5
1789152895769,4
1789152895909,3
1789152896040,2
1789152896179,1
1789152896226,2
1789152896274,1
1789152896390,0
1789152896460,1
1789152896510,0
1789152897156,1
1789152897156,0
1789152897225,1
1789152897276,2
1789152897316,1
1789152897449,0
1789152897585,1
1789152897613,0
1789152897645,1
1789152897912,0
1789152898110,1
1789152898137,0
1789152898173,1
1789152898292,0
1789152898726,0
1789152898726,0
1789152898791,1
1789152898860,2
1789152898924,3
1789152898925,2
1789152898989,3
1789152899041,4
1789152899073,3
1789152899210,4
1789152899216,3
1789152899274,4
1789152899362,3
1789152899524,2
1789152899660,1
1789152899768,0
1789152900834,1
1789152900834,0
1789152901548,1
1789152901548,0
1789152901634,1
1789152901693,2
1789152901723,1
1789152901926,0
1789152902353,1
1789152902353,0
1789152902573,0
1789152902573,0
1789152903526,1
1789152903526,0
1789152903592,1
1789152903651,0
1789152903760,1
1789152903808,0
1789152903993,1
1789152903993,0
1789152905691,1
1789152905691,0
1789152905976,1
1789152905976,0
1789152906026,1
1789152906084,0
1789152906093,1
1789152906193,2
1789152906193,1
1789152906271,2
1789152906314,1
1789152906440,0
1789152906467,1
1789152906586,0
1789152906859,1
1789152906859,0
1789152906926,1
1789152906973,0
1789152906977,1
1789152907103,0
1789152907109,1
1789152907158,2
1789152907209,3
1789152907218,2
1789152907286,3
1789152907322,2
1789152907419,1
1789152907541,0
1789152907858,0
1789152907858,0
1789152907973,1
1789152908007,0
1789152908372,1
1789152908372,0
1789152908642,1
1789152908642,0
1789152908910,1
1789152908910,0
1789152910058,1
1789152910058,0
1789152910576,1
1789152910576,0
1789152910631,1
1789152910776,2
1789152910871,3
1789152910932,2
1789152911117,1
1789152911278,0
1789152911970,1
1789152911970,0
1789152912069,1
1789152912101,2
1789152912182,3
1789152912282,2
1789152912299,3
1789152912536,2
1789152912774,1
1789152912959,0
1789152912966,1
1789152913017,2
1789152913067,3
1789152913119,4
1789152913166,3
1789152913169,4
1789152913294,5
1789152913388,4
1789152913547,3
1789152913787,2
1789152913805,3
1789152913907,4
1789152913965,3
1789152914141,2
1789152914302,1
1789152914490,0
1789152914679,1
1789152914679,0
1789152914729,1
1789152914850,0
1789152915137,1
1789152915137,0
1789152915289,1
1789152915289,0
1789152915341,1
1789152915442,0
1789152916383,1
1789152916383,0
1789152916434,1
1789152916469,0
1789152916486,1
1789152916536,2
1789152916579,1
1789152916700,0
1789152917354,1
1789152917354,0
1789152917404,1
1789152917436,0
1789152917455,1
1789152917507,2
1789152917518,1
1789152917590,0
1789152918066,1
1789152918066,0
1789152918117,1
1789152918145,0
1789152918219,1
1789152918249,0
1789152918271,1
1789152918349,0
1789152918683,1
1789152918683,0
1789152919195,1
1789152919195,0
1789152919260,1
1789152919312,2
1789152919389,1
1789152919568,2
1789152919577,1
1789152919619,2
1789152919721,3
1789152919761,2
1789152919927,1
1789152920088,0
1789152920137,1
1789152920187,2
1789152920239,3
1789152920298,2
1789152920341,3
1789152920392,4
1789152920444,5
1789152920500,4
1789152920730,3
1789152920984,2
1789152921084,3
1789152921216,4
1789152921223,3
1789152921267,4
1789152921370,5
1789152921395,4
1789152921421,5
1789152921471,6
1789152921554,5
1789152921757,4
1789152921938,3
1789152922090,2
1789152922270,1
1789152922420,0
1789152922489,1
1789152922541,2
1789152922589,1
1789152922592,2
1789152922783,1
1789152922924,0
1789152923151,1
1789152923151,0
1789152923201,1
1789152923260,0
1789152923458,1
1789152923458,0
1789152923509,1
1789152923560,2
1789152923589,1
1789152923712,0
1789152924494,1
1789152924494,0
1789152924546,1
1789152924595,2
1789152924601,1
1789152924678,0
1789152924952,0
1789152924954,0
1789152925715,1
1789152925715,0
1789152925767,1
1789152925811,0
1789152925818,1
1789152925868,2
1789152925896,1
1789152926003,0
1789152926430,0
1789152926430,0
1789152926481,1
1789152926532,0
1789152927873,1
1789152927873,0
1789152928489,1
1789152928489,0
1789152928542,1
1789152928569,0
1789152928897,1
1789152928897,0
1789152928998,1
1789152928998,0
1789152929048,1
1789152929069,0
1789152929100,1
1789152929130,0
1789152929150,1
1789152929198,0
1789152929201,1
1789152929253,2
1789152929255,1
1789152929305,2
1789152929319,1
1789152929391,0
1789152929468,1
1789152929468,0
1789152929825,1
1789152929825,0
1789152929876,1
1789152929890,0
1789152930591,1
1789152930591,0
1789152930641,1
1789152930692,2
1789152930717,1
1789152930743,2
1789152930807,1
1789152930844,2
1789152930902,1
1789152931018,0
1789152931049,1
1789152931122,0
1789152931865,1
1789152931865,0
1789152932017,1
1789152932017,0
1789152932271,1
1789152932271,0
1789152932321,1
1789152932358,0
1789152932526,1
1789152932526,0
1789152932577,1
1789152932597,0
1789152932628,1
1789152932672,0
1789152932680,1
1789152932741,0
1789152932783,1
1789152932837,0
1789152933253,1
1789152933253,0
1789152933305,1
1789152933318,0
1789152933966,1
1789152933966,0
1789152934170,1
1789152934170,0
1789152934685,1
1789152934685,0
1789152934837,1
1789152934837,0
1789152934890,1
1789152934919,0
1789152935399,1
1789152935399,0
1789152935754,1
1789152935754,0
1789152935959,1
1789152935959,0
1789152936010,1
1789152936061,2
1789152936088,1
1789152936218,0
1789152936681,1
1789152936681,0
1789152936783,1
1789152936819,0
1789152936834,1
1789152936886,2
1789152936936,1
1789152937058,0
1789152937142,1
1789152937157,0
1789152937193,1
1789152937244,2
1789152937267,1
1789152937347,2
1789152937523,1
1789152937721,2
1789152937802,1
1789152937923,2
1789152938000,1
1789152938173,0
1789152938825,1
1789152938825,0
1789152939290,1
1789152939290,0
1789152939341,1
1789152939414,0
1789152939443,1
1789152939505,2
1789152939514,1
1789152939631,0
1789152939909,1
1789152939909,0
1789152940923,1
1789152940923,0
1789152942057,1
1789152942057,0
1789152942109,1
1789152942183,0
1789152943194,1
1789152943194,0
1789152943347,1
1789152943347,0
1789152943612,1
1789152943612,0
1789152943664,1
1789152943716,0
1789152944379,1
1789152944379,0
1789152944439,1
1789152944488,0
1789152944490,1
1789152944570,0
1789152944744,1
1789152944744,0
1789152944846,1
1789152944857,0
1789152944898,1
1789152944949,2
1789152944964,1
1789152945001,2
1789152945038,1
1789152945103,2
1789152945117,1
1789152945194,0
1789152945206,1
1789152945257,2
1789152945309,1
1789152945450,0
1789152945576,1
1789152945594,0
1789152945616,1
1789152945719,2
1789152945719,1
1789152945768,2
1789152945860,1
1789152945976,0
1789152946024,1
1789152946079,0
1789152946280,1
1789152946280,0
1789152946790,1
1789152946790,0
1789152946840,1
1789152946892,2
1789152946894,1
1789152946943,2
1789152946971,1
1789152947040,0
1789152947251,0
1789152947251,0
1789152947455,1
1789152947455,0
1789152947506,1
1789152947556,2
1789152947570,1
1789152947611,2
1789152947664,1
1789152947762,0
1789152948226,1
1789152948226,0
1789152948483,1
1789152948483,0
1789152948535,1
1789152948572,0
1789152948739,1
1789152948739,0
1789152948789,1
1789152948829,0
1789152948841,1
1789152948890,2
1789152948906,1
1789152948988,0
1789152949591,1
1789152949591,0
1789152949727,1
1789152949789,2
1789152949808,1
1789152949843,2
1789152949906,3
1789152949946,2
1789152949959,3
1789152950062,2
1789152950164,1
1789152950299,0
1789152950375,1
1789152950427,2
1789152950456,1
1789152950476,2
1789152950542,3
1789152950578,2
1789152950697,1
1789152950709,2
1789152950821,1
1789152950957,0
1789152951157,0
1789152951157,0
1789152951225,1
1789152951278,0
1789152951807,1
1789152951807,0
1789152951859,1
1789152951928,0
1789152952892,1
1789152952892,0
1789152952941,1
1789152953008,2
1789152953024,1
1789152953186,0
1789152953341,1
1789152953341,0
1789152953625,0
1789152953625,0
1789152953676,1
1789152953725,2
1789152953762,1
1789152953885,0
1789152954024,1
1789152954027,0
1789152954437,0
1789152954438,0
1789152956140,1
1789152956140,0
1789152956258,1
1789152956260,0
1789152957225,1
1789152957225,0
1789152957824,1
1789152957824,0
1789152957887,1
1789152957953,0
1789152958024,1
1789152958050,0
1789152958091,1
1789152958141,2
1789152958142,1
1789152958191,2
1789152958243,1
1789152958356,0
1789152958490,1
1789152958490,0
1789152959325,1
1789152959325,0
1789152959375,1
1789152959440,2
1789152959460,1
1789152959543,2
1789152959584,1
1789152959717,0
1789152960406,1
1789152960406,0
1789152960469,1
1789152960521,2
1789152960561,1
1789152960666,0
1789152961472,0
1789152961472,0
1789152961536,1
1789152961573,0
1789152961599,1
1789152961662,2
1789152961662,1
1789152961790,2
1789152961790,1
1789152961853,2
1789152961901,1
1789152961917,2
1789152961980,3
1789152961996,2
1789152962044,3
1789152962091,2
1789152962202,1
1789152962337,0
1789152963058,1
1789152963058,0
1789152963121,1
1789152963173,0
1789152963185,1
1789152963256,2
1789152963294,1
1789152963408,0
1789152963440,1
1789152963508,0
1789152963658,0
1789152963658,1
1789152963725,1
1789152963767,0
1789152963775,1
1789152963871,0
1789152964008,1
1789152964008,0
1789152964058,1
1789152964109,2
1789152964133,1
1789152964247,0
1789152965075,0
1789152965075,0
1789152965141,1
1789152965187,0
1789152965258,1
1789152965308,2
1789152965324,1
1789152965375,2
1789152965425,3
1789152965438,2
1789152965539,1
1789152965592,2
1789152965646,1
1789152965758,0
1789152965775,1
1789152965842,2
1789152965889,3
1789152965900,2
1789152965974,3
1789152966008,2
1789152966112,1
1789152966208,2
1789152966244,1
1789152966346,0
1789152967091,1
1789152967091,0
1789152967440,0
1789152967440,0
1789152967492,1
1789152967532,0
1789152967558,1
1789152967621,0
1789152967623,1
1789152967734,0
1789152967839,1
1789152967872,0
1789152967908,1
1789152967967,0
1789152968191,0
1789152968191,0
1789152971225,1
1789152971225,0
1789152971457,0
1789152971457,0
1789152971507,1
1789152971550,0
1789152971573,1
1789152971624,2
1789152971645,1
1789152971725,2
1789152971767,1
1789152971792,2
1789152971858,3
1789152971874,2
1789152971908,3
1789152971957,4
1789152971971,3
1789152972066,2
1789152972165,1
1789152972255,0
1789152972308,1
1789152972359,0
1789152972808,0
1789152972808,0
1789152973090,0
1789152973090,0
1789152973374,1
1789152973374,0
1789152974453,1
1789152974453,0
1789152974908,1
1789152974908,0
1789152975307,0
1789152975307,0
1789152975356,1
1789152975430,0
1789152975525,1
1789152975576,0
1789152975591,1
1789152975658,2
1789152975708,3
1789152975723,2
1789152975869,1
1789152975981,0
1789152976403,1
1789152976403,0
1789152976506,1
1789152976558,2
1789152976665,1
1789152976813,2
1789152976844,1
1789152977052,0
1789152977118,1
1789152977169,2
1789152977220,3
1789152977272,4
1789152977277,3
1789152977486,2
1789152977724,1
1789152977906,0
1789152977945,1
1789152978072,0
1789152978322,1
1789152978322,0
1789152978374,1
1789152978464,0
1789152978987,1
1789152978987,0
1789152979545,1
1789152979545,0
1789152980005,1
1789152980005,0
1789152980056,1
1789152980108,2
1789152980161,3
1789152980182,2
1789152980212,3
1789152980397,2
1789152980601,1
1789152980811,0
1789152981282,1
1789152981282,0
1789152981538,1
1789152981538,0
1789152981590,1
1789152981645,2
1789152981778,1
1789152982056,0
1789152982742,1
1789152982742,0
1789152982793,1
1789152982980,0
1789152983203,1
1789152983261,2
1789152983329,1
1789152983398,2
1789152983449,3
1789152983500,4
1789152983621,3
1789152983758,4
1789152983809,5
1789152983937,4
1789152983984,5
1789152984179,4
1789152984344,5
1789152984383,4
1789152984498,5
1789152984550,6
1789152984599,5
1789152984600,6
1789152984652,7
1789152984738,6
1789152984753,7
1789152984803,8
1789152984882,7
1789152985007,6
1789152985009,7
1789152985059,8
1789152985111,9
1789152985156,8
1789152985161,9
1789152985262,10
1789152985336,9
1789152985517,10
1789152985568,11
1789152985609,10
1789152985619,11
1789152985879,10
1789152985980,11
1789152986032,12
1789152986073,11
1789152986082,12
1789152986132,13
1789152986236,14
1789152986265,13
1789152986340,14
1789152986390,15
1789152986439,14
1789152986601,13
1789152986768,12
1789152986945,11
1789152987137,10
1789152987338,9
1789152987523,8
1789152987625,9
1789152987677,8
1789152987844,7
1789152987985,6
1789152988096,5
1789152988214,4
1789152988389,3
1789152988447,4
1789152988498,5
1789152988521,4
1789152988548,5
1789152988698,4
1789152988920,5
1789152988937,4
1789152988970,5
1789152989020,6
1789152989071,7
1789152989121,6
1789152989228,7
1789152989318,6
1789152989434,7
1789152989465,6
1789152989485,7
1789152989536,8
1789152989665,7
1789152989740,8
1789152989793,9
1789152989886,8
1789152990107,7
1789152990267,6
1789152990420,5
1789152990590,4
1789152990737,3
1789152990884,2
1789152991041,1
1789152991162,0
1789152992109,1
1789152992109,0
1789152993127,0
1789152993127,0
1789152993178,1
1789152993229,2
1789152993277,1
1789152993281,2
1789152993409,1
1789152993564,0
1789152993760,1
1789152993760,0
1789152994525,1
1789152994525,0
1789152994578,1
1789152994680,2
1789152994680,1
1789152994839,0
1789152995599,1
1789152995599,0
1789152995651,1
1789152995728,0
1789152995957,1
1789152995957,0
1789152996067,1
1789152996100,0
1789152996119,1
1789152996170,2
1789152996245,1
1789152996272,2
1789152996322,3
1789152996374,4
1789152996399,3
1789152996514,2
1789152996695,1
1789152996830,0
1789152997218,1
1789152997218,0
1789152998081,1
1789152998081,0
1789152998132,1
1789152998372,0
1789152998541,1
1789152998554,0
1789152998605,1
1789152998711,0
1789152998843,1
1789152998903,2
1789152998966,3
1789152998999,2
1789152999023,3
1789152999212,2
1789152999225,3
1789152999336,2
1789152999391,3
1789152999468,2
1789152999575,1
1789152999702,0
1789153000351,1
1789153000351,0
1789153002472,1
1789153002472,0
1789153002974,1
1789153002974,0
1789153003041,1
1789153003111,0
1789153003674,1
1789153003674,0
1789153003739,1
1789153003782,0
1789153004372,1
1789153004372,0
1789153004424,1
1789153004464,0
1789153004489,1
1789153004541,2
1789153004561,1
1789153004608,2
1789153004664,1
1789153004707,2
1789153004761,1
1789153004905,0
1789153005690,1
1789153005690,0
1789153006390,1
1789153006391,0
1789153006791,1
1789153006791,0
1789153007626,1
1789153007626,0
1789153007674,1
1789153007737,2
1789153007778,1
1789153007787,2
1789153007856,3
1789153007947,2
1789153008112,1
1789153008306,0
1789153008556,1
1789153008556,0
1789153008619,1
1789153008681,2
1789153008709,1
1789153008833,0
1789153008866,1
1789153008929,2
1789153008952,1
1789153008990,2
1789153009041,3
1789153009060,2
1789153009180,1
1789153009218,2
1789153009300,1
1789153009434,0
1789153568532,1
1789153568532,0
1789153568567,1
1789153568616,2
1789153568797,3
1789153568924,2
1789153569040,3
1789153569057,4
1789153569116,5
1789153569198,6
1789153569199,7
1789153569219,8
1789153569241,9
1789153569340,8
1789153569437,9
1789153569459,10
1789153569481,11
1789153569634,10
1789153569936,9
1789153570022,10
1789153570102,12
1789153570101,11
1789153570217,11
1789153570457,10
1789153570659,9
1789153570739,10
1789153570880,9
1789153570905,10
1789153570926,11
1789153571075,10
1789153571117,11
1789153571160,12
1789153571183,13
1789153571224,14
1789153571245,15
1789153571266,16
1789153571292,15
1789153571311,16
1789153571342,17
1789153571551,18
1789153571560,17
1789153571596,18
1789153571618,19
1789153571660,20
1789153571680,21
1789153571700,22
1789153571784,23
1789153571801,22
1789153571980,21
1789153571995,22
1789153572033,23
1789153572158,24
1789153572197,23
1789153572241,24
1789153572262,25
1789153572405,24
1789153572438,25
1789153572456,26
1789153572562,27
1789153572612,26
1789153572732,27
1789153572755,28
1789153572775,29
1789153572795,30
1789153572807,29
1789153573008,28
1789153573251,27
1789153573297,28
1789153573317,29
1789153573338,30
1789153573464,29
1789153573662,28
1789153573665,29
1789153573686,30
1789153573866,29
1789153573946,30
1789153574009,31
1789153574031,30
1789153574032,31
1789153574053,32
1789153574076,33
1789153574117,34
1789153574193,33
1789153574370,32
1789153574375,33
1789153574437,34
1789153574457,35
1789153574480,36
1789153574498,37
1789153574520,38
1789153574539,37
1789153574583,38
1789153574603,39
1789153574707,38
1789153574908,37
1789153575098,36
1789153575364,35
1789153575480,36
1789153575660,35
1789153575827,34
1789153575846,35
1789153575880,36
1789153576047,35
1789153576162,36
1789153576194,37
1789153576230,38
1789153576237,37
1789153576261,38
1789153576296,39
1789153576313,40
1789153576378,41
1789153576412,42
1789153576484,41
1789153576732,40
1789153576745,41
1789153576913,40
1789153577026,41
1789153577064,42
1789153577094,43
1789153577102,42
1789153577359,41
1789153577609,40
1789153577612,41
1789153577826,40
1789153577987,41
1789153578088,42
1789153578088,43
1789153578160,42
1789153578177,43
1789153578210,44
1789153578241,45
1789153578418,44
1789153578679,45
1789153578696,44
1789153578712,45
1789153578922,46
1789153579017,45
1789153579029,46
1789153579248,47
1789153579283,46
1789153579315,47
1789153579346,48
1789153579381,49
1789153579684,50
1789153579764,49
1789153580004,50
1789153580005,51
1789153580107,50
1789153580349,49
1789153580415,50
1789153580462,51
1789153580479,52
1789153580514,53
1789153580597,54
1789153580721,53
1789153580866,54
1789153580872,55
1789153580872,56
1789153580973,57
1789153581051,58
1789153581100,59
1789153581114,60
1789153581123,61
1789153581133,60
1789153581395,61
1789153581416,60
1789153581674,61
1789153581675,60
1789153581695,61
1789153581716,62
1789153581736,63
1789153581954,62
1789153582146,61
1789153582346,60
1789153582408,61
1789153582449,62
1789153582470,63
1789153582647,62
1789153582737,63
1789153582761,64
1789153582802,65
1789153582807,66
1789153582975,67
1789153582998,68
1789153583018,69
1789153583056,68
1789153583330,67
1789153583331,68
1789153583368,69
1789153583372,70
1789153583462,71
1789153583681,70
1789153583779,71
1789153583800,72
1789153583909,71
1789153583972,72
1789153584122,73
1789153584140,72
1789153584143,73
1789153584251,74
1789153584292,75
1789153584294,76
1789153584317,77
1789153584401,76
1789153584642,75
1789153584863,76
1789153584870,75
1789153585128,74
1789153585129,75
1789153585150,76
1789153585171,77
1789153585361,76
1789153585572,75
1789153585599,76
1789153585681,77
1789153585797,76
1789153585829,77
1789153585852,78
1789153585983,77
1789153586044,78
1789153586066,79
1789153586107,80
1789153586163,79
1789153586412,78
1789153586525,79
1789153586644,78
1789153586681,79
1789153586722,80
1789153586868,79
1789153587032,80
1789153587053,81
1789153587074,82
1789153587075,81
1789153587095,82
1789153587250,81
1789153587326,82
1789153587347,83
1789153587432,84
1789153587475,85
1789153587475,86
1789153587487,85
1789153587496,86
1789153587687,85
1789153587819,86
1789153587861,85
1789153588037,86
1789153588043,87
1789153588067,86
1789153588227,85
1789153588390,84
1789153588581,83
1789153588638,84
1789153588659,85
1789153588700,86
1789153588723,87
1789153588743,88
1789153588751,87
1789153588764,88
1789153588806,89
1789153588893,90
1789153588961,89
1789153589204,88
1789153589370,89
1789153589406,90
1789153589443,91
1789153589507,90
1789153589557,91
1789153589703,90
1789153589792,91
1789153589812,92
1789153589839,93
1789153589912,92
1789153590186,91
1789153590319,92
1789153590405,91
1789153590658,90
1789153590887,89
1789153591082,90
1789153591103,89
1789153591105,90
1789153591124,91
1789153591146,92
1789153591259,93
1789153591379,92
1789153591510,93
1789153591531,94
1789153591552,95
1789153591573,96
1789153591596,97
1789153591614,96
1789153591841,95
1789153591980,96
1789153591981,97
1789153591981,98
1789153592096,97
1789153592255,98
1789153592268,97
1789153592380,98
1789153592402,99
1789153592425,100
1789153592430,99
1789153592492,100
1789153592492,101
1789153592576,102
1789153592626,101
1789153592789,100
1789153592894,101
1789153592915,102
1789153592948,101
1789153593001,102
1789153593021,103
1789153593041,104
1789153593076,105
1789153593137,104
1789153593161,105
1789153593182,106
1789153593286,105
1789153593354,106
1789153593396,107
1789153593416,108
1789153593437,109
1789153593458,110
1789153593471,109
1789153593510,110
1789153593510,111
1789153593545,112
1789153593592,113
1789153593613,114
1789153593707,113
1789153593930,114
1789153593941,113
1789153593972,114
1789153594140,113
1789153594171,114
1789153594171,115
1789153594254,116
1789153594277,117
1789153594299,118
1789153594318,119
1789153594339,120
1789153594360,121
1789153594382,122
1789153594385,121
1789153594551,122
1789153594594,121
1789153594635,122
1789153594835,121
1789153594891,122
1789153594913,123
1789153594958,124
1789153595063,125
1789153595084,126
1789153595103,125
1789153595255,126
1789153595280,127
1789153595339,126
1789153595489,127
1789153595513,128
1789153595535,129
1789153595554,130
1789153595576,131
1789153595648,132
1789153595652,131
1789153595664,132
1789153595732,133
1789153596033,132
1789153596454,131
1789153596514,132
1789153596857,131
1789153596914,132
1789153596944,133
1789153596991,134
1789153597080,133
1789153597276,132
1789153597362,133
1789153597494,134
1789153597516,133
1789153597732,132
1789153597962,133
1789153597967,132
1789153597995,133
1789153598095,134
1789153598233,133
1789153598262,134
1789153598472,133
1789153598719,132
1789153598992,131
1789153599218,130
1789153599230,131
1789153599395,132
1789153599429,133
1789153599456,132
1789153599462,133
1789153599528,134
1789153599562,135
1789153599647,136
1789153599683,135
1789153599882,134
1789153599895,135
1789153599927,136
1789153599977,137
1789153600029,138
1789153600061,139
1789153600082,138
1789153600097,139
1789153600129,140
1789153600337,139
1789153600462,140
1789153600528,141
1789153600580,140
1789153600761,141
1789153600909,142
1789153600913,141
1789153601080,142
1789153601283,141
1789153601669,140
1789153601759,141
1789153601927,140
1789153602010,141
1789153602056,142
1789153602149,143
1789153602151,144
1789153602282,143
1789153602510,142
1789153602745,141
1789153602831,142
1789153602862,143
1789153602893,144
1789153603002,145
1789153603096,146
1789153603190,145
1789153603441,144
1789153603512,145
1789153603545,146
1789153603577,147
1789153603610,148
1789153603646,149
1789153603651,148
1789153603712,149
1789153603957,148
1789153604060,149
1789153604125,150
1789153604218,149
1789153604449,148
1789153604595,149
1789153604645,150
1789153604701,149
1789153604878,150
1789153604901,149
1789153604990,150
1789153605012,151
1789153605102,150
1789153605333,149
1789153605516,148
1789153605641,149
1789153605689,150
1789153605713,149
1789153605719,150
1789153605751,151
1789153606085,150
1789153606282,151
1789153606327,152
1789153606359,153
1789153606391,154
1789153606420,153
1789153606749,154
1789153606752,153
1789153606849,154
1789153606858,155
1789153606947,156
1789153607116,155
1789153607162,156
1789153607343,155
1789153607480,156
1789153607513,157
1789153607562,158
1789153607618,157
1789153607730,158
1789153607760,159
1789153607830,160
1789153607849,159
1789153608048,160
1789153608071,161
1789153608088,162
1789153608149,163
1789153608161,164
1789153608184,165
1789153608219,164
1789153608433,165
1789153608512,166
1789153608512,167
1789153608552,166
1789153608593,167
1789153608596,168
1789153608616,169
1789153608807,168
1789153609045,169
1789153609066,170
1789153609088,171
1789153609096,170
1789153609346,171
1789153609347,172
1789153609406,171
1789153609494,172
1789153609517,173
1789153609536,174
1789153609744,173
1789153609958,174
1789153609998,175
1789153610021,176
1789153610066,175
1789153610169,176
1789153610402,175
1789153610596,176
1789153610648,177
1789153610650,178
1789153610684,179
1789153610803,178
1789153610897,179
1789153610917,180
1789153611052,179
1789153611345,178
1789153611552,179
1789153611628,178
1789153611829,179
1789153611865,180
1789153611922,179
1789153612004,180
1789153612049,181
1789153612069,182
1789153612091,183
1789153612132,184
1789153612134,185
1789153612154,186
1789153612176,187
1789153612183,186
1789153612257,187
1789153612397,186
1789153612412,187
1789153612432,188
1789153612643,187
1789153612727,188
1789153612749,189
1789153612768,190
1789153612791,191
1789153612863,192
1789153612938,191
1789153612948,192
1789153613169,191
1789153613286,192
1789153613347,193
1789153613393,192
1789153613456,193
1789153613476,194
1789153613561,195
1789153613590,196
1789153613604,197
1789153613628,196
1789153613632,197
1789153613673,198
1789153613866,197
1789153613868,198
1789153613888,199
1789153614108,198
1789153614168,199
1789153614254,200
1789153614353,199
1789153614497,200
1789153614561,201
1789153614583,202
1789153614588,201
1789153614796,202
1789153614808,201
1789153614952,202
1789153615034,203
1789153615056,204
1789153615071,203
1789153615111,204
1789153615301,203
1789153615367,204
1789153615409,205
1789153615430,206
1789153615451,207
1789153615532,206
1789153615557,207
1789153615579,208
1789153615600,209
1789153615644,210
1789153615804,209
1789153615828,210
1789153615893,211
1789153616005,210
1789153616237,211
1789153616237,210
1789153616406,211
1789153616427,212
1789153616511,213
1789153616535,212
1789153616536,213
1789153616686,214
1789153616801,213
1789153617037,212
1789153617056,213
1789153617302,212
1789153617503,213
1789153617512,212
1789153617525,213
1789153617716,212
1789153617963,213
1789153617963,212
1789153618026,213
1789153618131,214
1789153618153,215
1789153618153,214
1789153618378,213
1789153618458,214
1789153618471,215
1789153618492,216
1789153618626,217
1789153618638,216
1789153618668,217
1789153618689,218
1789153618713,219
1789153618731,220
1789153618772,221
1789153618815,222
1789153618837,223
1789153618857,222
1789153618967,223
1789153618987,224
1789153619029,225
1789153619050,226
1789153619062,225
1789153619157,226
1789153619296,227
1789153619317,226
1789153619511,227
1789153619521,226
1789153619532,227
1789153619553,228
1789153619574,229
1789153619701,230
1789153619724,229
1789153619789,230
1789153619810,231
1789153619832,232
1789153619872,233
1789153619975,232
1789153620127,233
1789153620205,232
1789153620233,233
1789153620255,234
1789153620340,235
1789153620360,236
1789153620382,237
1789153620404,238
1789153620429,237
1789153620676,236
1789153620705,237
1789153620748,238
1789153620769,239
1789153620790,240
1789153620812,241
1789153620833,242
1789153620890,241
1789153620983,242
1789153621003,243
1789153621024,244
1789153621046,245
1789153621134,246
1789153621139,245
1789153621303,246
1789153621326,247
1789153621374,246
1789153621537,247
1789153621559,248
1789153621621,247
1789153621912,246
1789153621972,247
1789153621994,248
1789153622015,249
1789153622144,250
1789153622151,249
1789153622251,250
1789153622272,251
1789153622294,252
1789153622397,251
1789153622399,252
1789153622548,253
1789153622631,252
1789153622847,251
1789153623055,250
1789153623239,251
1789153623261,252
1789153623285,251
1789153623493,250
1789153623662,251
1789153623710,250
1789153623908,251
1789153623908,252
1789153623940,253
1789153623990,254
1789153624000,253
1789153624010,254
1789153624032,255
1789153624140,256
1789153624265,255
1789153624458,256
1789153624477,257
1789153624499,258
1789153624508,257
1789153624544,258
1789153624753,257
1789153624876,258
1789153624897,259
1789153624920,260
1789153624973,259
1789153625163,258
1789153625260,259
1789153625283,260
1789153625305,261
1789153625344,262
1789153625384,263
1789153625405,264
1789153625414,263
1789153625426,264
1789153625448,265
1789153625471,266
1789153625622,265
1789153625783,264
1789153625816,265
1789153625860,266
1789153625860,267
1789153625880,268
1789153625957,267
1789153625965,268
1789153626048,269
1789153626070,270
1789153626091,271
1789153626104,270
1789153626176,271
1789153626198,272
1789153626219,273
1789153626270,272
1789153626489,271
1789153626600,272
1789153626621,273
1789153626664,274
1789153626667,273
1789153626685,274
1789153626706,275
1789153626727,276
1789153626789,277
1789153626806,276
1789153626852,277
1789153626883,278
1789153626898,279
1789153626918,280
1789153626975,279
1789153627007,280
1789153627139,279
1789153627314,278
1789153627348,279
1789153627482,280
1789153627490,279
1789153627505,280
1789153627525,281
1789153627546,282
1789153627631,283
1789153627653,284
1789153627657,283
1789153627759,284
1789153627822,283
1789153627990,282
1789153628148,281
1789153628313,280
1789153628512,279
1789153628683,278
1789153628849,277
1789153628918,278
1789153629015,279
1789153629037,280
1789153629049,279
1789153629059,280
1789153629081,281
1789153629123,282
1789153629144,283
1789153629164,284
1789153629185,285
1789153629206,286
1789153629213,285
1789153629334,286
1789153629429,285
1789153629565,286
1789153629604,285
1789153629671,286
1789153629776,287
1789153629786,286
1789153629985,285
1789153630159,284
1789153630213,285
1789153630339,284
1789153630385,285
1789153630532,286
1789153630546,285
1789153630554,286
1789153630637,287
1789153630658,288
1789153630678,289
1789153630700,290
1789153630726,289
1789153630910,288
1789153630954,289
1789153630996,290
1789153631017,291
1789153631113,290
1789153631153,291
1789153631281,292
1789153631302,293
1789153631304,292
1789153631323,293
1789153631345,294
1789153631510,293
1789153631621,294
1789153631759,293
1789153631803,294
1789153631825,295
1789153631931,294
1789153632082,295
1789153632114,294
1789153632324,293
1789153632339,294
1789153632513,293
1789153632531,294
1789153632553,295
1789153632573,296
1789153632595,297
1789153632616,298
1789153632735,297
1789153632982,296
1789153633096,297
1789153633156,296
1789153633202,297
1789153633223,298
1789153633245,299
1789153633336,298
1789153633536,297
1789153633708,298
1789153633712,297
1789153633730,298
1789153633883,297
1789153633899,298
1789153633941,299
1789153633961,300
1789153633983,301
1789153634023,302
1789153634079,301
1789153634129,302
1789153634151,303
1789153634214,304
1789153634259,303
1789153634362,304
1789153634427,305
1789153634450,306
1789153634459,305
1789153634472,306
1789153634511,307
1789153634535,308
1789153634556,309
1789153634657,310
1789153634677,311
1789153634701,312
1789153634705,311
1789153634722,312
1789153634766,313
1789153634872,314
1789153634894,315
1789153634910,314
1789153634915,315
1789153635068,316
1789153635116,317
1789153635116,318
1789153635120,317
1789153635130,318
1789153635199,319
1789153635240,320
1789153635260,321
1789153635299,320
1789153635476,319
1789153635699,318
1789153635799,319
1789153635878,318
1789153636025,317
1789153636137,318
1789153636164,319
1789153636179,320
1789153636185,319
1789153636331,320
1789153636353,321
1789153636374,322
1789153636384,321
1789153636397,322
1789153636459,323
1789153636544,324
1789153636566,325
1789153636586,324
1789153636587,325
1789153636673,326
1789153636694,327
1789153636780,326
1789153636944,325
1789153637106,324
1789153637280,323
1789153637423,322
1789153637563,321
1789153637665,322
1789153637732,321
1789153637885,320
1789153638035,319
1789153638100,320
1789153638157,321
1789153638157,322
1789153638164,323
1789153638231,322
1789153638373,321
1789153638389,322
1789153638537,321
1789153638735,322
1789153638755,323
1789153638790,322
1789153638797,323
1789153638965,322
1789153639142,321
1789153639180,322
1789153639226,323
1789153639348,322
1789153639350,323
1789153639392,324
1789153639414,325
1789153639436,326
1789153639479,327
1789153639499,328
1789153639518,327
1789153639520,328
1789153639694,327
1789153639874,328
1789153639913,327
1789153640078,326
1789153640231,327
1789153640269,328
1789153640273,327
1789153640396,328
1789153640416,329
1789153640465,328
1789153640500,329
1789153640521,330
1789153640543,331
1789153640563,332
1789153640628,333
1789153640637,332
1789153640690,333
1789153640819,332
1789153640989,331
1789153641041,332
1789153641162,331
1789153641425,330
1789153641617,329
1789153641805,328
1789153641850,329
1789153641976,328
1789153642059,329
1789153642080,330
1789153642151,329
1789153642311,328
1789153642313,329
1789153642335,330
1789153642520,329
1789153642580,330
1789153642600,331
1789153642622,332
1789153642643,333
1789153642664,334
1789153642682,333
1789153642706,334
1789153642833,333
1789153643024,332
1789153643091,333
1789153643203,332
1789153643345,333
1789153643379,332
1789153643491,333
1789153643551,332
1789153643690,331
1789153643798,332
1789153643821,333
1789153643833,332
1789153643842,333
1789153643862,334
1789153643883,335
1789153644000,334
1789153644124,335
1789153644130,334
1789153644145,335
1789153644165,336
1789153644232,337
1789153644253,338
1789153644273,339
1789153644275,338
1789153644293,339
1789153644365,340
1789153644450,339
1789153644591,338
1789153644726,337
1789153644894,336
1789153645027,335
1789153645190,334
1789153645368,333
1789153645504,332
1789153645650,331
1789153645833,330
1789153645980,329
1789153646122,328
1789153646344,327
1789153646578,326
1789153646837,325
1789153647052,324
1789153647236,323
1789153647453,322
1789153647606,321
1789153647777,320
1789153647961,319
1789153648106,318
1789153648260,317
1789153648452,316
1789153648650,315
1789153648857,314
1789153649057,313
1789153649224,312
1789153649379,311
1789153649583,310
1789153649781,309
1789153649978,308
1789153650189,307
1789153650357,306
1789153650546,305
1789153650729,304
1789153650875,303
1789153651009,302
1789153651205,301
1789153651403,300
1789153651592,299
1789153651799,298
1789153651947,297
1789153652097,296
1789153652265,295
1789153652402,294
1789153652555,293
1789153652752,292
1789153652925,291
1789153653081,290
1789153653283,289
1789153653480,288
1789153653681,287
1789153653896,286
1789153654074,285
1789153654221,284
1789153654408,283
1789153654565,282
1789153654759,281
1789153654920,280
1789153655078,279
1789153655242,278
1789153655400,277
1789153655558,276
1789153655726,275
1789153655883,274
1789153656015,273
1789153656209,272
1789153656393,271
1789153656558,270
1789153656754,269
1789153656916,268
1789153657046,267
1789153657208,266
1789153657345,265
1789153657494,264
1789153657679,263
1789153657876,262
1789153658051,261
1789153658247,260
1789153658428,259
1789153658619,258
1789153658815,257
1789153658995,256
1789153659143,255
1789153659324,254
1789153659480,253
1789153659654,252
1789153659806,251
1789153659954,250
1789153660126,249
1789153660285,248
1789153660441,247
1789153660627,246
1789153660771,245
1789153660925,244
1789153661099,243
1789153661255,242
1789153661424,241
1789153661651,240
1789153661812,239
1789153661952,238
1789153662141,237
1789153662278,236
1789153662429,235
1789153662611,234
1789153662784,233
1789153663057,232
1789153663235,231
1789153663433,230
1789153663623,229
1789153663840,228
1789153664036,227
1789153664217,226
1789153664389,225
1789153664551,224
1789153664723,223
1789153664882,222
1789153665053,221
1789153665288,220
1789153665451,219
1789153665609,218
1789153665794,217
1789153665929,216
1789153666062,215
1789153666242,214
1789153666427,213
1789153666640,212
1789153666817,211
1789153666978,210
1789153667147,209
1789153667300,208
1789153667479,207
1789153667671,206
1789153667813,205
1789153667952,204
1789153668117,203
1789153668261,202
1789153668422,201
1789153668602,200
1789153668742,199
1789153668899,198
1789153669089,197
1789153669251,196
1789153669481,195
1789153669655,194
1789153669785,193
1789153669935,192
1789153670116,191
1789153670256,190
1789153670392,189
1789153670560,188
1789153670701,187
1789153670842,186
1789153671023,185
1789153671165,184
1789153671380,183
1789153671582,182
1789153671755,181
1789153671942,180
1789153672084,179
1789153672237,178
1789153672417,177
1789153672565,176
1789153672708,175
1789153672879,174
1789153673028,173
1789153673170,172
1789153673341,171
1789153673473,170
1789153673615,169
1789153673795,168
1789153673935,167
1789153674140,166
1789153674295,165
1789153674449,164
1789153674639,163
1789153674777,162
1789153674929,161
1789153675117,160
1789153675258,159
1789153675398,158
1789153675580,157
1789153675739,156
1789153675891,155
1789153676071,154
1789153676206,153
1789153676397,152
1789153676582,151
1789153676757,150
1789153676931,149
1789153677068,148
1789153677203,147
1789153677364,146
1789153677515,145
1789153677650,144
1789153677808,143
1789153677951,142
1789153678087,141
1789153678241,140
1789153678379,139
1789153678518,138
1789153678681,137
1789153678834,136
1789153678973,135
1789153679148,134
1789153679298,133
1789153679439,132
1789153679604,131
1789153679735,130
1789153679870,129
1789153680062,128
1789153680228,127
1789153680372,126
1789153680538,125
1789153680681,124
1789153680817,123
1789153680992,122
1789153681133,121
1789153681271,120
1789153681474,119
1789153681686,118
1789153681849,117
1789153682015,116
1789153682150,115
1789153682282,114
1789153682442,113
1789153682566,112
1789153682697,111
1789153682866,110
1789153682986,109
1789153683100,108
1789153683208,107
1789153683350,106
1789153683486,105
1789153683603,104
1789153683754,103
1789153683885,102
1789153684012,101
1789153684136,100
1789153684293,99
1789153684440,98
1789153684564,97
1789153684708,96
1789153684826,95
1789153684937,94
1789153685051,93
1789153685172,92
1789153685284,91
1789153685384,90
1789153685478,89
1789153685581,88
1789153685702,87
1789153685793,86
1789153685890,85
1789153685989,84
1789153686085,83
1789153686175,82
1789153686280,81
1789153686397,80
1789153686525,79
1789153686649,78
1789153686746,77
1789153686874,76
1789153686974,75
1789153687074,74
1789153687169,73
1789153687270,72
1789153687381,71
1789153687479,70
1789153687576,69
1789153687670,68
1789153687768,67
1789153687880,66
1789153687979,65
1789153688077,64
1789153688178,63
1789153688270,62
1789153688386,61
1789153688489,60
1789153688591,59
1789153688691,58
1789153688781,57
1789153688895,56
1789153688996,55
1789153689090,54
1789153689185,53
1789153689278,52
1789153689398,51
1789153689502,50
1789153689598,49
1789153689689,48
1789153689791,47
1789153689907,46
1789153689987,45
1789153690064,44
1789153690139,43
1789153690213,42
1789153690288,41
1789153690360,40
1789153690433,39
1789153690518,38
1789153690597,37
1789153690672,36
1789153690748,35
1789153690824,34
1789153690897,33
1789153690970,32
1789153691062,31
1789153691135,30
1789153691209,29
1789153691289,28
1789153691393,27
1789153691501,26
1789153691600,25
1789153691681,24
1789153691776,23
1789153691853,22
1789153691930,21
1789153692004,20
1789153692077,19
1789153692149,18
1789153692221,17
1789153692313,16
1789153692388,15
1789153692463,14
1789153692540,13
1789153692612,12
1789153692685,11
1789153692764,10
1789153692841,9
1789153692939,8
1789153693019,7
1789153693096,6
1789153693171,5
1789153693248,4
1789153693323,3
1789153693397,2
1789153693471,1
1789153693558,0
