1789152628588,0
1789152628588,0
1789152628638,1
1789152629041,0
1789152629073,1
1789152629550,0
1789152629646,1
1789152629727,2
1789152629849,3
1789152629870,2
1789152629879,3
1789152629935,4
1789152630140,3
1789152630360,4
1789152630396,3
1789152630411,4
1789152630462,5
1789152630521,6
1789152630603,7
1789152630630,6
1789152630811,5
1789152631267,4
1789152631619,3
1789152631712,4
1789152631891,3
1789152632091,4
1789152632343,3
1789152632629,2
1789152632902,1
1789152633114,0
1789152633450,1
1789152633450,0
1789152633503,1
1789152633552,2
1789152633600,1
1789152633603,2
1789152633742,1
1789152633756,2
1789152633917,1
1789152633985,2
1789152634037,3
1789152634080,2
1789152634087,3
1789152634281,2
1789152634451,1
1789152634601,0
1789152635132,1
1789152635132,0
1789152635279,1
1789152635389,0
1789152635784,0
1789152635784,0
1789152636345,1
1789152636345,0
1789152636396,1
1789152636515,0
1789152636921,1
1789152636921,0
1789152637180,1
1789152637180,0
1789152637230,1
1789152637337,0
1789152638435,1
1789152638435,0
1789152638485,1
1789152638536,2
1789152638569,1
1789152638587,2
1789152638637,3
1789152638686,2
1789152638816,1
1789152638945,2
1789152638974,1
1789152638997,2
1789152639048,3
1789152639103,2
1789152639225,1
1789152639353,2
1789152639355,1
1789152639524,0
1789152639608,1
1789152639679,0
1789152641120,0
1789152641120,0
1789152641176,1
1789152641410,2
1789152641477,1
1789152641632,0
1789152641740,1
1789152641768,0
1789152641794,1
1789152641843,2
1789152641926,1
1789152642055,0
1789152642108,1
1789152642172,0
1789152642315,1
1789152642315,0
1789152642394,1
1789152642464,0
1789152642731,1
1789152642731,0
1789152642882,1
1789152642882,0
1789152644210,1
1789152644210,0
1789152644310,1
1789152644310,0
1789152644616,1
1789152644616,0
1789152644718,1
1789152644718,0
1789152644769,1
1789152644800,0
1789152645180,1
1789152645180,0
1789152645281,1
1789152645281,0
1789152645331,1
1789152645347,0
1789152645381,1
1789152645413,0
1789152645434,1
1789152645474,0
1789152645484,1
1789152645535,2
1789152645535,1
1789152645587,2
1789152645597,1
1789152645661,0
1789152646503,0
1789152646503,0
1789152646554,1
1789152646564,0
1789152647115,0
1789152647115,0
1789152647631,1
1789152647631,0
1789152647680,1
1789152647696,0
1789152647782,1
1789152647782,0
1789152647833,1
1789152647848,0
1789152647883,1
1789152647910,0
1789152647935,1
1789152647976,0
1789152648243,1
1789152648243,0
1789152648294,1
1789152648309,0
1789152648343,1
1789152648371,0
1789152648394,1
1789152648435,0
1789152648704,1
1789152648704,0
1789152649214,1
1789152649214,0
1789152649265,1
1789152649281,0
1789152649315,1
1789152649346,0
1789152649365,1
1789152649412,0
1789152650484,1
1789152650484,0
1789152650638,1
1789152650638,0
1789152650689,1
1789152650704,0
1789152650739,1
1789152650765,0
1789152650790,1
1789152650826,0
1789152650891,1
1789152650891,0
1789152650942,1
1789152650954,0
1789152651405,1
1789152651405,0
1789152653036,1
1789152653036,0
1789152653291,1
1789152653291,0
1789152653393,1
1789152653435,0
1789152653546,1
1789152653633,0
1789152654364,1
1789152654364,0
1789152654719,1
1789152654719,0
1789152654921,1
1789152654921,0
1789152655738,1
1789152655738,0
1789152655788,1
1789152655839,0
1789152655991,1
1789152655991,0
1789152656050,1
1789152656092,2
1789152656109,1
1789152656144,2
1789152656180,1
1789152656246,2
1789152656250,1
1789152656319,0
1789152656501,1
1789152656501,0
1789152656553,1
1789152656570,0
1789152656604,1
1789152656634,0
1789152656808,1
1789152656808,0
1789152656962,1
1789152656962,0
1789152657012,1
1789152657026,0
1789152657063,1
1789152657092,0
1789152657114,1
1789152657156,0
1789152657165,1
1789152657223,0
1789152657677,1
1789152657677,0
1789152657726,1
1789152657747,0
1789152657778,1
1789152657809,0
1789152657830,1
1789152657873,0
1789152657878,1
1789152657939,0
1789152658391,0
1789152658391,0
1789152659105,0
1789152659105,0
1789152659823,1
1789152659823,0
1789152660383,1
1789152660383,0
1789152660434,1
1789152660483,2
1789152660489,1
1789152660568,0
1789152660586,1
1789152660635,2
1789152660642,1
1789152660715,0
1789152661299,1
1789152661299,0
1789152661660,1
1789152661660,0
1789152661761,1
1789152661761,0
1789152662118,1
1789152662118,0
1789152662168,1
1789152662199,0
1789152662218,1
1789152662271,0
1789152662784,1
1789152662784,0
1789152662833,1
1789152662885,0
1789152662887,1
1789152662937,2
1789152662967,1
1789152662988,2
1789152663038,1
1789152663039,2
1789152663091,3
1789152663100,2
1789152663163,1
1789152663239,0
1789152663652,1
1789152663652,0
1789152664111,1
1789152664111,0
1789152664162,1
1789152664180,0
1789152664672,1
1789152664672,0
1789152665230,0
1789152665230,0
1789152665281,1
1789152665306,0
1789152665331,1
1789152665389,0
1789152666047,1
1789152666047,0
1789152666097,1
1789152666135,0
1789152666148,1
1789152666201,0
1789152666404,1
1789152666404,0
1789152666455,1
1789152666500,0
1789152667375,1
1789152667375,0
1789152667426,1
1789152667519,0
1789152667885,1
1789152667885,0
1789152668291,1
1789152668291,0
1789152668493,1
1789152668493,0
1789152668545,1
1789152668556,0
1789152668902,1
1789152668902,0
1789152668953,1
1789152668966,0
1789152669003,1
1789152669026,0
1789152669105,1
1789152669108,0
1789152669154,1
1789152669173,0
1789152669206,1
1789152669232,0
1789152669309,1
1789152669309,0
1789152669358,1
1789152669372,0
1789152669562,1
1789152669562,0
1789152669613,1
1789152669629,0
1789152669664,1
1789152669693,0
1789152669715,1
1789152669763,0
1789152669765,1
1789152669817,2
1789152669840,1
1789152669904,0
1789152670276,1
1789152670276,0
1789152670326,1
1789152670347,0
1789152670377,1
1789152670420,0
1789152670428,1
1789152670485,0
1789152670987,0
1789152670987,0
1789152671240,1
1789152671240,0
1789152671291,1
1789152671303,0
1789152672363,1
1789152672363,0
1789152672669,1
1789152672669,0
1789152672770,1
1789152672770,0
1789152672821,1
1789152672829,0
1789152672871,1
1789152672891,0
1789152672922,1
1789152672950,0
1789152673178,1
1789152673178,0
1789152673229,1
1789152673270,0
1789152673633,1
1789152673633,0
1789152673684,1
1789152673694,0
1789152673787,1
1789152673787,0
1789152673838,1
1789152673848,0
1789152674094,1
1789152674094,0
1789152674299,1
1789152674299,0
1789152674399,1
1789152674399,0
1789152674452,1
1789152674463,0
1789152674502,1
1789152674531,0
1789152674552,1
1789152674597,0
1789152674856,1
1789152674856,0
1789152675370,0
1789152675370,0
1789152675422,1
1789152675431,0
1789152675472,1
1789152675504,0
1789152675522,1
1789152675564,0
1789152675625,1
1789152675628,0
1789152675727,1
1789152675727,0
1789152675779,1
1789152675801,0
1789152676592,1
1789152676592,0
1789152677516,1
1789152677516,0
1789152677618,1
1789152677718,0
1789152678025,1
1789152678025,0
1789152678077,1
1789152678127,2
1789152678295,1
1789152678489,2
1789152678565,1
1789152678644,2
1789152678693,3
1789152678891,2
1789152679168,1
1789152679245,2
1789152679288,3
1789152679339,4
1789152679390,5
1789152679441,6
1789152679459,5
1789152679674,6
1789152679696,5
1789152679724,6
1789152679775,7
1789152679902,6
1789152679979,7
1789152680123,6
1789152680428,5
1789152680813,6
1789152680827,5
1789152681018,6
1789152681069,5
1789152681173,6
1789152681312,5
1789152681516,4
1789152681752,3
1789152681938,2
1789152682055,3
1789152682105,4
1789152682175,3
1789152682207,4
1789152682413,3
1789152682608,2
1789152682811,1
1789152683017,0
1789152683269,1
1789152683269,0
1789152683830,1
1789152683830,0
1789152683881,1
1789152683931,2
1789152683983,3
1789152684044,2
1789152684272,1
1789152684506,0
1789152684597,1
1789152684651,2
1789152684703,3
1789152684717,2
1789152684954,1
1789152685197,0
1789152685212,1
1789152685518,2
1789152685521,1
1789152685694,0
1789152685944,1
1789152685944,0
1789152685979,1
1789152686030,2
1789152686131,1
1789152686304,0
1789152686438,1
1789152686467,0
1789152686696,1
1789152686703,0
1789152686899,1
1789152686904,0
1789152687104,1
1789152687106,0
1789152687543,1
1789152687543,0
1789152687902,1
1789152687902,0
1789152687954,1
1789152688003,2
1789152688072,1
1789152688301,0
1789152689498,1
1789152689498,0
1789152689550,1
1789152689601,2
1789152689656,1
1789152689793,0
1789152690012,1
1789152690012,0
1789152690524,1
1789152690524,0
1789152690583,1
1789152690649,0
1789152690888,1
1789152690888,0
1789152690940,1
1789152691059,0
1789152691364,1
1789152691364,0
1789152691901,1
1789152691901,0
1789152691949,1
1789152692002,2
1789152692070,3
1789152692087,2
1789152692122,3
1789152692209,2
1789152692304,1
1789152692408,0
1789152692427,1
1789152692554,0
1789152692684,1
1789152692724,0
1789152692735,1
1789152692787,2
1789152692866,1
1789152692990,2
1789152692998,1
1789152693092,2
1789152693124,1
1789152693144,2
1789152693194,3
1789152693230,2
1789152693244,3
1789152693295,4
1789152693319,3
1789152693346,4
1789152693404,3
1789152693449,4
1789152693498,3
1789152693500,4
1789152693550,5
1789152693572,4
1789152693643,3
1789152693729,2
1789152693834,1
1789152693945,0
1789152693962,1
1789152694060,0
1789152695076,1
1789152695076,0
1789152695126,1
1789152695169,0
1789152695177,1
1789152695226,2
1789152695252,1
1789152695323,0
1789152695533,1
1789152695533,0
1789152695788,1
1789152695788,0
1789152695839,1
1789152695854,0
1789152696042,1
1789152696042,0
1789152696092,1
1789152696113,0
1789152696142,1
1789152696178,0
1789152696192,1
1789152696240,0
1789152696395,1
1789152696395,0
1789152696445,1
1789152696471,0
1789152696699,1
1789152696699,0
1789152696749,1
1789152696764,0
1789152696800,1
1789152696828,0
1789152696902,0
1789152696903,0
1789152696952,1
1789152696966,0
1789152697004,1
1789152697027,0
1789152697054,1
1789152697088,0
1789152697105,1
1789152697156,2
1789152697156,1
1789152697232,0
1789152697361,1
1789152697361,0
1789152697411,1
1789152697469,0
1789152698429,1
1789152698429,0
1789152699603,1
1789152699603,0
1789152700368,1
1789152700368,0
1789152700574,1
1789152700574,0
1789152701082,1
1789152701082,0
1789152701792,1
1789152701792,0
1789152702098,1
1789152702098,0
1789152702148,1
1789152702208,0
1789152702507,1
1789152702507,0
1789152703689,1
1789152703689,0
1789152703740,1
1789152703781,0
1789152704147,1
1789152704147,0
1789152704199,1
1789152704236,0
1789152704504,1
1789152704504,0
1789152704554,1
1789152704593,0
1789152704605,1
1789152704681,0
1789152705469,1
1789152705469,0
1789152705530,1
1789152705608,0
1789152705977,0
1789152705977,0
1789152706230,1
1789152706230,0
1789152706281,1
1789152706322,0
1789152706334,1
1789152706411,0
1789152706535,1
1789152706535,0
1789152706637,1
1789152706637,0
1789152707145,1
1789152707145,0
1789152707552,0
1789152707552,0
1789152707608,1
1789152707616,0
1789152708323,1
1789152708323,0
1789152708829,1
1789152708829,0
1789152709134,0
1789152709135,0
1789152709186,1
1789152709193,0
1789152709239,1
1789152709251,0
1789152709795,0
1789152709796,0
1789152709898,1
1789152709898,0
1789152710456,0
1789152710457,0
1789152710559,1
1789152710559,0
1789152710611,1
1789152710628,0
1789152710660,1
1789152710696,0
1789152710710,1
1789152710755,0
1789152710761,1
1789152710821,0
1789152710862,1
1789152710890,0
1789152711066,1
1789152711066,0
1789152711117,1
1789152711140,0
1789152711168,1
1789152711209,0
1789152711981,1
1789152711981,0
1789152712441,1
1789152712441,0
1789152712947,1
1789152712947,0
1789152713356,1
1789152713356,0
1789152713765,0
1789152713765,0
1789152713969,0
1789152713969,0
1789152714021,1
1789152714036,0
1789152714074,1
1789152714094,0
1789152714126,1
1789152714158,0
1789152714331,0
1789152714331,0
1789152714740,1
1789152714740,0
1789152714790,1
1789152714810,0
1789152714841,1
1789152714882,0
1789152714893,1
1789152714975,0
1789152715151,1
1789152715151,0
1789152715202,1
1789152715245,0
1789152715712,1
1789152715712,0
1789152716119,1
1789152716119,0
1789152716170,1
1789152716180,0
1789152716271,0
1789152716271,0
1789152716375,1
1789152716375,0
1789152716425,1
1789152716454,0
1789152716477,1
1789152716521,0
1789152716528,1
1789152716588,0
1789152716733,1
1789152716733,0
1789152716786,1
1789152716806,0
1789152717311,1
1789152717311,0
1789152718231,1
1789152718231,0
1789152718537,1
1789152718537,0
1789152718690,1
1789152718690,0
1789152718741,1
1789152718753,0
1789152719001,1
1789152719001,0
1789152719160,1
1789152719160,0
1789152719824,1
1789152719825,0
1789152719874,1
1789152719911,0
1789152719924,1
1789152720020,0
1789152720129,1
1789152720166,0
1789152720181,1
1789152720230,2
1789152720287,1
1789152720425,0
1789152720486,1
1789152720531,0
1789152721211,1
1789152721212,0
1789152721513,1
1789152721513,0
1789152721928,1
1789152721928,0
1789152722081,0
1789152722085,0
1789152722235,1
1789152722235,0
1789152722285,1
1789152722297,0
1789152722336,1
1789152722353,0
1789152722386,1
1789152722409,0
1789152722488,1
1789152722488,0
1789152722895,0
1789152722895,0
1789152723200,0
1789152723200,0
1789152723250,1
1789152723274,0
1789152723301,1
1789152723337,0
1789152723352,1
1789152723391,0
1789152723708,1
1789152723708,0
1789152723759,1
1789152723777,0
1789152723812,1
1789152723843,0
1789152723861,1
1789152723907,0
1789152724169,1
1789152724169,0
1789152724221,1
1789152724239,0
1789152724271,1
1789152724305,0
1789152724323,1
1789152724367,0
1789152724678,1
1789152724678,0
1789152724729,1
1789152724747,0
1789152724779,1
1789152724813,0
1789152725962,1
1789152725962,0
1789152726319,0
1789152726319,0
1789152726573,1
1789152726573,0
1789152726625,1
1789152726644,0
1789152726676,1
1789152726702,0
1789152726728,1
1789152726759,0
1789152727817,0
1789152727817,0
1789152727866,1
1789152727885,0
1789152727917,1
1789152727943,0
1789152728580,1
1789152728580,0
1789152728632,1
1789152728647,0
1789152728683,1
1789152728716,0
1789152728784,1
1789152728784,0
1789152728835,1
1789152728849,0
1789152728938,1
1789152728938,0
1789152728990,1
1789152729004,0
1789152729247,1
1789152729247,0
1789152729400,1
1789152729400,0
1789152729452,1
1789152729463,0
1789152729707,1
1789152729707,0
1789152729859,1
1789152729859,0
1789152729963,1
1789152729963,0
1789152730470,1
1789152730470,0
1789152730676,1
1789152730676,0
1789152730726,1
1789152730779,2
1789152730784,1
1789152730884,0
1789152731647,1
1789152731647,0
1789152732820,1
1789152732820,0
1789152733126,1
1789152733126,0
1789152733227,1
1789152733227,0
1789152734195,1
1789152734195,0
1789152734244,1
1789152734264,0
1789152734295,1
1789152734322,0
1789152735159,1
1789152735159,0
1789152735362,0
1789152735365,0
1789152735413,1
1789152735445,0
1789152735465,1
1789152735520,0
1789152736080,0
1789152736080,0
1789152736284,1
1789152736284,0
1789152738014,1
1789152738014,0
1789152738116,1
1789152738116,0
1789152738168,1
1789152738186,0
1789152738422,1
1789152738422,0
1789152739540,0
1789152739540,0
1789152739691,0
1789152739692,0
1789152739743,1
1789152739775,0
1789152739793,1
1789152739845,2
1789152739860,1
1789152739895,2
1789152739952,1
1789152740096,0
1789152740201,1
1789152740251,2
1789152740268,1
1789152740302,2
1789152740400,1
1789152740558,0
1789152741122,1
1789152741122,0
1789152741990,1
1789152741990,0
1789152742039,1
1789152742071,0
1789152742090,1
1789152742140,2
1789152742146,1
1789152742192,2
1789152742219,1
1789152742243,2
1789152742287,1
1789152742363,0
1789152742600,1
1789152742600,0
1789152742650,1
1789152742667,0
1789152742702,1
1789152742736,0
1789152742753,1
1789152742802,0
1789152743466,1
1789152743466,0
1789152743822,0
1789152743822,0
1789152744755,1
1789152744755,0
1789152744909,1
1789152744909,0
1789152744960,1
1789152745007,0
1789152745063,1
1789152745113,2
1789152745127,1
1789152745165,2
1789152745208,1
1789152745299,0
1789152745724,0
1789152745725,0
1789152745826,1
1789152745826,0
1789152745876,1
1789152745904,0
1789152745928,1
1789152745966,0
1789152745977,1
1789152746031,0
1789152746691,1
1789152746691,0
1789152746742,1
1789152746791,0
1789152747712,1
1789152747712,0
1789152747811,1
1789152747854,0
1789152747881,1
1789152747983,0
1789152748892,1
1789152748892,0
1789152749143,1
1789152749143,0
1789152749196,1
1789152749241,0
1789152749762,1
1789152749762,0
1789152749814,1
1789152749858,0
1789152750069,1
1789152750069,0
1789152750120,1
1789152750170,2
1789152750192,1
1789152750282,0
1789152750322,1
1789152750371,2
1789152750383,1
1789152750424,2
1789152750475,3
1789152750480,2
1789152750525,3
1789152750557,2
1789152750577,3
1789152750619,2
1789152750676,3
1789152750703,2
1789152750729,3
1789152750774,2
1789152750780,3
1789152750830,4
1789152750832,3
1789152750892,2
1789152750959,1
1789152751029,0
1789152751244,1
1789152751244,0
1789152751296,1
1789152751320,0
1789152751548,1
1789152751548,0
1789152751600,1
1789152751610,0
1789152752209,1
1789152752209,0
1789152752675,1
1789152752675,0
1789152752726,1
1789152752736,0
1789152753133,1
1789152753133,0
1789152753239,1
1789152753239,0
1789152753289,1
1789152753295,0
1789152753340,1
1789152753350,0
1789152753391,1
1789152753404,0
1789152753442,1
1789152753458,0
1789152753493,1
1789152753513,0
1789152753544,1
1789152753569,0
1789152754765,1
1789152754765,0
1789152754816,1
1789152754825,0
1789152754866,1
1789152754883,0
1789152755483,0
1789152755483,0
1789152756912,1
1789152756912,0
1789152756963,1
1789152756969,0
1789152757013,1
1789152757025,0
1789152757523,1
1789152757523,0
1789152757574,1
1789152757581,0
1789152757675,1
1789152757675,0
1789152757727,1
1789152757737,0
1789152757778,1
1789152757795,0
1789152757879,0
1789152757880,0
1789152757940,1
1789152757951,0
1789152758339,1
1789152758339,0
1789152758796,1
1789152758796,0
1789152759052,1
1789152759052,0
1789152759917,1
1789152759917,0
1789152760019,0
1789152760019,0
1789152760280,1
1789152760280,0
1789152760334,1
1789152760348,0
1789152760382,1
1789152760419,0
1789152761511,1
1789152761511,0
1789152761562,1
1789152761574,0
1789152761612,1
1789152761631,0
1789152761663,1
1789152761686,0
1789152761714,1
1789152761742,0
1789152762833,0
1789152762833,0
1789152763241,1
1789152763241,0
1789152763446,1
1789152763446,0
1789152763701,1
1789152763701,0
1789152763752,1
1789152763760,0
1789152764159,1
1789152764159,0
1789152764260,1
1789152764260,0
1789152764877,1
1789152764877,0
1789152765427,0
1789152765430,0
1789152765479,1
1789152765511,0
1789152765530,1
1789152765583,0
1789152765587,1
1789152765645,0
1789152766199,1
1789152766199,0
1789152766402,1
1789152766402,0
1789152766453,1
1789152766460,0
1789152766504,1
1789152766518,0
1789152766707,0
1789152766707,0
1789152766872,1
1789152766872,0
1789152766910,1
1789152766930,0
1789152766961,1
1789152766986,0
1789152767013,1
1789152767041,0
1789152767521,1
1789152767521,0
1789152767749,1
1789152767749,0
1789152768206,1
1789152768206,0
1789152768257,1
1789152768274,0
1789152768515,1
1789152768515,0
1789152769787,1
1789152769787,0
1789152769838,1
1789152769848,0
1789152769889,1
1789152769907,0
1789152769940,1
1789152769971,0
1789152770043,1
1789152770052,0
1789152770246,1
1789152770246,0
1789152771009,1
1789152771009,0
1789152771420,0
1789152771422,0
1789152771932,1
1789152771932,0
1789152772393,1
1789152772393,0
1789152772701,1
1789152772701,0
1789152772750,1
1789152772772,0
1789152772802,1
1789152772839,0
1789152772851,1
1789152772898,0
1789152772952,1
1789152772965,0
1789152773208,1
1789152773208,0
1789152773258,1
1789152773268,0
1789152773309,1
1789152773327,0
1789152773665,1
1789152773665,0
1789152773714,1
1789152773722,0
1789152773765,1
1789152773788,0
1789152773815,1
1789152773851,0
1789152773866,1
1789152773913,0
1789152773919,1
1789152773971,0
1789152774322,1
1789152774322,0
1789152774475,1
1789152774475,0
1789152774983,1
1789152774983,0
1789152775035,1
1789152775056,0
1789152775139,1
1789152775149,0
1789152775189,1
1789152775243,2
1789152775252,1
1789152775326,0
1789152775447,1
1789152775447,0
1789152775498,1
1789152775517,0
1789152776123,1
1789152776123,0
1789152776176,1
1789152776181,0
1789152776227,1
1789152776238,0
1789152776583,1
1789152776583,0
1789152776635,1
1789152776642,0
1789152776686,1
1789152776698,0
1789152776737,1
1789152776754,0
1789152777040,0
1789152777043,0
1789152777497,1
1789152777497,0
1789152777551,1
1789152777552,0
1789152777600,1
1789152777608,0
1789152777650,1
1789152777662,0
1789152777700,1
1789152777715,0
1789152777853,1
1789152777853,0
1789152778005,0
1789152778005,0
1789152778056,1
1789152778063,0
1789152778107,1
1789152778120,0
1789152778159,1
1789152778175,0
1789152778464,1
1789152778464,0
1789152778769,1
1789152778769,0
1789152779481,0
1789152779481,0
1789152779533,1
1789152779539,0
1789152779584,1
1789152779595,0
1789152779633,1
1789152779651,0
1789152779991,1
1789152779991,0
1789152780046,1
1789152780094,0
1789152780098,1
1789152780150,2
1789152780200,3
1789152780205,2
1789152780252,3
1789152780326,2
1789152780353,3
1789152780456,2
1789152780584,1
1789152780660,2
1789152780690,1
1789152780711,2
1789152780792,1
1789152780928,0
1789152780964,1
1789152781018,2
1789152781047,1
1789152781068,2
1789152781118,3
1789152781135,2
1789152781216,1
1789152781272,2
1789152781309,1
1789152781448,0
1789152781682,1
1789152781682,0
1789152782293,1
1789152782293,0
1789152782599,1
1789152782599,0
1789152783076,0
1789152783079,0
1789152783125,1
1789152783139,0
1789152783178,1
1789152783202,0
1789152783586,0
1789152783586,0
1789152783738,1
1789152783738,0
1789152783789,1
1789152783795,0
1789152784198,1
1789152784198,0
1789152784249,1
1789152784255,0
1789152784299,1
1789152784310,0
1789152784350,1
1789152784365,0
1789152784401,1
1789152784419,0
1789152784452,1
1789152784473,0
1789152784502,1
1789152784526,0
1789152784554,1
1789152784579,0
1789152784708,1
1789152784708,0
1789152784769,1
1789152784777,0
1789152785829,1
1789152785829,0
1789152785879,1
1789152785888,0
1789152785929,1
1789152785945,0
1789152786185,1
1789152786185,0
1789152786746,1
1789152786746,0
1789152787262,1
1789152787262,0
1789152787312,1
1789152787344,0
1789152787364,1
1789152787405,0
1789152787416,1
1789152787463,0
1789152787778,1
1789152787778,0
1789152787828,1
1789152787839,0
1789152787879,1
1789152787897,0
1789152788186,1
1789152788186,0
1789152788236,1
1789152788244,0
1789152788287,1
1789152788301,0
1789152788338,1
1789152788355,0
1789152788388,1
1789152788407,0
1789152788949,1
1789152788949,0
1789152788999,1
1789152789008,0
1789152789663,1
1789152789663,0
1789152790074,1
1789152790074,0
1789152790635,1
1789152790635,0
1789152790685,1
1789152790703,0
1789152790736,1
1789152790766,0
1789152790788,1
1789152790825,0
1789152834707,1
1789152834707,0
1789152834758,1
1789152835078,0
1789152835192,1
1789152835493,0
1789152835789,1
1789152835827,2
1789152835836,1
1789152835929,2
1789152835980,3
1789152836032,4
1789152836036,3
1789152836220,2
1789152836398,1
1789152836413,2
1789152836484,3
1789152836514,4
1789152836567,5
1789152836579,4
1789152836617,5
1789152836723,4
1789152836915,3
1789152837060,2
1789152837262,1
1789152837485,0
1789152837754,1
1789152837754,0
1789152838105,1
1789152838105,0
1789152839391,1
1789152839391,0
1789152839442,1
1789152839492,2
1789152839545,3
1789152839569,2
1789152839708,3
1789152839757,2
1789152839913,3
1789152839933,2
1789152839965,3
1789152840015,4
1789152840119,3
1789152840308,2
1789152840499,1
1789152840623,0
1789152841033,1
1789152841033,0
1789152841186,1
1789152841186,0
1789152841645,1
1789152841645,0
1789152842207,1
1789152842207,0
1789152842258,1
1789152842305,0
1789152842783,1
1789152842783,0
1789152843036,1
1789152843036,0
1789152843088,1
1789152843116,0
1789152844271,1
1789152844271,0
1789152844321,1
1789152844371,2
1789152844409,1
1789152844423,2
1789152844474,3
1789152844515,2
1789152844625,1
1789152844756,0
1789152844779,1
1789152844844,2
1789152844881,3
1789152844914,2
1789152845044,1
1789152845187,2
1789152845234,1
1789152845418,0
1789152845440,1
1789152845615,0
1789152846941,1
1789152846941,0
1789152846993,1
1789152847054,0
1789152847144,1
1789152847155,0
1789152847500,1
1789152847500,0
1789152847561,1
1789152847613,0
1789152847614,1
1789152847698,0
1789152847869,1
1789152847869,0
1789152848078,1
1789152848078,0
1789152848128,1
1789152848170,0
1789152848485,1
1789152848485,0
1789152848640,1
1789152848640,0
1789152849961,1
1789152849961,0
1789152850061,1
1789152850061,0
1789152850376,1
1789152850376,0
1789152850477,1
1789152850497,0
1789152850528,1
1789152850597,0
1789152850935,1
1789152850935,0
1789152851037,1
1789152851037,0
1789152851087,1
1789152851109,0
1789152851138,1
1789152851187,0
1789152851189,1
1789152851238,2
1789152851264,1
1789152851290,2
1789152851338,1
1789152851342,2
1789152851400,1
1789152851470,0
1789152852263,1
1789152852263,0
1789152852321,1
1789152852344,0
1789152852873,1
1789152852873,0
1789152853382,1
1789152853382,0
1789152853447,1
1789152853495,0
1789152853537,1
1789152853585,0
1789152853589,1
1789152853640,2
1789152853679,1
1789152853689,2
1789152853755,1
1789152853842,0
1789152853997,1
1789152853997,0
1789152854049,1
1789152854101,0
1789152854103,1
1789152854154,2
1789152854186,1
1789152854284,0
1789152854464,1
1789152854464,0
1789152855063,1
1789152855064,0
1789152855126,1
1789152855188,2
1789152855249,3
1789152855275,2
1789152855575,1
1789152855787,0
1789152856540,1
1789152856540,0
1789152856738,1
1789152856778,2
1789152856844,3
1789152856888,2
1789152856910,3
1789152857011,4
1789152857061,5
1789152857176,4
1789152857401,3
1789152857572,4
1789152857675,3
1789152857991,2
1789152858310,1
1789152858493,0
1789152859476,1
1789152859476,0
1789152859797,1
1789152859797,0
1789152859882,1
1789152859967,0
1789152860059,1
1789152860153,0
1789152861052,1
1789152861052,0
1789152861476,1
1789152861476,0
1789152861707,1
1789152861707,0
1789152862644,1
1789152862644,0
1789152862696,1
1789152862949,2
1789152862989,1
1789152863011,2
1789152863059,3
1789152863111,4
1789152863198,3
1789152863239,4
1789152863386,3
1789152863551,4
1789152863565,3
1789152863600,4
1789152863659,5
1789152863722,4
1789152863879,5
1789152863902,4
1789152864056,5
1789152864071,4
1789152864110,5
1789152864173,6
1789152864236,7
1789152864249,6
1789152864288,7
1789152864459,6
1789152864683,5
1789152864877,6
1789152864941,7
1789152864942,6
1789152865005,7
1789152865059,8
1789152865143,9
1789152865158,8
1789152865397,7
1789152865664,6
1789152865706,7
1789152865941,6
1789152866238,5
1789152866452,4
1789152866553,5
1789152866661,4
1789152866832,3
1789152866979,2
1789152867133,1
1789152867279,0
1789152867390,1
1789152867484,0
1789152868120,1
1789152868120,0
1789152868177,1
1789152868240,2
1789152868271,1
1789152868361,2
1789152868401,1
1789152868424,2
1789152868539,1
1789152868654,0
1789152869157,1
1789152869157,0
1789152869554,1
1789152869554,0
1789152869657,1
1789152869657,0
1789152870086,1
1789152870086,0
1789152870150,1
1789152870184,0
1789152870212,1
1789152870318,0
1789152870874,1
1789152870874,0
1789152870927,1
1789152870971,0
1789152870977,1
1789152871044,2
1789152871067,1
1789152871106,2
1789152871160,3
1789152871184,2
1789152871222,3
1789152871301,2
1789152871438,1
1789152871535,0
1789152871859,1
1789152871859,0
1789152872392,1
1789152872392,0
1789152872444,1
1789152872497,0
1789152873025,0
1789152873025,0
1789152873689,1
1789152873689,0
1789152873748,1
1789152873810,2
1789152873823,1
1789152873937,0
1789152874644,1
1789152874644,0
1789152874716,1
1789152874760,2
1789152874774,1
1789152874886,0
1789152875043,1
1789152875043,0
1789152875108,1
1789152875163,0
1789152876159,1
1789152876159,0
1789152876210,1
1789152876266,0
1789152876762,1
1789152876762,0
1789152877243,0
1789152877243,0
1789152877491,0
1789152877491,0
1789152877554,1
1789152877621,0
1789152877960,1
1789152877960,0
1789152878027,1
1789152878074,2
1789152878088,1
1789152878193,2
1789152878205,1
1789152878257,2
1789152878310,3
1789152878316,2
1789152878427,3
1789152878444,2
1789152878490,3
1789152878539,2
1789152878671,1
1789152878712,2
1789152878776,3
1789152878799,2
1789152878843,3
1789152878894,4
1789152878926,3
1789152878941,4
1789152878992,5
1789152879052,4
1789152879164,3
1789152879287,2
1789152879420,1
1789152879508,2
1789152879554,1
1789152879572,2
1789152879635,3
1789152879691,4
1789152879699,3
1789152879839,2
1789152879957,1
1789152880102,0
1789152880355,1
1789152880355,0
1789152880661,1
1789152880661,0
1789152880724,1
1789152880837,0
1789152881944,1
1789152881944,0
1789152882310,1
1789152882310,0
1789152882411,1
1789152882429,0
1789152882463,1
1789152882521,0
1789152882528,1
1789152882577,2
1789152882613,1
1789152882730,0
1789152882862,1
1789152882862,0
1789152882913,1
1789152882963,0
1789152883362,1
1789152883362,0
1789152883427,1
1789152883497,0
1789152883560,1
1789152883613,2
1789152883629,1
1789152883744,0
1789152883911,1
1789152883911,0
1789152884145,1
1789152884145,0
1789152884277,1
1789152884326,2
1789152884388,1
1789152884393,2
1789152884427,3
1789152884575,2
1789152884745,1
1789152884792,2
1789152884890,1
1789152885057,0
1789152885387,1
1789152885387,0
1789152885470,1
1789152885518,2
1789152885581,3
1789152885653,2
1789152885706,3
1789152885809,2
1789152885832,3
1789152885890,4
1789152885960,3
1789152886075,2
1789152886213,1
1789152886341,0
1789152886847,1
1789152886847,0
1789152887910,1
1789152887910,0
1789152888025,1
1789152888076,0
1789152888504,1
1789152888504,0
1789152888575,1
1789152888637,2
1789152888648,1
1789152888802,0
1789152889042,0
1789152889042,0
1789152889221,1
1789152889221,0
1789152889274,1
1789152889385,0
1789152889841,1
1789152889841,0
1789152889904,1
1789152889960,2
1789152890001,1
1789152890026,2
1789152890084,3
1789152890188,2
1789152890313,1
1789152890342,2
1789152890391,3
1789152890441,2
1789152890456,3
1789152890559,2
1789152890692,3
1789152890719,2
1789152890856,1
1789152890980,0
1789152891558,1
1789152891558,0
1789152891793,1
1789152891793,0
1789152891975,1
1789152891975,0
1789152892943,0
1789152892943,0
1789152893010,1
1789152893049,0
1789152893125,1
1789152893164,0
1789152894275,1
1789152894275,0
1789152894926,1
1789152894926,0
1789152894977,1
1789152895042,2
1789152895053,1
1789152895094,2
1789152895182,1
1789152895355,0
1789152895809,1
1789152895809,0
1789152895861,1
1789152895925,2
1789152895935,1
1789152896091,0
1789152896545,1
1789152896545,0
1789152896860,0
1789152896860,0
1789152897345,1
1789152897345,0
1789152897408,1
1789152897460,2
1789152897485,1
1789152897670,0
1789152897926,1
1789152897974,0
1789152898225,1
1789152898225,0
1789152898457,1
1789152898457,0
1789152898677,1
1789152898677,0
1789152899160,0
1789152899160,0
1789152899541,1
1789152899541,0
1789152899593,1
1789152899660,2
1789152899673,1
1789152899778,0
1789152901319,1
1789152901319,0
1789152901371,1
1789152901425,2
1789152901559,1
1789152901764,0
1789152901896,1
1789152901971,0
1789152902451,1
1789152902451,0
1789152902507,1
1789152902615,0
1789152902883,1
1789152902883,0
1789152902947,1
1789152903009,0
1789152903475,1
1789152903475,0
1789152904043,1
1789152904043,0
1789152904091,1
1789152904142,2
1789152904161,1
1789152904208,2
1789152904259,3
1789152904260,2
1789152904355,1
1789152904473,0
1789152904610,1
1789152904610,0
1789152904892,0
1789152904892,0
1789152904974,1
1789152905008,2
1789152905026,1
1789152905164,0
1789152905226,1
1789152905314,0
1789152905343,1
1789152905393,2
1789152905460,3
1789152905510,4
1789152905516,3
1789152905576,4
1789152905626,5
1789152905670,4
1789152905743,5
1789152905793,6
1789152905799,5
1789152905865,6
1789152905926,5
1789152906034,4
1789152906144,3
1789152906261,2
1789152906326,3
1789152906394,2
1789152906535,1
1789152906665,0
1789152907625,1
1789152907625,0
1789152907693,1
1789152907759,2
1789152907789,1
1789152907808,2
1789152907933,1
1789152908082,0
1789152908143,1
1789152908218,0
1789152908425,1
1789152908425,0
1789152908478,1
1789152908607,0
1789152908694,1
1789152908759,2
1789152908803,1
1789152908807,2
1789152908860,3
1789152909003,2
1789152909089,3
1789152909175,4
1789152909275,3
1789152909440,2
1789152909457,3
1789152909507,4
1789152909576,5
1789152909602,4
1789152909690,5
1789152909740,6
1789152909765,5
1789152909796,6
1789152909841,7
1789152909893,8
1789152909919,7
1789152909960,8
1789152910070,7
1789152910174,8
1789152910226,9
1789152910235,8
1789152910443,7
1789152910805,6
1789152911036,5
1789152911218,4
1789152911398,3
1789152911409,4
1789152911547,3
1789152911699,2
1789152911969,1
1789152912306,0
1789152912679,1
1789152912679,0
1789152913448,1
1789152913448,0
1789152913651,1
1789152913651,0
1789152914165,1
1789152914165,0
1789152914883,1
1789152914883,0
1789152915187,1
1789152915187,0
1789152915239,1
1789152915340,0
1789152915595,1
1789152915595,0
1789152916791,1
1789152916791,0
1789152916841,1
1789152916885,0
1789152917250,0
1789152917253,0
1789152917302,1
1789152917331,0
1789152917608,1
1789152917608,0
1789152917659,1
1789152917692,0
1789152917710,1
1789152917763,0
1789152918579,1
1789152918579,0
1789152918631,1
1789152918681,0
1789152919091,1
1789152919091,0
1789152919363,1
1789152919363,0
1789152919414,1
1789152919465,2
1789152919550,1
1789152919669,2
1789152919727,1
1789152919770,2
1789152919890,1
1789152920037,0
1789152920289,1
1789152920289,0
1789152920728,0
1789152920728,0
1789152920776,1
1789152920965,0
1789152921522,1
1789152921522,0
1789152922032,1
1789152922032,0
1789152922338,1
1789152922338,0
1789152922387,1
1789152922439,2
1789152922481,1
1789152922680,0
1789152922999,1
1789152922999,0
1789152923110,1
1789152923115,0
1789152923662,1
1789152923662,0
1789152923766,1
1789152923801,0
1789152923818,1
1789152923870,2
1789152923896,1
1789152923919,2
1789152923971,3
1789152923973,2
1789152924039,1
1789152924074,2
1789152924116,1
1789152924217,0
1789152924290,1
1789152924303,0
1789152924340,1
1789152924388,0
1789152924391,1
1789152924481,0
1789152925206,1
1789152925206,0
1789152925664,1
1789152925664,0
1789152926177,1
1789152926177,0
1789152926583,1
1789152926583,0
1789152926990,0
1789152926990,0
1789152927211,1
1789152927211,0
1789152927261,1
1789152927314,2
1789152927322,1
1789152927366,2
1789152927412,1
1789152927495,0
1789152927568,1
1789152927574,0
1789152927975,0
1789152927975,0
1789152928026,1
1789152928066,0
1789152928078,1
1789152928129,2
1789152928136,1
1789152928211,0
1789152928387,1
1789152928387,0
1789152928437,1
1789152928469,0
1789152928947,1
1789152928947,0
1789152929355,1
1789152929355,0
1789152929406,1
1789152929438,0
1789152929518,1
1789152929520,0
1789152929621,1
1789152929621,0
1789152929674,1
1789152929694,0
1789152929724,1
1789152929761,0
1789152929774,1
1789152929828,0
1789152929979,1
1789152929979,0
1789152930030,1
1789152930059,0
1789152930541,1
1789152930541,0
1789152931456,1
1789152931456,0
1789152931763,0
1789152931763,0
1789152931915,1
1789152931915,0
1789152931968,1
1789152932026,0
1789152932220,1
1789152932220,0
1789152932373,1
1789152932373,0
1789152933048,0
1789152933050,0
1789152933099,1
1789152933118,0
1789152933151,1
1789152933182,0
1789152933354,1
1789152933354,0
1789152933405,1
1789152933433,0
1789152933456,1
1789152933505,0
1789152933712,1
1789152933712,0
1789152934429,1
1789152934429,0
1789152934737,1
1789152934737,0
1789152935144,0
1789152935144,0
1789152935297,1
1789152935297,0
1789152935450,1
1789152935482,0
1789152935500,1
1789152935551,2
1789152935603,3
1789152935608,2
1789152935695,1
1789152935703,2
1789152935796,1
1789152935900,0
1789152936112,1
1789152936112,0
1789152936425,1
1789152936425,0
1789152936476,1
1789152936529,2
1789152936579,3
1789152936603,2
1789152936756,1
1789152936893,0
1789152936937,1
1789152936990,2
1789152937002,1
1789152937040,2
1789152937091,3
1789152937102,2
1789152937200,1
1789152937399,2
1789152937406,1
1789152937449,2
1789152937499,3
1789152937559,4
1789152937668,3
1789152937935,2
1789152937984,3
1789152938046,4
1789152938107,5
1789152938126,4
1789152938280,3
1789152938450,2
1789152938581,1
1789152938701,0
1789152939392,1
1789152939392,0
1789152939791,1
1789152939791,0
1789152940092,1
1789152940092,0
1789152940157,1
1789152940195,0
1789152940207,1
1789152940274,2
1789152940300,1
1789152940442,0
1789152941492,0
1789152941492,1
1789152941553,1
1789152941609,2
1789152941664,1
1789152941790,0
1789152942359,1
1789152942359,0
1789152942409,1
1789152942471,0
1789152942475,1
1789152942575,2
1789152942612,1
1789152942647,2
1789152942759,3
1789152942790,2
1789152942826,3
1789152942902,2
1789152943017,1
1789152943093,2
1789152943128,1
1789152943233,0
1789152943246,1
1789152943296,2
1789152943394,1
1789152943501,0
1789152943560,1
1789152943596,0
1789152943715,0
1789152943715,0
1789152943819,1
1789152943882,0
1789152944328,1
1789152944328,0
1789152944541,1
1789152944541,0
1789152944592,1
1789152944626,0
1789152944643,1
1789152944708,0
1789152945515,1
1789152945515,0
1789152946688,1
1789152946688,0
1789152946994,1
1789152946994,0
1789152947097,1
1789152947097,0
1789152948072,1
1789152948072,0
1789152948125,1
1789152948176,2
1789152948185,1
1789152948276,0
1789152949044,1
1789152949044,0
1789152949250,1
1789152949250,0
1789152949301,1
1789152949352,2
1789152949446,1
1789152949687,0
1789152950075,1
1789152950075,0
1789152950325,1
1789152950325,0
1789152952258,1
1789152952258,0
1789152952374,0
1789152952374,0
1789152952425,1
1789152952479,0
1789152952724,0
1789152952724,0
1789152953959,1
1789152953959,0
1789152954139,1
1789152954139,0
1789152954192,1
1789152954242,2
1789152954272,1
1789152954309,2
1789152954375,3
1789152954390,2
1789152954522,1
1789152954633,0
1789152954707,1
1789152954751,0
1789152954775,1
1789152954825,2
1789152954846,1
1789152954980,0
1789152955741,1
1789152955741,0
1789152956731,1
1789152956731,0
1789152956775,1
1789152956842,2
1789152956845,1
1789152956905,2
1789152956959,3
1789152956967,2
1789152957009,3
1789152957079,2
1789152957229,1
1789152957360,0
1789152957441,1
1789152957465,0
1789152957491,1
1789152957542,2
1789152957564,1
1789152957607,2
1789152957671,1
1789152957783,0
1789152958425,1
1789152958425,0
1789152958824,1
1789152958824,0
1789152959824,1
1789152959824,0
1789152959992,1
1789152959992,0
1789152960057,1
1789152960110,0
1789152960175,1
1789152960225,2
1789152960266,1
1789152960290,2
1789152960378,1
1789152960526,0
1789152960907,1
1789152960907,0
1789152961025,1
1789152961039,0
1789152961090,1
1789152961171,2
1789152961171,1
1789152961217,2
1789152961272,1
1789152961361,0
1789152962107,1
1789152962107,0
1789152962170,1
1789152962234,0
1789152963376,1
1789152963376,0
1789152963492,1
1789152963492,0
1789152963542,1
1789152963582,0
1789152964690,0
1789152964691,0
1789152964974,0
1789152964974,0
1789152965024,1
1789152965080,0
1789152965656,1
1789152965656,0
1789152965725,1
1789152965764,0
1789152966025,1
1789152966025,0
1789152966091,1
1789152966139,2
1789152966143,1
1789152966260,0
1789152966308,1
1789152966356,0
1789152966358,1
1789152966423,2
1789152966456,1
1789152966474,2
1789152966556,3
1789152966575,2
1789152966607,3
1789152966676,2
1789152966707,3
1789152966757,4
1789152966804,3
1789152966808,4
1789152966873,5
1789152966909,4
1789152967013,3
1789152967114,2
1789152967239,1
1789152967340,2
1789152967342,1
1789152967389,2
1789152967431,1
1789152967526,0
1789152967673,0
1789152967673,0
1789152967725,1
1789152967805,0
1789152968407,1
1789152968407,0
1789152968925,0
1789152968925,0
1789152968991,1
1789152969016,0
1789152969440,1
1789152969440,0
1789152969557,1
1789152969557,0
1789152969623,1
1789152969648,0
1789152969677,1
1789152969723,2
1789152969758,1
1789152969773,2
1789152969841,3
1789152969859,2
1789152969890,3
1789152969963,2
1789152970056,1
1789152970153,0
1789152971275,1
1789152971275,0
1789152971341,1
1789152971369,0
1789152971390,1
1789152971480,0
1789152972076,1
1789152972076,0
1789152973640,0
1789152973640,0
1789152973706,1
1789152973739,0
1789152973758,1
1789152973890,0
1789152974308,1
1789152974308,0
1789152974390,1
1789152974424,0
1789152974506,1
1789152974556,2
1789152974580,1
1789152974623,2
1789152974703,1
1789152974749,2
1789152974805,3
1789152974819,2
1789152974959,1
1789152975081,0
1789152975241,0
1789152975241,0
1789152975757,1
1789152975757,0
1789152976057,0
1789152976057,0
1789152976966,0
1789152976966,0
1789152977067,1
1789152977204,0
1789152977323,1
1789152977376,2
1789152977404,1
1789152977425,2
1789152977596,1
1789152977786,0
1789152978578,1
1789152978578,0
1789152978628,1
1789152978681,2
1789152978726,1
1789152978731,2
1789152978781,3
1789152978885,2
1789152979025,1
1789152979187,0
1789152979904,1
1789152979904,0
1789152980314,1
1789152980314,0
1789152980518,1
1789152980518,0
1789152980772,1
1789152980772,0
1789152980823,1
1789152981004,0
1789152981231,1
1789152981231,0
1789152981334,1
1789152981380,0
1789152981953,1
1789152981953,0
1789152982537,1
1789152982537,0
1789152982588,1
1789152982639,2
1789152982690,3
1789152982705,2
1789152982952,1
1789152983302,0
1789152983347,1
1789152983551,2
1789152983575,1
1789152983603,2
1789152983655,3
1789152983837,2
1789152983902,3
1789152984035,4
1789152984086,5
1789152984138,6
1789152984141,5
1789152984191,6
1789152984336,5
1789152984541,4
1789152984702,5
1789152984707,4
1789152984818,3
1789152984905,4
1789152984958,3
1789152985085,2
1789152985235,1
1789152985364,2
1789152985415,3
1789152985447,2
1789152985671,3
1789152985697,2
1789152985933,1
1789152986125,0
1789152986951,1
1789152986951,0
1789152987002,1
1789152987053,2
1789152987103,3
1789152987127,2
1789152987205,3
1789152987316,2
1789152987410,3
1789152987501,2
1789152987647,1
1789152987795,0
1789152988184,1
1789152988184,0
1789152988601,1
1789152988601,0
1789152989123,1
1789152989123,0
1789152989585,1
1789152989585,0
1789152989893,1
1789152989893,0
1789152989964,1
1789152990000,2
1789152990048,3
1789152990115,2
1789152990151,3
1789152990284,2
1789152990405,3
1789152990418,2
1789152990458,3
1789152990508,4
1789152990579,3
1789152990717,2
1789152990862,1
1789152990882,2
1789152990933,3
1789152990984,4
1789152991018,3
1789152991038,4
1789152991091,5
1789152991141,6
1789152991145,5
1789152991242,4
1789152991340,3
1789152991445,2
1789152991543,1
1789152991550,2
1789152991640,1
1789152991704,2
1789152991744,1
1789152991854,0
1789152992211,1
1789152992211,0
1789152992263,1
1789152992352,0
1789152992363,1
1789152992413,2
1789152992464,3
1789152992504,2
1789152992627,1
1789152992668,2
1789152992719,3
1789152992740,2
1789152992872,1
1789152992993,0
1789152993332,1
1789152993332,0
1789152993383,1
1789152993433,2
1789152993470,1
1789152993633,0
1789152993811,1
1789152993811,0
1789152993861,1
1789152993913,2
1789152993954,1
1789152993963,2
1789152994049,1
1789152994177,0
1789152994269,1
1789152994310,0
1789152994733,1
1789152994733,0
1789152994785,1
1789152994834,2
1789152994876,1
1789152994887,2
1789152994938,3
1789152994998,2
1789152995090,3
1789152995095,2
1789152995180,1
1789152995242,2
1789152995295,3
1789152995313,2
1789152995344,3
1789152995397,4
1789152995443,3
1789152995598,2
1789152995703,3
1789152995738,2
1789152995896,1
1789152996008,2
1789152996021,1
1789152996172,0
1789152996754,1
1789152996754,0
1789152996803,1
1789152996855,2
1789152996869,1
1789152996905,2
1789152996996,1
1789152997118,0
1789152997270,1
1789152997270,0
1789152997320,1
1789152997371,2
1789152997375,1
1789152997421,2
1789152997463,1
1789152997472,2
1789152997522,3
1789152997538,2
1789152997621,1
1789152997625,2
1789152997747,1
1789152997865,0
1789152997929,1
1789152997959,0
1789152997980,1
1789152998050,0
1789152998286,1
1789152998314,0
1789152998377,1
1789152998425,2
1789152998486,3
1789152998515,2
1789152998666,1
1789152998668,2
1789152998951,1
1789152999137,2
1789152999176,1
1789152999311,0
1789152999889,1
1789152999889,0
1789153000208,1
1789153000208,0
1789153000723,0
1789153000723,0
1789153000774,1
1789153000824,2
1789153000825,1
1789153000968,0
1789153001291,1
1789153001291,0
1789153001474,1
1789153001474,0
1789153001545,1
1789153001628,0
1789153001974,1
1789153001974,0
1789153002041,1
1789153002084,0
1789153002091,1
1789153002141,2
1789153002210,3
1789153002237,2
1789153002291,3
1789153002347,2
1789153002357,3
1789153002407,4
1789153002463,3
1789153002566,2
1789153002574,3
1789153002641,4
1789153002661,3
1789153002771,2
1789153002868,1
1789153002980,0
1789153003857,1
1789153003857,0
1789153003908,1
1789153003957,2
1789153003959,1
1789153004075,0
1789153004254,0
1789153004254,0
1789153004874,1
1789153004874,0
1789153005478,1
1789153005478,0
1789153005523,1
1789153005572,2
1789153005587,1
1789153005625,2
1789153005699,1
1789153005791,0
1789153006041,1
1789153006041,0
1789153006091,1
1789153006141,2
1789153006194,1
1789153006315,0
1789153006508,1
1789153006508,0
1789153006556,1
1789153006609,2
1789153006656,3
1789153006731,2
1789153006735,3
1789153007046,2
1789153007269,1
1789153007403,2
1789153007436,1
1789153007458,2
1789153007590,1
1789153007765,0
1789153008231,1
1789153008231,0
1789153008743,1
1789153008743,0
1789153009406,1
1789153009406,0
1789153009468,1
1789153009524,2
1789153009567,1
1789153009617,2
1789153009709,1
1789153009834,0
1789153567886,0
1789153567886,0
1789153567908,1
1789153568109,2
1789153568342,3
1789153568378,4
1789153568418,5
1789153568460,6
1789153568482,7
1789153568536,6
1789153568649,7
1789153568705,8
1789153568705,9
1789153568713,10
1789153568735,11
1789153568858,10
1789153569334,11
1789153569341,10
1789153569503,11
1789153569649,10
1789153569952,9
1789153570184,10
1789153570204,11
1789153570227,10
1789153570229,11
1789153570247,12
1789153570310,13
1789153570395,14
1789153570416,15
1789153570438,16
1789153570467,15
1789153570646,14
1789153570858,13
1789153570885,14
1789153570947,15
1789153571037,14
1789153571138,15
1789153571227,14
1789153571375,15
1789153571424,16
1789153571467,15
1789153571637,16
1789153571718,15
1789153571746,16
1789153571763,17
1789153571922,16
1789153572139,15
1789153572283,16
1789153572305,15
1789153572307,16
1789153572327,17
1789153572350,18
1789153572370,19
1789153572499,20
1789153572503,19
1789153572520,20
1789153572541,21
1789153572708,22
1789153572725,21
1789153572817,22
1789153572921,21
1789153573126,20
1789153573367,19
1789153573471,20
1789153573495,21
1789153573558,22
1789153573586,21
1789153573708,22
1789153573730,23
1789153573750,24
1789153573760,23
1789153573884,24
1789153573939,23
1789153573967,24
1789153573987,25
1789153574098,24
1789153574137,25
1789153574201,26
1789153574252,25
1789153574434,24
1789153574583,23
1789153574732,22
1789153574792,23
1789153574814,24
1789153574919,23
1789153574959,24
1789153575000,25
1789153575023,26
1789153575126,25
1789153575213,26
1789153575260,27
1789153575281,28
1789153575312,29
1789153575342,30
1789153575373,31
1789153575391,30
1789153575411,31
1789153575480,32
1789153575656,31
1789153575828,30
1789153576004,29
1789153576048,30
1789153576062,31
1789153576222,30
1789153576446,31
1789153576450,30
1789153576663,29
1789153576810,30
1789153576830,31
1789153576889,30
1789153576896,31
1789153576927,32
1789153576960,33
1789153576994,34
1789153577089,33
1789153577178,34
1789153577198,35
1789153577229,36
1789153577321,37
1789153577360,36
1789153577491,37
1789153577600,36
1789153577795,37
1789153577811,38
1789153577823,37
1789153577846,38
1789153577878,39
1789153578163,38
1789153578419,37
1789153578646,38
1789153578693,37
1789153578744,38
1789153578779,39
1789153578812,40
1789153578848,41
1789153578922,42
1789153579012,43
1789153579017,42
1789153579281,43
1789153579299,42
1789153579774,41
1789153580113,40
1789153580321,39
1789153580379,40
1789153580546,41
1789153580625,40
1789153580636,41
1789153580739,42
1789153581142,41
1789153581190,42
1789153581332,43
1789153581418,44
1789153581427,43
1789153581675,42
1789153581759,43
1789153581779,44
1789153581864,45
1789153581885,46
1789153581946,45
1789153581946,46
1789153581964,47
1789153582007,48
1789153582113,49
1789153582133,50
1789153582153,49
1789153582154,50
1789153582237,51
1789153582299,52
1789153582321,53
1789153582342,54
1789153582354,53
1789153582364,54
1789153582386,55
1789153582630,56
1789153582641,55
1789153582650,56
1789153582672,57
1789153582702,58
1789153582716,59
1789153582954,60
1789153583031,59
1789153583257,60
1789153583349,59
1789153583568,60
1789153583713,59
1789153583842,60
1789153583863,61
1789153583885,62
1789153583927,63
1789153583949,64
1789153583952,63
1789153584156,62
1789153584229,63
1789153584401,62
1789153584415,63
1789153584457,64
1789153584610,65
1789153584629,66
1789153584655,65
1789153584657,66
1789153584884,67
1789153584905,68
1789153584905,67
1789153584925,68
1789153584946,69
1789153584967,70
1789153585004,71
1789153585009,72
1789153585148,71
1789153585278,72
1789153585364,71
1789153585470,72
1789153585492,73
1789153585560,72
1789153585723,73
1789153585772,72
1789153585956,71
1789153585958,72
1789153585979,73
1789153586001,74
1789153586128,73
1789153586333,74
1789153586355,75
1789153586377,76
1789153586377,75
1789153586484,76
1789153586505,77
1789153586609,76
1789153586825,75
1789153586907,76
1789153586913,77
1789153587025,76
1789153587136,77
1789153587193,76
1789153587304,77
1789153587363,76
1789153587389,77
1789153587410,78
1789153587601,79
1789153587623,80
1789153587626,79
1789153587644,80
1789153587685,81
1789153587707,82
1789153587726,83
1789153587769,84
1789153587790,85
1789153587803,84
1789153587875,85
1789153587896,86
1789153587916,87
1789153587937,88
1789153587958,89
1789153587970,88
1789153587980,89
1789153588160,88
1789153588185,89
1789153588204,90
1789153588226,91
1789153588248,92
1789153588309,91
1789153588477,90
1789153588482,91
1789153588586,92
1789153588618,93
1789153588663,92
1789153588864,91
1789153589064,92
1789153589068,91
1789153589210,92
1789153589254,93
1789153589275,94
1789153589303,95
1789153589319,96
1789153589378,95
1789153589472,96
1789153589497,97
1789153589597,96
1789153589666,97
1789153589686,98
1789153589727,99
1789153589748,100
1789153589785,99
1789153589855,100
1789153589964,101
1789153590005,100
1789153590009,101
1789153590029,102
1789153590051,103
1789153590073,104
1789153590230,105
1789153590326,104
1789153590444,105
1789153590465,106
1789153590486,107
1789153590507,108
1789153590579,109
1789153590580,108
1789153590591,109
1789153590660,110
1789153590809,109
1789153590998,110
1789153591033,109
1789153591285,108
1789153591403,109
1789153591446,110
1789153591505,109
1789153591615,110
1789153591637,111
1789153591659,112
1789153591742,111
1789153591811,112
1789153591873,113
1789153591901,114
1789153592019,113
1789153592146,114
1789153592168,115
1789153592189,116
1789153592190,115
1789153592210,116
1789153592232,117
1789153592318,118
1789153592338,119
1789153592340,118
1789153592359,119
1789153592445,120
1789153592534,119
1789153592700,118
1789153592787,119
1789153592851,118
1789153592873,119
1789153592937,120
1789153593040,119
1789153593206,118
1789153593310,119
1789153593332,120
1789153593364,119
1789153593375,120
1789153593575,119
1789153593818,118
1789153593830,119
1789153594024,118
1789153594057,119
1789153594079,120
1789153594101,121
1789153594122,122
1789153594255,121
1789153594403,122
1789153594424,123
1789153594445,124
1789153594466,123
1789153594657,124
1789153594720,123
1789153594786,124
1789153594978,125
1789153594987,124
1789153595000,125
1789153595021,126
1789153595193,127
1789153595225,126
1789153595298,127
1789153595383,128
1789153595474,129
1789153595480,128
1789153595650,129
1789153595798,128
1789153595837,129
1789153595859,130
1789153595895,131
1789153596283,130
1789153596624,129
1789153596809,130
1789153596811,131
1789153596829,132
1789153596937,131
1789153597097,132
1789153597150,131
1789153597354,130
1789153597458,131
1789153597462,132
1789153597599,131
1789153597661,132
1789153597694,133
1789153597812,132
1789153597946,133
1789153598051,132
1789153598294,133
1789153598315,132
1789153598341,133
1789153598362,134
1789153598394,135
1789153598430,136
1789153598548,135
1789153598611,136
1789153598762,137
1789153598791,136
1789153598796,137
1789153598828,138
1789153598977,139
1789153599045,140
1789153599078,141
1789153599090,140
1789153599112,141
1789153599144,142
1789153599175,143
1789153599195,144
1789153599262,145
1789153599295,146
1789153599343,147
1789153599350,146
1789153599567,145
1789153599617,146
1789153599799,145
1789153599995,144
1789153600194,143
1789153600344,144
1789153600362,145
1789153600396,146
1789153600427,147
1789153600460,146
1789153600634,147
1789153600760,146
1789153600780,147
1789153600812,148
1789153600956,149
1789153600988,150
1789153601012,151
1789153601047,152
1789153601091,151
1789153601180,152
1789153601245,153
1789153601412,154
1789153601446,155
1789153601479,156
1789153601501,155
1789153601541,156
1789153601574,157
1789153601607,158
1789153601636,159
1789153601666,160
1789153601698,161
1789153601822,162
1789153601842,161
1789153601845,162
1789153602164,161
1789153602406,160
1789153602513,161
1789153602644,160
1789153603072,159
1789153603310,160
1789153603338,159
1789153603562,158
1789153603823,157
1789153603862,158
1789153603975,159
1789153604112,158
1789153604279,159
1789153604350,158
1789153604609,157
1789153604743,158
1789153604810,157
1789153604912,158
1789153604942,159
1789153605013,158
1789153605195,159
1789153605237,158
1789153605426,157
1789153605605,156
1789153605916,155
1789153605956,156
1789153605988,157
1789153606245,158
1789153606253,157
1789153606263,158
1789153606445,159
1789153606476,160
1789153606510,161
1789153606565,160
1789153606981,159
1789153607095,160
1789153607131,161
1789153607227,160
1789153607412,161
1789153607441,160
1789153607615,161
1789153607616,162
1789153607696,163
1789153607704,162
1789153607796,163
1789153607864,164
1789153607974,163
1789153608110,164
1789153608287,165
1789153608305,164
1789153608306,165
1789153608625,164
1789153608636,165
1789153608851,166
1789153608890,165
1789153608980,166
1789153609000,167
1789153609022,168
1789153609172,167
1789153609259,168
1789153609346,169
1789153609478,168
1789153609584,169
1789153609638,170
1789153609663,171
1789153609689,172
1789153609719,173
1789153609736,174
1789153609780,175
1789153609856,174
1789153609873,175
1789153609904,176
1789153609917,177
1789153610178,176
1789153610276,177
1789153610515,178
1789153610566,177
1789153610793,178
1789153610868,177
1789153610973,178
1789153611133,179
1789153611155,178
1789153611221,179
1789153611285,180
1789153611285,181
1789153611286,182
1789153611413,183
1789153611460,182
1789153611598,183
1789153611616,184
1789153611637,185
1789153611660,186
1789153611754,185
1789153611784,186
1789153611812,187
1789153612026,186
1789153612028,187
1789153612215,188
1789153612238,189
1789153612272,188
1789153612279,189
1789153612322,190
1789153612345,191
1789153612366,192
1789153612388,193
1789153612472,194
1789153612490,193
1789153612493,194
1789153612705,195
1789153612753,194
1789153613043,193
1789153613114,194
1789153613241,195
1789153613274,194
1789153613305,195
1789153613327,196
1789153613433,197
1789153613496,196
1789153613498,197
1789153613748,196
1789153613783,197
1789153613802,198
1789153613824,199
1789153613909,200
1789153613932,201
1789153613952,202
1789153613968,201
1789153614059,202
1789153614192,201
1789153614389,202
1789153614443,201
1789153614519,202
1789153614665,201
1789153614690,202
1789153614754,203
1789153614818,204
1789153614839,205
1789153614861,206
1789153614882,207
1789153614896,206
1789153614929,207
1789153615132,208
1789153615150,207
1789153615262,208
1789153615284,209
1789153615304,210
1789153615325,211
1789153615343,210
1789153615472,211
1789153615495,212
1789153615515,213
1789153615536,214
1789153615568,213
1789153615664,214
1789153615724,215
1789153615724,216
1789153615728,217
1789153615828,216
1789153615914,217
1789153615936,218
1789153615958,219
1789153616027,218
1789153616254,217
1789153616488,218
1789153616553,217
1789153616644,218
1789153616753,219
1789153616774,220
1789153616795,221
1789153616811,220
1789153616817,221
1789153617028,220
1789153617279,219
1789153617291,220
1789153617313,221
1789153617334,222
1789153617495,221
1789153617608,222
1789153617630,223
1789153617651,224
1789153617693,225
1789153617698,224
1789153617715,225
1789153617758,226
1789153617818,227
1789153617921,228
1789153617953,227
1789153617984,228
1789153618005,229
1789153618110,230
1789153618150,229
1789153618174,230
1789153618217,231
1789153618371,230
1789153618458,231
1789153618540,232
1789153618561,233
1789153618583,234
1789153618602,233
1789153618830,232
1789153618945,233
1789153619019,232
1789153619268,231
1789153619468,232
1789153619481,231
1789153619596,232
1789153619639,233
1789153619684,232
1789153619925,231
1789153620063,232
1789153620085,233
1789153620106,234
1789153620143,233
1789153620365,232
1789153620473,233
1789153620576,234
1789153620598,235
1789153620620,236
1789153620621,235
1789153620843,234
1789153620878,235
1789153620961,236
1789153621059,235
1789153621335,234
1789153621578,233
1789153621707,234
1789153621752,235
1789153621773,236
1789153621835,235
1789153621890,236
1789153622098,235
1789153622356,234
1789153622379,235
1789153622442,236
1789153622463,237
1789153622485,238
1789153622506,239
1789153622527,240
1789153622566,239
1789153622688,240
1789153622709,241
1789153622730,242
1789153622821,241
1789153623021,240
1789153623068,241
1789153623253,240
1789153623459,239
1789153623470,240
1789153623491,241
1789153623512,242
1789153623534,243
1789153623556,244
1789153623577,245
1789153623675,244
1789153623728,245
1789153623751,246
1789153623770,247
1789153623791,248
1789153623919,247
1789153624116,248
1789153624136,247
1789153624265,248
1789153624389,247
1789153624599,246
1789153624649,247
1789153624725,248
1789153624747,249
1789153624792,250
1789153624812,251
1789153624834,252
1789153624842,251
1789153625035,250
1789153625069,251
1789153625111,252
1789153625132,253
1789153625154,254
1789153625175,255
1789153625227,254
1789153625468,253
1789153625493,254
1789153625514,255
1789153625666,254
1789153625813,253
1789153625943,254
1789153625987,255
1789153625991,254
1789153626007,255
1789153626138,254
1789153626319,253
1789153626453,254
1789153626528,253
1789153626557,254
1789153626579,255
1789153626703,254
1789153626811,255
1789153626832,256
1789153626855,255
1789153626941,256
1789153626964,257
1789153626985,258
1789153627023,257
1789153627049,258
1789153627072,259
1789153627093,260
1789153627116,261
1789153627135,262
1789153627162,263
1789153627201,262
1789153627203,263
1789153627221,264
1789153627243,265
1789153627264,266
1789153627350,265
1789153627432,266
1789153627462,267
1789153627528,266
1789153627566,267
1789153627587,268
1789153627668,267
1789153627829,266
1789153627859,267
1789153628001,266
1789153628045,267
1789153628067,268
1789153628148,267
1789153628237,268
1789153628278,269
1789153628299,270
1789153628321,271
1789153628321,270
1789153628368,271
1789153628368,272
1789153628387,273
1789153628408,274
1789153628524,273
1789153628689,272
1789153628843,271
1789153628940,272
1789153628973,273
1789153628994,274
1789153629045,273
1789153629203,272
1789153629248,273
1789153629359,272
1789153629570,271
1789153629762,270
1789153629883,271
1789153629904,272
1789153629925,273
1789153629941,272
1789153630135,271
1789153630169,272
1789153630191,273
1789153630235,274
1789153630255,275
1789153630276,276
1789153630308,275
1789153630319,276
1789153630341,277
1789153630479,276
1789153630512,277
1789153630682,276
1789153630721,277
1789153630829,278
1789153630842,277
1789153630999,276
1789153631203,275
1789153631216,276
1789153631259,277
1789153631366,278
1789153631386,279
1789153631407,280
1789153631407,279
1789153631613,278
1789153631847,277
1789153631912,278
1789153631934,279
1789153631956,280
1789153631977,281
1789153631998,282
1789153632007,281
1789153632171,280
1789153632358,279
1789153632488,280
1789153632555,279
1789153632659,280
1789153632743,281
1789153632758,280
1789153632867,281
1789153632872,282
1789153633008,281
1789153633075,282
1789153633117,283
1789153633190,282
1789153633350,281
1789153633372,282
1789153633544,281
1789153633624,282
1789153633646,283
1789153633667,284
1789153633687,285
1789153633691,284
1789153633858,283
1789153633941,284
1789153634043,283
1789153634044,284
1789153634067,285
1789153634087,286
1789153634172,287
1789153634215,286
1789153634235,287
1789153634255,288
1789153634277,289
1789153634298,290
1789153634416,289
1789153634514,290
1789153634614,291
1789153634639,290
1789153634806,291
1789153634828,292
1789153634842,291
1789153634937,292
1789153635026,291
1789153635208,290
1789153635379,289
1789153635495,290
1789153635519,291
1789153635537,292
1789153635558,293
1789153635579,292
1789153635603,293
1789153635685,294
1789153635782,293
1789153635943,292
1789153636031,293
1789153636086,292
1789153636201,293
1789153636255,292
1789153636417,293
1789153636438,292
1789153636608,293
1789153636630,292
1789153636742,293
1789153636758,294
1789153636777,295
1789153636798,296
1789153636830,295
1789153636846,296
1789153636954,297
1789153636976,298
1789153636990,297
1789153636997,298
1789153637143,297
1789153637146,298
1789153637166,299
1789153637188,300
1789153637209,301
1789153637244,302
1789153637252,303
1789153637317,302
1789153637431,303
1789153637470,302
1789153637497,303
1789153637605,302
1789153637708,303
1789153637729,304
1789153637782,305
1789153637786,304
1789153637804,305
1789153637824,306
1789153637909,307
1789153637927,306
1789153637931,307
1789153638067,306
1789153638187,307
1789153638234,306
1789153638239,307
1789153638261,308
1789153638378,307
1789153638410,308
1789153638431,309
1789153638452,310
1789153638473,311
1789153638523,310
1789153638602,311
1789153638747,310
1789153638819,311
1789153638841,312
1789153638863,313
1789153638883,314
1789153638904,315
1789153638950,314
1789153638968,315
1789153639031,316
1789153639053,317
1789153639074,318
1789153639096,319
1789153639109,318
1789153639226,319
1789153639294,318
1789153639371,319
1789153639446,318
1789153639631,317
1789153639667,318
1789153639688,319
1789153639710,320
1789153639748,321
1789153639836,320
1789153639893,321
1789153639914,322
1789153639935,323
1789153639956,324
1789153639977,325
1789153639998,326
1789153640009,325
1789153640041,326
1789153640167,327
1789153640170,326
1789153640187,327
1789153640293,328
1789153640315,329
1789153640353,330
1789153640371,329
1789153640374,330
1789153640437,331
1789153640542,330
1789153640607,331
1789153640700,330
1789153640871,331
1789153640886,330
1789153640997,331
1789153641062,330
1789153641191,331
1789153641212,332
1789153641233,333
1789153641254,332
1789153641405,333
1789153641491,334
1789153641492,333
1789153641513,334
1789153641680,335
1789153641688,334
1789153641702,335
1789153641723,336
1789153641745,337
1789153641766,338
1789153641786,339
1789153641807,340
1789153641828,341
1789153641862,340
1789153641892,341
1789153641934,342
1789153642048,341
1789153642203,340
1789153642364,339
1789153642376,340
1789153642397,341
1789153642418,342
1789153642538,343
1789153642570,342
1789153642724,341
1789153642771,342
1789153642878,341
1789153642983,342
1789153643026,343
1789153643046,344
1789153643070,345
1789153643084,344
1789153643217,345
1789153643238,346
1789153643243,345
1789153643260,346
1789153643385,347
1789153643406,348
1789153643409,347
1789153643427,348
1789153643461,349
1789153643471,350
1789153643570,349
1789153643712,350
1789153643729,349
1789153643735,350
1789153643880,349
1789153644018,350
1789153644047,349
1789153644188,350
1789153644199,349
1789153644367,348
1789153644447,349
1789153644469,350
1789153644491,351
1789153644512,352
1789153644530,351
1789153644678,350
1789153644843,349
1789153644993,348
1789153645152,347
1789153645335,346
1789153645483,345
1789153645623,344
1789153645793,343
1789153645950,342
1789153646087,341
1789153646300,340
1789153646520,339
1789153646790,338
1789153646991,337
1789153647160,336
1789153647333,335
1789153647527,334
1789153647697,333
1789153647863,332
1789153648050,331
1789153648190,330
1789153648331,329
1789153648531,328
1789153648735,327
1789153648945,326
1789153649135,325
1789153649304,324
1789153649481,323
1789153649685,322
1789153649872,321
1789153650058,320
1789153650236,319
1789153650400,318
1789153650598,317
1789153650770,316
1789153650935,315
1789153651104,314
1789153651270,313
1789153651464,312
1789153651673,311
1789153651834,310
1789153651970,309
1789153652110,308
1789153652284,307
1789153652432,306
1789153652635,305
1789153652807,304
1789153652995,303
1789153653207,302
1789153653384,301
1789153653603,300
1789153653820,299
1789153653997,298
1789153654180,297
1789153654350,296
1789153654489,295
1789153654645,294
1789153654822,293
1789153654969,292
1789153655122,291
1789153655302,290
1789153655470,289
1789153655618,288
1789153655790,287
1789153655941,286
1789153656094,285
1789153656291,284
1789153656464,283
1789153656648,282
1789153656830,281
1789153656974,280
1789153657116,279
1789153657285,278
1789153657408,277
1789153657552,276
1789153657726,275
1789153657926,274
1789153658074,273
1789153658277,272
1789153658454,271
1789153658628,270
1789153658824,269
1789153658984,268
1789153659129,267
1789153659303,266
1789153659454,265
1789153659606,264
1789153659784,263
1789153659922,262
1789153660071,261
1789153660254,260
1789153660413,259
1789153660586,258
1789153660743,257
1789153660886,256
1789153661069,255
1789153661209,254
1789153661401,253
1789153661617,252
1789153661773,251
1789153661931,250
1789153662101,249
1789153662238,248
1789153662378,247
1789153662558,246
1789153662735,245
1789153662971,244
1789153663202,243
1789153663380,242
1789153663545,241
1789153663751,240
1789153663943,239
1789153664120,238
1789153664308,237
1789153664456,236
1789153664643,235
1789153664799,234
1789153664947,233
1789153665160,232
1789153665338,231
1789153665501,230
1789153665680,229
1789153665823,228
1789153665961,227
1789153666127,226
1789153666290,225
1789153666487,224
1789153666717,223
1789153666886,222
1789153667031,221
1789153667220,220
1789153667412,219
1789153667583,218
1789153667768,217
1789153667910,216
1789153668056,215
1789153668235,214
1789153668383,213
1789153668553,212
1789153668715,211
1789153668859,210
1789153669051,209
1789153669209,208
1789153669422,207
1789153669596,206
1789153669739,205
1789153669885,204
1789153670047,203
1789153670189,202
1789153670334,201
1789153670505,200
1789153670643,199
1789153670785,198
1789153670954,197
1789153671101,196
1789153671254,195
1789153671479,194
1789153671659,193
1789153671808,192
1789153671995,191
1789153672146,190
1789153672275,189
1789153672454,188
1789153672601,187
1789153672729,186
1789153672901,185
1789153673041,184
1789153673171,183
1789153673339,182
1789153673461,181
1789153673599,180
1789153673758,179
1789153673893,178
1789153674045,177
1789153674245,176
1789153674386,175
1789153674515,174
1789153674700,173
1789153674836,172
1789153674977,171
1789153675150,170
1789153675281,169
1789153675418,168
1789153675590,167
1789153675726,166
1789153675874,165
1789153676047,164
1789153676189,163
1789153676334,162
1789153676542,161
1789153676715,160
1789153676852,159
1789153677015,158
1789153677154,157
1789153677298,156
1789153677457,155
1789153677594,154
1789153677725,153
1789153677885,152
1789153678019,151
1789153678154,150
1789153678326,149
1789153678465,148
1789153678587,147
1789153678736,146
1789153678879,145
1789153679020,144
1789153679185,143
1789153679319,142
1789153679450,141
1789153679607,140
1789153679742,139
1789153679889,138
1789153680061,137
1789153680217,136
1789153680364,135
1789153680549,134
1789153680683,133
1789153680816,132
1789153680980,131
1789153681107,130
1789153681247,129
1789153681428,128
1789153681617,127
1789153681800,126
1789153681972,125
1789153682103,124
1789153682240,123
1789153682404,122
1789153682532,121
1789153682660,120
1789153682818,119
1789153682943,118
1789153683062,117
1789153683174,116
1789153683316,115
1789153683438,114
1789153683553,113
1789153683672,112
1789153683822,111
1789153683941,110
1789153684053,109
1789153684202,108
1789153684339,107
1789153684490,106
1789153684621,105
1789153684782,104
1789153684904,103
1789153685012,102
1789153685134,101
1789153685253,100
1789153685351,99
1789153685453,98
1789153685547,97
1789153685646,96
1789153685766,95
1789153685871,94
1789153685972,93
1789153686070,92
1789153686169,91
1789153686288,90
1789153686416,89
1789153686543,88
1789153686672,87
1789153686805,86
1789153686912,85
1789153687010,84
1789153687107,83
1789153687198,82
1789153687295,81
1789153687409,80
1789153687508,79
1789153687605,78
1789153687706,77
1789153687802,76
1789153687917,75
1789153688014,74
1789153688105,73
1789153688204,72
1789153688307,71
1789153688428,70
1789153688524,69
1789153688614,68
1789153688713,67
1789153688806,66
1789153688922,65
1789153689019,64
1789153689121,63
1789153689218,62
1789153689314,61
1789153689434,60
1789153689536,59
1789153689633,58
1789153689731,57
1789153689823,56
1789153689937,55
1789153690015,54
1789153690093,53
1789153690165,52
1789153690240,51
1789153690315,50
1789153690388,49
1789153690472,48
1789153690548,47
1789153690624,46
1789153690697,45
1789153690772,44
1789153690847,43
1789153690921,42
1789153690993,41
1789153691084,40
1789153691158,39
1789153691231,38
1789153691316,37
1789153691415,36
1789153691534,35
1789153691627,34
1789153691725,33
1789153691802,32
1789153691886,31
1789153691962,30
1789153692036,29
1789153692109,28
1789153692183,27
1789153692257,26
1789153692351,25
1789153692424,24
1789153692499,23
1789153692573,22
1789153692648,21
1789153692723,20
1789153692798,19
1789153692882,18
1789153692973,17
1789153693050,16
1789153693124,15
1789153693199,14
1789153693275,13
1789153693350,12
1789153693423,11
1789153693509,10
1789153693585,9
1789153693657,8
1789153693721,7
1789153693778,6
1789153693833,5
1789153693887,4
1789153693940,3
1789153693994,2
1789153694045,1
1789153694098,0
