1790180398211,1
1790180398217,0
1790180398250,1
1790180398466,0
1790180398483,1
1790180398539,2
1790180398576,1
1790180398599,2
1790180398633,1
1790180398634,0
1790180399359,1
1790180399359,0
1790180402219,1
1790180402220,0
1790180402701,1
1790180402703,0
1790180402759,1
1790180402781,0
1790180402801,1
1790180402831,0
1790180402918,1
1790180402918,0
1790180402981,1
1790180402982,0
1790180403024,1
1790180403024,0
1790180403372,1
1790180403372,0
1790180404366,1
1790180404367,0
1790180405092,1
1790180405092,0
1790180405155,1
1790180405155,0
1790180405205,1
1790180405205,0
1790180406504,1
1790180406504,0
1790180407665,1
1790180407665,0
1790180407726,1
1790180407726,0
1790180409157,1
1790180409157,0
1790180410452,1
1790180410452,0
1790180410688,1
1790180410688,0
1790180411998,1
1790180411998,0
1790180412124,1
1790180412125,0
1790180412170,1
1790180412178,0
1790180412235,1
1790180412235,0
1790180413634,1
1790180413634,0
1790180413691,1
1790180413692,0
1790180415323,1
1790180415323,0
1790180416005,1
1790180416005,0
1790180416062,1
1790180416062,0
1790180416112,0
1790180416112,0
1790180416179,1
1790180416179,0
1790180417268,1
1790180417268,0
1790180418570,1
1790180418570,0
1790180420146,1
1790180420146,0
1790180420188,1
1790180420189,0
1790180420264,1
1790180420264,0
1790180420376,1
1790180420376,0
1790180420419,1
1790180420420,0
1790180420479,1
1790180420479,0
1790180421635,1
1790180421635,0
1790180423612,1
1790180423612,0
1790180423670,1
1790180423670,0
1790180423725,1
1790180423725,0
1790180423789,1
1790180423789,0
1790180424499,1
1790180424499,0
1790180424782,1
1790180424782,0
1790180424850,1
1790180424850,0
1790180426680,1
1790180426680,0
1790180427471,1
1790180427471,0
1790180427510,1
1790180427510,0
1790180428372,1
1790180428372,0
1790180428899,1
1790180428899,0
1790180428944,1
1790180428944,0
1790180429010,1
1790180429010,0
1790180429512,1
1790180429512,0
1790180430370,1
1790180430371,0
1790180430949,1
1790180430951,0
1790180431741,1
1790180431741,0
1790180433102,1
1790180433103,0
1790180433150,1
1790180433176,0
1790180435039,1
1790180435040,0
1790180435083,1
1790180435086,0
1790180435307,1
1790180435307,0
1790180437036,1
1790180437036,0
1790180437534,1
1790180437534,0
1790180439011,1
1790180439012,0
1790180439639,1
1790180439639,0
1790180441933,1
1790180441933,0
1790180441982,1
1790180441983,0
1790180443590,1
1790180443590,0
1790180443643,1
1790180443645,0
1790180444048,1
1790180444048,0
1790180444727,1
1790180444727,0
1790180445058,1
1790180445058,0
1790180445795,1
1790180445796,0
1790180446070,1
1790180446070,0
1790180446598,1
1790180446598,0
1790180446780,1
1790180446780,0
1790180446890,1
1790180446890,0
1790180448406,1
1790180448406,0
1790180448870,1
1790180448870,0
1790180448924,1
1790180448924,0
1790180449089,1
1790180449089,0
1790180449383,1
1790180449383,0
1790180449730,1
1790180449730,0
1790180449790,1
1790180449790,0
1790180449850,1
1790180449850,0
1790180449958,1
1790180449958,0
1790180450016,1
1790180450016,0
1790180450075,1
1790180450075,0
1790180450812,1
1790180450812,0
1790180450878,1
1790180450879,0
1790180450938,1
1790180450938,0
1790180450999,1
1790180450999,0
1790180451055,1
1790180451059,0
1790180451106,1
1790180451108,0
1790180451167,1
1790180451167,0
1790180451221,1
1790180451229,0
1790180451333,1
1790180451333,0
1790180451400,1
1790180451400,0
1790180451461,1
1790180451461,0
1790180451690,1
1790180451690,0
1790180452083,1
1790180452083,0
1790180452430,1
1790180452430,0
1790180452490,1
1790180452490,0
1790180452550,1
1790180452551,0
1790180452609,1
1790180452609,0
1790180452723,1
1790180452723,0
1790180453487,1
1790180453487,0
1790180453547,1
1790180453547,0
1790180453607,1
1790180453608,0
1790180453658,1
1790180453658,0
1790180453721,1
1790180453721,0
1790180454068,1
1790180454069,0
1790180456027,1
1790180456027,0
1790180456089,1
1790180456089,0
1790180456139,1
1790180456139,0
1790180456191,1
1790180456192,0
1790180456722,1
1790180456722,0
1790180457072,1
1790180457072,0
1790180457412,1
1790180457412,0
1790180457477,0
1790180457477,0
1790180457526,1
1790180457526,0
1790180458213,1
1790180458214,0
1790180458499,0
1790180458501,0
1790180458561,1
1790180458561,0
1790180458621,1
1790180458621,0
1790180458740,1
1790180458740,0
1790180458800,1
1790180458801,0
1790180459421,1
1790180459421,0
1790180459486,1
1790180459486,0
1790180459540,1
1790180459540,0
1790180460696,1
1790180460697,0
1790180460756,1
1790180460757,0
1790180460813,1
1790180460813,0
1790180461056,1
1790180461056,0
1790180461465,1
1790180461465,0
1790180461584,1
1790180461584,0
1790180461747,1
1790180461748,0
1790180462155,1
1790180462155,0
1790180462326,1
1790180462326,0
1790180462384,1
1790180462384,0
1790180462449,1
1790180462449,0
1790180462682,1
1790180462682,0
1790180462913,1
1790180462913,0
1790180462971,1
1790180462971,0
1790180463035,1
1790180463035,0
1790180463153,1
1790180463153,0
1790180463215,1
1790180463215,0
1790180463722,1
1790180463722,0
1790180463954,1
1790180463954,0
1790180464004,1
1790180464005,0
1790180464065,1
1790180464065,0
1790180464125,1
1790180464125,0
1790180464473,1
1790180464473,0
1790180464931,1
1790180464932,0
1790180464979,1
1790180464980,0
1790180465044,1
1790180465044,0
1790180465109,1
1790180465109,0
1790180465164,1
1790180465164,0
1790180465218,1
1790180465218,0
1790180465332,1
1790180465332,0
1790180465397,1
1790180465397,0
1790180465510,1
1790180465510,0
1790180465864,1
1790180465864,0
1790180465923,1
1790180465924,0
1790180466151,1
1790180466151,0
1790180466442,1
1790180466442,0
1790180466487,1
1790180466490,0
1790180467291,1
1790180467291,0
1790180467345,1
1790180467345,0
1790180467411,1
1790180467411,0
1790180467466,1
1790180467466,0
1790180467751,1
1790180467751,0
1790180468895,1
1790180468895,0
1790180468949,1
1790180468949,0
1790180469019,1
1790180469019,0
1790180469247,1
1790180469247,0
1790180469427,1
1790180469427,0
1790180469662,1
1790180469662,0
1790180469891,1
1790180469891,0
1790180470759,1
1790180470759,0
1790180471001,1
1790180471001,0
1790180471110,1
1790180471110,0
1790180471162,1
1790180471162,0
1790180471209,1
1790180471209,0
1790180471269,1
1790180471270,0
1790180471389,1
1790180471389,0
1790180472034,1
1790180472034,0
1790180472152,0
1790180472152,0
1790180473181,1
1790180473181,0
1790180473651,1
1790180473652,0
1790180473887,1
1790180473888,0
1790180473948,1
1790180473948,0
1790180474006,1
1790180474006,0
1790180474759,1
1790180474759,0
1790180476420,1
1790180476420,0
1790180476470,1
1790180476474,0
1790180476890,1
1790180476890,0
1790180477171,1
1790180477171,0
1790180477226,1
1790180477226,0
1790180477285,1
1790180477285,0
1790180477509,1
1790180477509,0
1790180477568,1
1790180477568,0
1790180478076,1
1790180478076,0
1790180478141,1
1790180478141,0
1790180478654,1
1790180478654,0
1790180479188,1
1790180479188,0
1790180479247,1
1790180479247,0
1790180479307,1
1790180479307,0
1790180479546,1
1790180479546,0
1790180479778,1
1790180479778,0
1790180480886,1
1790180480886,0
1790180480999,1
1790180480999,0
1790180481058,1
1790180481058,0
1790180481113,1
1790180481113,0
1790180481177,1
1790180481177,0
1790180481226,1
1790180481226,0
1790180482844,1
1790180482845,0
1790180483181,1
1790180483181,0
1790180483246,1
1790180483246,0
1790180483296,1
1790180483296,0
1790180483765,1
1790180483765,0
1790180483820,1
1790180483820,0
1790180483867,1
1790180483867,0
1790180484172,1
1790180484172,0
1790180484233,1
1790180484234,0
1790180484292,1
1790180484292,0
1790180484335,1
1790180484335,0
1790180484394,1
1790180484394,0
1790180484502,1
1790180484502,0
1790180486074,1
1790180486074,0
1790180486408,1
1790180486408,0
1790180486468,1
1790180486468,0
1790180486521,1
1790180486521,0
1790180486569,1
1790180486569,0
1790180487395,1
1790180487395,0
1790180487937,1
1790180487937,0
1790180487987,1
1790180487987,0
1790180488058,1
1790180488058,0
1790180488461,1
1790180488462,0
1790180488582,1
1790180488582,0
1790180490061,1
1790180490062,0
1790180491207,1
1790180491207,0
1790180491682,1
1790180491683,0
1790180491741,1
1790180491742,0
1790180492210,1
1790180492210,0
1790180492270,1
1790180492270,0
1790180492919,1
1790180492920,0
1790180493377,1
1790180493377,0
1790180493483,1
1790180493483,0
1790180493539,1
1790180493540,0
1790180493600,0
1790180493603,0
1790180494158,1
1790180494158,0
1790180494218,1
1790180494218,0
1790180494278,1
1790180494278,0
1790180494330,1
1790180494340,0
1790180494907,1
1790180494907,0
1790180495199,1
1790180495200,0
1790180495480,1
1790180495480,0
1790180497134,1
1790180497136,0
1790180497197,1
1790180497197,0
1790180497312,1
1790180497312,0
1790180497662,1
1790180497662,0
1790180497782,1
1790180497782,0
1790180498534,1
1790180498534,0
1790180498586,1
1790180498586,0
1790180498652,1
1790180498652,0
1790180499498,1
1790180499498,0
1790180499553,1
1790180499553,0
1790180500030,1
1790180500030,0
1790180500079,1
1790180500083,0
1790180500740,1
1790180500740,0
1790180500800,1
1790180500800,0
1790180500860,1
1790180500860,0
1790180500917,1
1790180500917,0
1790180501037,1
1790180501037,0
1790180501666,1
1790180501666,0
1790180501718,1
1790180501726,0
1790180501845,1
1790180501845,0
1790180501900,1
1790180501903,0
1790180501960,1
1790180501960,0
1790180502012,1
1790180502012,0
1790180502426,1
1790180502427,0
1790180502487,1
1790180502487,0
1790180502544,1
1790180502544,0
1790180502829,1
1790180502829,0
1790180503913,1
1790180503913,0
1790180503971,1
1790180503971,0
1790180504980,1
1790180504980,0
1790180505514,1
1790180505514,0
1790180505574,1
1790180505574,0
1790180505870,1
1790180505871,0
1790180506031,1
1790180506031,0
1790180506446,1
1790180506446,0
1790180506495,1
1790180506503,0
1790180506619,1
1790180506620,0
1790180506679,1
1790180506679,0
1790180507601,1
1790180507601,0
1790180507717,1
1790180507717,0
1790180507777,1
1790180507777,0
1790180508071,1
1790180508071,0
1790180508121,1
1790180508129,0
1790180508189,1
1790180508190,0
1790180508245,1
1790180508245,0
1790180508309,1
1790180508309,0
1790180508369,1
1790180508369,0
1790180508775,1
1790180508775,0
1790180508855,1
1790180508855,0
1790180508896,1
1790180508911,0
1790180509003,1
1790180509003,0
1790180509059,1
1790180509059,0
1790180509124,1
1790180509124,0
1790180509424,1
1790180509424,0
1790180509482,1
1790180509482,0
1790180509925,1
1790180509925,0
1790180509984,1
1790180509985,0
1790180510624,1
1790180510624,0
1790180510681,1
1790180510681,0
1790180510744,1
1790180510744,0
1790180510794,1
1790180510794,0
1790180510901,1
1790180510901,0
1790180511182,1
1790180511182,0
1790180511246,1
1790180511246,0
1790180511302,1
1790180511302,0
1790180511706,1
1790180511706,0
1790180511767,1
1790180511767,0
1790180511827,1
1790180511827,0
1790180512003,1
1790180512003,0
1790180513037,1
1790180513037,0
1790180513728,1
1790180513728,0
1790180514482,1
1790180514482,0
1790180514531,1
1790180514531,0
1790180514598,1
1790180514598,0
1790180514651,1
1790180514651,0
1790180515980,1
1790180515980,0
1790180516033,1
1790180516033,0
1790180516330,1
1790180516330,0
1790180517492,1
1790180517493,0
1790180517727,1
1790180517727,0
1790180517969,1
1790180517969,0
1790180518203,1
1790180518203,0
1790180518670,1
1790180518671,0
1790180519358,1
1790180519358,0
1790180520231,1
1790180520231,0
1790180520285,1
1790180520285,0
1790180520524,1
1790180520524,0
1790180520581,1
1790180520581,0
1790180520647,1
1790180520648,0
1790180520756,1
1790180520756,0
1790180522033,1
1790180522033,0
1790180522083,1
1790180522083,0
1790180522675,1
1790180522675,0
1790180523076,1
1790180523076,0
1790180523248,1
1790180523248,0
1790180523473,1
1790180523474,0
1790180523699,1
1790180523699,0
1790180524911,1
1790180524911,0
1790180524964,1
1790180524966,0
1790180525026,1
1790180525026,0
1790180525202,1
1790180525202,0
1790180525262,1
1790180525262,0
1790180525653,1
1790180525653,0
1790180525713,1
1790180525718,0
1790180525772,1
1790180525772,0
1790180527704,1
1790180527704,0
1790180527770,1
1790180527770,0
1790180527828,1
1790180527828,0
1790180528529,1
1790180528529,0
1790180529906,1
1790180529906,0
1790180529966,1
1790180529966,0
1790180530026,1
1790180530026,0
1790180530319,1
1790180530319,0
1790180530823,1
1790180530824,0
1790180530882,1
1790180530882,0
1790180531162,1
1790180531162,0
1790180531319,1
1790180531319,0
1790180532242,1
1790180532243,0
1790180532301,1
1790180532301,0
1790180532356,1
1790180532357,0
1790180532813,1
1790180532813,0
1790180532873,1
1790180532873,0
1790180535053,1
1790180535053,0
1790180535340,1
1790180535340,0
1790180535408,1
1790180535408,0
1790180535461,1
1790180535461,0
1790180535689,1
1790180535689,0
1790180536966,1
1790180536967,0
1790180537026,1
1790180537026,0
1790180537075,1
1790180537075,0
1790180537770,1
1790180537770,0
1790180537820,1
1790180537820,0
1790180537939,1
1790180537939,0
1790180538400,1
1790180538400,0
1790180538850,1
1790180538850,0
1790180538909,1
1790180538909,0
1790180539086,1
1790180539086,0
1790180539128,1
1790180539128,0
1790180539197,1
1790180539197,0
1790180539257,1
1790180539257,0
1790180539367,1
1790180539367,0
1790180539537,1
1790180539537,0
1790180539592,1
1790180539592,0
1790180540474,1
1790180540474,0
1790180541227,1
1790180541227,0
1790180541336,1
1790180541336,0
1790180541396,1
1790180541396,0
1790180541454,1
1790180541454,0
1790180541693,1
1790180541693,0
1790180542320,1
1790180542320,0
1790180542429,1
1790180542429,0
1790180542490,1
1790180542490,0
1790180542549,1
1790180542549,0
1790180542767,1
1790180542767,0
1790180543176,1
1790180543176,0
1790180543525,1
1790180543525,0
1790180543591,1
1790180543591,0
1790180543647,1
1790180543647,0
1790180543939,1
1790180543939,0
1790180543990,1
1790180543990,0
1790180544346,1
1790180544347,0
1790180544399,1
1790180544399,0
1790180544462,1
1790180544462,0
1790180544642,1
1790180544642,0
1790180544698,1
1790180544698,0
1790180544751,1
1790180544751,0
1790180545203,1
1790180545203,0
1790180545262,1
1790180545262,0
1790180545321,1
1790180545321,0
1790180545604,1
1790180545604,0
1790180546467,1
1790180546467,0
1790180546811,1
1790180546811,0
1790180546870,1
1790180546870,0
1790180546920,1
1790180546920,0
1790180547217,1
1790180547217,0
1790180547269,1
1790180547269,0
1790180547627,1
1790180547627,0
1790180547676,1
1790180547676,0
1790180547734,1
1790180547734,0
1790180547853,1
1790180547853,0
1790180549576,1
1790180549576,0
1790180549636,1
1790180549636,0
1790180549694,1
1790180549694,0
1790180549918,1
1790180549918,0
1790180549980,1
1790180549980,0
1790180550893,1
1790180550893,0
1790180550951,1
1790180550951,0
1790180552274,1
1790180552274,0
1790180552325,1
1790180552325,0
1790180552382,1
1790180552383,0
1790180553018,1
1790180553018,0
1790180553254,1
1790180553254,0
1790180553775,1
1790180553776,0
1790180553829,1
1790180553829,0
1790180555370,1
1790180555370,0
1790180555777,1
1790180555778,0
1790180555894,1
1790180555894,0
1790180556457,1
1790180556458,0
1790180558072,1
1790180558072,0
1790180558136,1
1790180558136,0
1790180558190,1
1790180558190,0
1790180558659,1
1790180558659,0
1790180558710,1
1790180558712,0
1790180559242,1
1790180559242,0
1790180559302,1
1790180559302,0
1790180560915,1
1790180560915,0
1790180560974,1
1790180560974,0
1790180561554,1
1790180561555,0
1790180561843,1
1790180561843,0
1790180561898,1
1790180561898,0
1790180562064,1
1790180562064,0
1790180562353,1
1790180562354,0
1790180562630,1
1790180562630,0
1790180562860,1
1790180562860,0
1790180563201,1
1790180563201,0
1790180563265,1
1790180563265,0
1790180563321,1
1790180563321,0
1790180563507,1
1790180563507,0
1790180563969,1
1790180563969,0
1790180564133,1
1790180564133,0
1790180564602,1
1790180564603,0
1790180564720,1
1790180564720,0
1790180564777,1
1790180564777,0
1790180565653,1
1790180565653,0
1790180567857,1
1790180567858,0
1790180567916,1
1790180567924,0
1790180568018,1
1790180568019,0
1790180568084,1
1790180568084,0
1790180568646,1
1790180568647,0
1790180569063,1
1790180569063,0
1790180569242,1
1790180569242,0
1790180569752,1
1790180569752,0
1790180570042,1
1790180570042,0
1790180570749,1
1790180570749,0
1790180570929,1
1790180570929,0
1790180570989,1
1790180570989,0
1790180571032,1
1790180571033,0
1790180571499,1
1790180571499,0
1790180571553,1
1790180571553,0
1790180571614,1
1790180571614,0
1790180571849,1
1790180571849,0
1790180573669,1
1790180573669,0
1790180573889,1
1790180573889,0
1790180574059,1
1790180574059,0
1790180574526,1
1790180574527,0
1790180575878,1
1790180575878,0
1790180575938,1
1790180575938,0
1790180575998,1
1790180575998,0
1790180576324,1
1790180576324,0
1790180576681,1
1790180576681,0
1790180576910,1
1790180576910,0
1790180577196,1
1790180577196,0
1790180577250,1
1790180577250,0
1790180578037,1
1790180578037,0
1790180578099,1
1790180578099,0
1790180578158,1
1790180578158,0
1790180578918,1
1790180578918,0
1790180578978,1
1790180578978,0
1790180579024,1
1790180579024,0
1790180579325,1
1790180579325,0
1790180579609,1
1790180579609,0
1790180579946,1
1790180579946,0
1790180580408,1
1790180580408,0
