1790180592118,1
1790180592125,0
1790180592131,1
1790180592220,2
1790180592371,3
1790180592372,2
1790180592373,1
1790180592482,0
1790180592628,1
1790180592628,0
1790180592651,1
1790180592707,0
1790180593045,1
1790180593045,0
1790180593069,1
1790180593086,2
1790180593094,1
1790180593094,0
1790180593645,1
1790180593645,0
1790180593674,1
1790180593730,0
1790180594441,1
1790180594442,0
1790180594669,1
1790180594669,0
1790180594698,1
1790180594723,0
1790180595018,1
1790180595018,0
1790180595047,1
1790180595084,0
1790180595104,1
1790180595104,0
1790180595127,1
1790180595149,0
1790180595151,1
1790180595151,0
1790180595566,1
1790180595567,0
1790180595593,1
1790180595632,0
1790180596634,1
1790180596634,0
1790180596641,1
1790180596679,0
1790180598404,1
1790180598405,0
1790180599126,1
1790180599126,0
1790180600890,1
1790180600890,0
1790180601387,1
1790180601387,0
1790180601570,1
1790180601570,0
1790180601597,1
1790180601623,0
1790180602066,1
1790180602066,0
1790180602381,1
1790180602381,0
1790180602503,1
1790180602504,0
1790180602534,1
1790180602550,0
1790180602560,0
1790180602560,0
1790180602969,1
1790180602969,0
1790180602984,1
1790180603039,0
1790180603123,1
1790180603123,0
1790180603211,1
1790180603211,0
1790180603483,1
1790180603483,0
1790180603517,1
1790180603531,0
1790180604488,1
1790180604488,0
1790180604712,1
1790180604713,0
1790180604742,1
1790180604772,2
1790180604778,1
1790180604778,0
1790180604841,1
1790180604841,0
1790180605690,1
1790180605690,0
1790180605719,1
1790180605755,0
1790180605757,1
1790180605757,0
1790180605782,1
1790180605783,0
1790180606658,1
1790180606658,0
1790180606687,1
1790180606706,0
1790180608677,1
1790180608677,0
1790180609609,1
1790180609609,0
1790180609920,1
1790180609920,0
1790180609953,1
1790180609973,2
1790180609995,1
1790180609995,0
1790180610829,1
1790180610829,0
1790180610853,1
1790180610882,0
1790180611204,1
1790180611204,0
1790180611713,1
1790180611713,0
1790180612689,1
1790180612690,0
1790180612718,1
1790180612746,0
1790180613311,1
1790180613311,0
1790180613579,1
1790180613579,0
1790180613614,1
1790180613627,0
1790180614374,1
1790180614374,0
1790180614403,1
1790180614419,0
1790180614450,1
1790180614464,0
1790180614481,1
1790180614510,2
1790180614511,1
1790180614545,2
1790180614555,1
1790180614556,0
1790180614605,1
1790180614605,0
1790180614711,1
1790180614711,0
1790180615251,1
1790180615251,0
1790180615272,1
1790180615296,0
1790180615308,1
1790180615340,0
1790180615468,1
1790180615468,0
1790180615774,1
1790180615774,0
1790180615811,1
1790180615818,0
1790180615834,1
1790180615861,0
1790180616414,1
1790180616414,0
1790180617346,1
1790180617346,0
1790180617374,1
1790180617391,0
1790180617394,1
1790180617418,2
1790180617433,1
1790180617479,0
1790180617556,1
1790180617557,0
1790180617861,1
1790180617861,0
1790180617891,1
1790180617908,0
1790180617915,1
1790180617951,2
1790180617953,1
1790180617953,0
1790180617982,1
1790180617982,0
1790180618423,1
1790180618423,0
1790180618457,1
1790180618472,0
1790180618484,1
1790180618484,0
1790180618809,1
1790180618809,0
1790180618960,1
1790180618961,0
1790180618989,1
1790180619005,0
1790180619022,1
1790180619052,0
1790180619079,1
1790180619079,0
1790180619109,1
1790180619122,0
1790180619190,1
1790180619190,0
1790180619602,1
1790180619602,0
1790180619631,1
1790180619646,0
1790180619741,1
1790180619741,0
1790180619771,1
1790180619785,0
1790180619791,1
1790180619821,2
1790180619831,1
1790180619832,0
1790180619924,1
1790180619924,0
1790180619952,1
1790180619969,0
1790180620168,1
1790180620168,0
1790180620219,1
1790180620219,0
1790180620241,1
1790180620266,0
1790180620283,1
1790180620307,2
1790180620309,1
1790180620333,2
1790180620353,1
1790180620353,0
1790180620355,1
1790180620355,0
1790180620411,1
1790180620411,0
1790180620442,1
1790180620455,0
1790180620462,1
1790180620497,0
1790180620894,1
1790180620895,0
1790180620938,1
1790180620941,0
1790180621147,1
1790180621147,0
1790180621179,1
1790180621192,0
1790180621250,1
1790180621250,0
1790180621277,1
1790180621294,0
1790180621309,1
1790180621341,0
1790180621344,1
1790180621372,2
1790180621385,1
1790180621386,0
1790180621401,0
1790180621403,0
1790180621426,1
1790180621447,0
1790180621645,1
1790180621645,0
1790180621765,1
1790180621765,0
1790180622112,1
1790180622113,0
1790180622136,1
1790180622160,0
1790180622166,1
1790180622166,0
1790180622306,1
1790180622306,0
1790180622345,1
1790180622351,0
1790180622573,1
1790180622573,0
1790180622602,1
1790180622616,0
1790180622880,1
1790180622880,0
1790180622901,1
1790180622923,0
1790180622925,1
1790180622962,2
1790180622969,1
1790180622969,0
1790180622991,1
1790180623012,0
1790180623021,1
1790180623021,0
1790180623099,1
1790180623099,0
1790180623116,1
1790180623144,0
1790180623834,1
1790180623835,0
1790180624193,1
1790180624194,0
1790180624222,1
1790180624239,0
1790180624251,1
1790180624251,0
1790180624592,1
1790180624592,0
1790180624712,1
1790180624713,0
1790180625120,1
1790180625120,0
1790180625153,1
1790180625167,0
1790180625240,1
1790180625240,0
1790180625343,1
1790180625343,0
1790180626124,1
1790180626124,0
1790180626268,1
1790180626268,0
1790180626303,1
1790180626312,0
1790180626329,1
1790180626359,0
1790180626384,1
1790180626384,0
1790180626413,1
1790180626427,0
1790180626505,0
1790180626505,0
1790180626707,1
1790180626707,0
1790180626728,1
1790180626751,0
1790180626751,1
1790180626791,2
1790180626794,1
1790180626811,2
1790180626842,3
1790180626844,2
1790180626870,3
1790180626888,2
1790180626937,1
1790180626937,0
1790180627147,1
1790180627148,0
1790180627207,1
1790180627207,0
1790180627415,1
1790180627415,0
1790180627561,1
1790180627561,0
1790180627695,1
1790180627695,0
1790180628255,1
1790180628255,0
1790180628511,1
1790180628511,0
1790180628535,1
1790180628555,0
1790180628594,1
1790180628594,0
1790180628629,1
1790180628640,0
1790180629189,1
1790180629189,0
1790180629209,1
1790180629234,0
1790180629243,1
1790180629243,0
1790180629268,1
1790180629289,0
1790180629360,1
1790180629360,0
1790180629691,1
1790180629692,0
1790180629722,1
1790180629736,0
1790180629752,1
1790180629752,0
1790180629784,1
1790180629784,0
1790180629808,1
1790180629837,0
1790180629857,1
1790180629882,0
1790180630135,1
1790180630135,0
1790180630190,1
1790180630191,0
1790180630616,1
1790180630616,0
1790180630652,1
1790180630660,0
1790180630883,1
1790180630883,0
1790180630971,1
1790180630971,0
1790180630993,1
1790180631014,0
1790180631556,1
1790180631556,0
1790180631586,1
1790180631603,0
1790180631613,1
1790180631646,0
1790180631648,1
1790180631690,0
1790180632106,1
1790180632106,0
1790180632129,1
1790180632152,0
1790180632162,1
1790180632189,2
1790180632195,1
1790180632195,0
1790180632499,1
1790180632499,0
1790180632522,1
1790180632554,0
1790180632578,1
1790180632599,0
1790180632613,1
1790180632643,0
1790180632834,1
1790180632834,0
1790180633109,1
1790180633109,0
1790180633138,1
1790180633152,0
1790180633164,1
1790180633198,0
1790180633299,1
1790180633299,0
1790180633319,1
1790180633343,0
1790180633364,1
1790180633392,0
1790180633596,1
1790180633596,0
1790180633619,1
1790180633640,0
1790180633651,1
1790180633686,0
1790180633708,1
1790180633708,0
1790180633740,1
1790180633752,0
1790180633758,1
1790180633758,0
1790180634084,1
1790180634084,0
1790180634137,1
1790180634137,0
1790180634162,1
1790180634181,0
1790180634209,1
1790180634209,0
1790180634241,1
1790180634253,0
1790180634267,1
1790180634267,0
1790180634856,1
1790180634856,0
1790180634881,1
1790180634901,0
1790180634910,1
1790180634945,0
1790180635222,1
1790180635222,0
1790180635240,1
1790180635265,0
1790180635390,1
1790180635390,0
1790180635414,1
1790180635438,2
1790180635457,1
1790180635507,0
1790180635933,1
1790180635933,0
1790180635968,1
1790180635975,0
1790180635989,1
1790180635989,0
1790180636190,1
1790180636190,0
1790180636612,1
1790180636612,0
1790180636640,1
1790180636655,0
1790180636667,1
1790180636667,0
1790180636699,1
1790180636718,0
1790180637012,1
1790180637012,0
1790180637035,1
1790180637056,0
1790180637787,1
1790180637787,0
1790180638140,1
1790180638140,0
1790180638160,1
1790180638196,0
1790180638349,1
1790180638349,0
1790180638415,1
1790180638416,0
1790180638441,1
1790180638470,0
1790180638471,1
1790180638503,2
1790180638511,1
1790180638532,2
1790180638554,3
1790180638567,2
1790180638581,3
1790180638609,2
1790180638663,1
1790180638664,0
1790180638671,1
1790180638708,0
1790180638864,1
1790180638864,0
1790180638899,1
1790180638910,0
1790180639292,1
1790180639292,0
1790180639319,1
1790180639346,0
1790180639357,1
1790180639357,0
1790180639380,1
1790180639380,0
1790180639432,1
1790180639432,0
1790180639558,1
1790180639558,0
1790180640000,1
1790180640000,0
1790180640075,1
1790180640075,0
1790180640201,1
1790180640201,0
1790180640232,1
1790180640257,0
1790180640354,1
1790180640354,0
1790180640370,1
1790180640396,0
1790180640399,1
1790180640432,2
1790180640450,1
1790180640450,0
1790180640489,1
1790180640489,0
1790180640730,1
1790180640730,0
1790180640767,1
1790180640773,0
1790180641147,1
1790180641147,0
1790180641248,1
1790180641248,0
1790180641521,1
1790180641521,0
1790180641604,1
1790180641604,0
1790180641626,1
1790180641648,0
1790180641888,1
1790180641888,0
1790180642073,1
1790180642073,0
1790180642200,1
1790180642201,0
1790180642227,1
1790180642242,0
1790180642258,1
1790180642258,0
1790180642601,1
1790180642601,0
1790180642654,1
1790180642654,0
1790180642678,1
1790180642709,0
1790180642715,1
1790180642715,0
1790180642854,1
1790180642854,0
1790180642877,1
1790180642901,0
1790180642911,1
1790180642954,0
1790180642974,1
1790180643010,0
1790180643164,1
1790180643164,0
1790180643255,1
1790180643255,0
1790180643710,1
1790180643710,0
1790180643920,1
1790180643920,0
1790180643951,1
1790180643974,0
1790180644011,1
1790180644016,0
1790180644041,1
1790180644059,0
1790180644225,1
1790180644225,0
1790180644714,1
1790180644714,0
1790180645246,1
1790180645246,0
1790180645271,1
1790180645288,0
1790180645792,1
1790180645792,0
1790180645864,1
1790180645864,0
1790180646010,1
1790180646010,0
1790180646033,1
1790180646064,0
1790180646430,1
1790180646430,0
1790180646460,1
1790180646485,0
1790180646491,1
1790180646491,0
1790180646631,1
1790180646631,0
1790180646683,1
1790180646688,0
1790180646700,1
1790180646727,2
1790180646729,1
1790180646761,2
1790180646782,1
1790180646782,0
1790180646796,1
1790180646796,0
1790180646856,1
1790180646856,0
1790180646887,1
1790180646898,0
1790180647055,1
1790180647055,0
1790180647088,1
1790180647110,0
1790180647146,1
1790180647146,0
1790180647170,1
1790180647202,0
1790180647322,1
1790180647322,0
1790180647463,1
1790180647463,0
1790180647744,1
1790180647744,0
1790180647767,1
1790180647798,0
1790180647798,1
1790180647823,2
1790180647843,1
1790180647843,0
1790180647999,1
1790180647999,0
1790180648108,0
1790180648108,0
1790180648122,1
1790180648152,2
1790180648166,1
1790180648180,2
1790180648212,1
1790180648269,0
1790180648532,1
1790180648532,0
1790180648669,1
1790180648670,0
1790180648692,1
1790180648724,0
1790180648803,1
1790180648803,0
1790180648830,1
1790180648855,2
1790180648859,1
1790180648891,2
1790180648902,1
1790180648902,0
1790180649270,1
1790180649270,0
1790180649329,1
1790180649329,0
1790180649357,1
1790180649385,2
1790180649385,1
1790180649416,2
1790180649439,1
1790180649440,2
1790180649484,1
1790180649485,0
1790180649625,1
1790180649625,0
1790180649662,1
1790180649680,0
1790180649690,1
1790180649690,0
1790180649714,1
1790180649714,0
1790180649792,1
1790180649792,0
1790180650019,1
1790180650019,0
1790180650044,1
1790180650065,0
1790180650329,1
1790180650329,0
1790180650354,1
1790180650384,0
1790180650890,1
1790180650890,0
1790180650913,1
1790180650945,0
1790180650952,1
1790180650999,0
1790180651103,1
1790180651103,0
1790180651242,1
1790180651242,0
1790180651271,1
1790180651287,0
1790180651294,1
1790180651342,0
1790180651439,1
1790180651439,0
1790180651645,1
1790180651645,0
1790180652486,1
1790180652487,0
1790180652533,1
1790180652533,0
1790180653030,1
1790180653030,0
1790180653298,1
1790180653298,0
1790180653325,1
1790180653352,0
1790180653370,1
1790180653402,0
1790180653408,1
1790180653428,2
1790180653446,1
1790180653446,0
1790180653451,1
1790180653500,0
1790180653581,1
1790180653581,0
1790180653990,1
1790180653990,0
1790180654021,1
1790180654044,0
1790180654049,1
1790180654050,0
1790180654111,1
1790180654111,0
1790180654510,1
1790180654510,0
1790180654529,1
1790180654552,0
1790180654565,1
1790180654608,0
1790180655021,1
1790180655021,0
1790180655049,1
1790180655069,2
1790180655074,1
1790180655096,2
1790180655117,1
1790180655160,2
1790180655171,1
1790180655191,2
1790180655215,3
1790180655220,2
1790180655240,3
1790180655264,4
1790180655264,3
1790180655319,2
1790180655367,1
1790180655368,0
1790180655725,1
1790180655725,0
1790180655752,1
1790180655779,0
1790180655782,1
1790180655810,2
1790180655820,1
1790180655820,0
1790180655901,1
1790180655901,0
1790180655996,1
1790180655996,0
1790180656030,1
1790180656051,2
1790180656051,1
1790180656092,0
1790180656166,1
1790180656166,0
1790180656197,1
1790180656222,0
1790180656226,1
1790180656266,0
1790180656687,1
1790180656687,0
1790180656711,1
1790180656732,0
1790180656771,1
1790180656787,0
1790180656801,1
1790180656827,0
1790180656831,1
1790180656831,0
1790180656857,1
1790180656887,0
1790180656949,1
1790180656949,0
1790180657026,1
1790180657026,0
1790180657059,1
1790180657072,0
1790180657089,1
1790180657115,0
1790180657117,1
1790180657169,0
1790180657231,1
1790180657231,0
1790180657685,1
1790180657685,0
1790180657846,1
1790180657846,0
1790180657882,1
1790180657891,0
1790180657912,1
1790180657912,0
1790180657937,1
1790180657937,0
1790180658047,1
1790180658047,0
1790180658072,1
1790180658111,0
1790180658197,1
1790180658197,0
1790180659677,1
1790180659677,0
1790180659789,1
1790180659789,0
1790180659815,1
1790180659840,2
1790180659840,1
1790180659864,2
1790180659882,1
1790180659883,0
1790180659928,1
1790180659928,0
1790180659946,1
1790180659970,0
1790180659980,1
1790180660008,2
1790180660015,1
1790180660015,0
1790180660030,1
1790180660030,0
1790180660214,1
1790180660214,0
1790180660449,1
1790180660450,0
1790180660593,1
1790180660593,0
1790180660750,1
1790180660750,0
1790180661260,1
1790180661260,0
1790180661483,1
1790180661483,0
1790180661675,1
1790180661675,0
1790180661706,1
1790180661722,0
1790180661796,1
1790180661796,0
1790180661823,1
1790180661838,0
1790180661854,1
1790180661883,0
1790180661885,1
1790180661885,0
1790180662223,1
1790180662223,0
1790180662279,1
1790180662279,0
1790180662310,1
1790180662319,0
1790180662449,1
1790180662449,0
1790180662605,1
1790180662605,0
1790180662621,1
1790180662648,0
1790180662656,1
1790180662656,0
1790180662682,1
1790180662682,0
1790180663045,1
1790180663045,0
1790180663256,1
1790180663256,0
1790180663275,1
1790180663304,0
1790180663600,1
1790180663600,0
1790180663909,1
1790180663909,0
1790180664151,1
1790180664151,0
1790180664180,1
1790180664196,0
1790180664201,1
1790180664237,0
1790180664241,1
1790180664241,0
1790180664271,1
1790180664271,0
1790180664854,1
1790180664854,0
1790180665005,1
1790180665005,0
1790180665026,1
1790180665046,0
1790180665053,1
1790180665054,0
1790180665590,1
1790180665591,0
1790180665624,1
1790180665637,0
1790180665846,1
1790180665846,0
1790180665860,1
1790180665889,0
1790180665920,1
1790180665931,0
1790180665947,1
1790180665977,0
1790180665981,1
1790180665981,0
1790180666120,1
1790180666120,0
1790180666151,1
1790180666165,0
1790180666235,1
1790180666235,0
1790180666439,1
1790180666439,0
1790180666531,1
1790180666531,0
1790180666558,1
1790180666574,0
1790180666587,1
1790180666615,2
1790180666616,1
1790180666616,0
1790180666672,1
1790180666672,0
1790180666702,1
1790180666718,0
1790180666815,1
1790180666815,0
1790180666844,1
1790180666856,0
1790180666863,1
1790180666863,0
1790180666896,1
1790180666897,0
1790180666941,1
1790180666942,0
1790180667084,1
1790180667084,0
1790180667114,1
1790180667124,0
1790180667133,1
1790180667134,0
1790180667327,1
1790180667327,0
1790180667353,1
1790180667371,0
1790180667379,1
1790180667379,0
1790180667406,1
1790180667406,0
1790180667462,1
1790180667462,0
1790180667512,1
1790180667512,0
1790180667537,1
1790180667554,0
1790180668194,1
1790180668194,0
1790180668655,1
1790180668655,0
1790180668684,1
1790180668695,0
1790180668711,1
1790180668711,0
1790180668909,1
1790180668909,0
1790180668944,1
1790180668950,0
1790180668975,1
1790180668975,0
1790180668990,1
1790180668990,0
1790180669078,1
1790180669078,0
1790180669186,1
1790180669186,0
1790180669221,1
1790180669230,0
1790180669252,1
1790180669252,0
1790180669358,1
1790180669358,0
1790180669385,1
1790180669399,0
1790180670632,1
1790180670632,0
1790180671199,1
1790180671199,0
1790180671235,1
1790180671241,0
1790180671259,1
1790180671282,0
1790180671294,1
1790180671294,0
1790180671541,1
1790180671541,0
1790180671971,1
1790180671971,0
1790180671999,1
1790180672016,0
1790180672064,1
1790180672064,0
1790180672573,1
1790180672573,0
1790180672602,1
1790180672616,0
1790180672775,1
1790180672775,0
1790180672827,1
1790180672828,0
1790180672859,1
1790180672875,0
1790180672886,1
1790180672915,0
1790180672949,1
1790180672949,0
1790180672968,1
1790180672990,0
1790180672999,1
1790180672999,0
1790180673434,1
1790180673434,0
1790180673881,1
1790180673881,0
1790180673914,1
1790180673925,0
1790180674076,1
1790180674076,0
1790180674107,1
1790180674118,0
1790180674222,1
1790180674222,0
1790180674252,1
1790180674263,0
1790180674275,1
1790180674275,0
1790180674305,1
1790180674305,0
1790180674396,1
1790180674396,0
1790180674482,1
1790180674482,0
1790180674938,1
1790180674938,0
1790180675947,1
1790180675947,0
1790180676207,1
1790180676207,0
1790180676238,1
1790180676250,0
1790180676554,1
1790180676554,0
1790180676582,1
1790180676596,0
1790180676898,1
1790180676898,0
1790180676920,1
1790180676938,0
1790180676956,1
1790180676956,0
1790180676984,1
1790180676984,0
1790180677004,1
1790180677005,0
1790180677075,1
1790180677075,0
1790180677552,1
1790180677552,0
1790180677885,1
1790180677885,0
1790180678070,1
1790180678070,0
1790180678449,1
1790180678449,0
1790180678478,1
1790180678491,0
1790180678518,1
1790180678533,0
1790180678538,1
1790180678538,0
1790180678573,1
1790180678573,0
1790180678880,1
1790180678880,0
1790180678910,1
1790180678929,0
1790180678941,1
1790180678941,0
1790180679026,1
1790180679026,0
1790180679061,1
1790180679068,0
1790180679090,1
1790180679090,0
1790180679120,1
1790180679120,0
1790180679197,1
1790180679197,0
