1790103821909,1
1790103821918,0
1790103822319,0
1790103822320,0
1790103822562,1
1790103822562,0
1790103822976,1
1790103822977,0
1790103823385,1
1790103823385,0
1790103823607,1
1790103823608,0
1790103824026,1
1790103824026,0
1790103824398,1
1790103824399,0
1790103824842,1
1790103824843,0
1790103825202,1
1790103825202,0
1790103825567,1
1790103825568,0
1790103825930,1
1790103825930,0
1790103826383,1
1790103826383,0
1790103826603,0
1790103826603,0
1790103827018,1
1790103827018,0
1790103827439,1
1790103827440,0
1790103827890,1
1790103827890,0
1790103828225,1
1790103828225,0
1790103828630,1
1790103828630,0
1790103828987,1
1790103828987,0
1790103829301,1
1790103829302,0
1790103829829,1
1790103829829,0
1790103830145,1
1790103830145,0
1790103830529,1
1790103830529,0
1790103830930,1
1790103830930,0
1790103831367,1
1790103831368,0
1790103832060,1
1790103832061,0
1790103832617,1
1790103832617,0
1790103832991,1
1790103832991,0
1790103833184,1
1790103833185,0
1790103833561,1
1790103833561,0
1790103833921,1
1790103833921,0
1790103834101,1
1790103834101,0
1790103834337,0
1790103834337,0
1790103834720,1
1790103834721,0
1790103835147,1
1790103835147,0
1790103835609,1
1790103835610,0
1790103836017,1
1790103836017,0
1790103836409,1
1790103836409,0
1790103836821,1
1790103836822,0
1790103837181,1
1790103837181,0
1790103837734,1
1790103837734,0
1790103838002,1
1790103838003,0
1790103838459,1
1790103838460,0
1790103838792,1
1790103838793,0
1790103839226,1
1790103839227,0
1790103839632,1
1790103839633,0
1790103840108,1
1790103840109,0
1790103840490,1
1790103840490,0
1790103840808,1
1790103840809,0
1790103841225,1
1790103841226,0
1790103841472,1
1790103841472,0
1790103841879,1
1790103841879,0
1790103842292,1
1790103842293,0
1790103842585,1
1790103842586,0
1790103843063,1
1790103843063,0
1790103843435,1
1790103843436,0
1790103843801,1
1790103843802,0
1790103844217,1
1790103844218,0
1790103844391,1
1790103844392,0
1790103844590,1
1790103844591,0
1790103844935,1
1790103844935,0
1790103845360,1
1790103845360,0
1790103845820,1
1790103845822,0
1790103846528,1
1790103846530,0
1790103846729,1
1790103846730,0
1790103847083,1
1790103847083,0
1790103847341,1
1790103847342,0
1790103847818,1
1790103847818,0
1790103848291,1
1790103848292,0
1790103848695,1
1790103848695,0
1790103849163,1
1790103849163,0
1790103849519,1
1790103849519,0
1790103849836,1
1790103849837,0
1790103850008,1
1790103850008,0
1790103850229,1
1790103850229,0
1790103850831,1
1790103850831,0
1790103851252,1
1790103851253,0
1790103851706,1
1790103851707,0
1790103852180,1
1790103852181,0
1790103852525,1
1790103852526,0
1790103852826,1
1790103852827,0
1790103852955,1
1790103852955,0
1790103853112,1
1790103853113,0
1790103853772,1
1790103853773,0
1790103854052,1
1790103854053,0
1790103854409,1
1790103854409,0
1790103854804,1
1790103854805,0
1790103855171,1
1790103855171,0
1790103855292,1
1790103855292,0
1790103855702,1
1790103855702,0
1790103856043,1
1790103856043,0
1790103856410,1
1790103856411,0
1790103856798,1
1790103856798,0
1790103857088,1
1790103857088,0
1790103857769,1
1790103857772,0
1790103857900,1
1790103857901,0
1790103858319,1
1790103858319,0
1790103858715,1
1790103858715,0
1790103859061,1
1790103859062,0
1790103859193,1
1790103859193,0
1790103859363,1
1790103859363,0
1790103859812,1
1790103859813,0
1790103860235,1
1790103860236,0
1790103860671,1
1790103860672,0
1790103861092,1
1790103861093,0
1790103861266,1
1790103861266,0
1790103861566,1
1790103861567,0
1790103862159,1
1790103862159,0
1790103862513,1
1790103862513,0
1790103862902,1
1790103862902,0
1790103863092,1
1790103863092,0
1790103863404,1
1790103863405,0
1790103863682,1
1790103863683,0
1790103864075,1
1790103864076,0
1790103864421,1
1790103864421,0
1790103864770,1
1790103864771,0
1790103865108,1
1790103865109,0
1790103865468,1
1790103865469,0
1790103865777,1
1790103865777,0
1790103866079,1
1790103866081,0
1790103866221,1
1790103866222,0
1790103866579,1
1790103866579,0
1790103866691,1
1790103866692,0
1790103867009,1
1790103867011,0
1790103867559,1
1790103867559,0
1790103867968,1
1790103867969,0
1790103868166,1
1790103868166,0
1790103868603,0
1790103868608,0
1790103869039,1
1790103869040,0
1790103869487,1
1790103869488,0
1790103869823,1
1790103869823,0
1790103870135,1
1790103870136,0
1790103870649,1
1790103870649,0
1790103870793,1
1790103870793,0
1790103870985,0
1790103870985,0
1790103871461,1
1790103871461,0
1790103871844,1
1790103871845,0
1790103872185,1
1790103872185,0
1790103872457,1
1790103872458,0
1790103872651,1
1790103872652,0
1790103873044,1
1790103873044,0
1790103873378,1
1790103873378,0
1790103873685,1
1790103873685,0
1790103874022,1
1790103874023,0
1790103874413,1
1790103874413,0
1790103874757,1
1790103874758,0
1790103875180,1
1790103875180,0
1790103875525,1
1790103875526,0
1790103875830,1
1790103875830,0
1790103876221,1
1790103876221,0
1790103876597,1
1790103876597,0
1790103876956,1
1790103876957,0
1790103877075,1
1790103877076,0
1790103877592,1
1790103877592,0
1790103877902,1
1790103877902,0
1790103878080,1
1790103878080,0
1790103878619,1
1790103878619,0
1790103878742,1
1790103878742,0
1790103878871,1
1790103878871,0
1790103879168,1
1790103879168,0
1790103879520,1
1790103879521,0
1790103879892,1
1790103879892,0
1790103880275,1
1790103880275,0
1790103880392,1
1790103880392,0
1790103880702,1
1790103880702,0
1790103881160,1
1790103881161,0
1790103881475,1
1790103881475,0
1790103881819,1
1790103881819,0
1790103882018,1
1790103882018,0
1790103882433,1
1790103882433,0
1790103882768,1
1790103882769,0
1790103882998,1
1790103882999,0
1790103883445,1
1790103883446,0
1790103883920,1
1790103883920,0
1790103884192,1
1790103884192,0
1790103884319,1
1790103884319,0
1790103885042,1
1790103885042,0
1790103885318,1
1790103885318,0
1790103885577,1
1790103885578,0
1790103885700,1
1790103885700,0
1790103886159,1
1790103886160,0
1790103886566,1
1790103886566,0
1790103886988,1
1790103886988,0
1790103887310,1
1790103887311,0
1790103887550,1
1790103887551,0
1790103887976,1
1790103887976,0
1790103888476,1
1790103888476,0
1790103888783,1
1790103888784,0
1790103889124,1
1790103889125,0
1790103889406,1
1790103889408,0
1790103889742,1
1790103889742,0
1790103890094,1
1790103890096,0
1790103890642,1
1790103890643,0
1790103890992,1
1790103890992,0
1790103891488,1
1790103891488,0
1790103891755,1
1790103891755,0
1790103892093,1
1790103892093,0
1790103892536,1
1790103892536,0
1790103892686,1
1790103892686,0
1790103893053,1
1790103893053,0
1790103893355,1
1790103893355,0
1790103893864,1
1790103893864,0
1790103894202,1
1790103894202,0
1790103894444,1
1790103894445,0
1790103894801,1
1790103894802,0
1790103895138,1
1790103895138,0
1790103895318,1
1790103895318,0
1790103895665,1
1790103895666,0
1790103896111,1
1790103896112,0
1790103896230,1
1790103896231,0
1790103896542,1
1790103896542,0
1790103896881,1
1790103896881,0
1790103897374,1
1790103897374,0
1790103897657,1
1790103897657,0
1790103898631,1
1790103898631,0
1790103898805,1
1790103898805,0
1790103899119,1
1790103899119,0
1790103899484,1
1790103899484,0
1790103900001,1
1790103900001,0
1790103900455,1
1790103900455,0
1790103900882,1
1790103900882,0
1790103901175,1
1790103901175,0
1790103901383,1
1790103901383,0
1790103901567,1
1790103901567,0
1790103901967,1
1790103901967,0
1790103902374,1
1790103902375,0
1790103902850,1
1790103902850,0
1790103903265,1
1790103903266,0
1790103903465,1
1790103903465,0
1790103903784,1
1790103903784,0
1790103904119,1
1790103904120,0
1790103904475,1
1790103904475,0
1790103904863,1
1790103904863,0
1790103905302,1
1790103905302,0
1790103905700,1
1790103905701,0
1790103906094,1
1790103906094,0
1790103906513,1
1790103906514,0
1790103906915,1
1790103906915,0
1790103907116,1
1790103907116,0
1790103907498,1
1790103907498,0
1790103907944,1
1790103907944,0
1790103908293,1
1790103908294,0
1790103908489,1
1790103908489,0
1790103908864,1
1790103908864,0
1790103909189,1
1790103909189,0
1790103909551,1
1790103909551,0
1790103909967,1
1790103909967,0
1790103910342,1
1790103910342,0
1790103910746,1
1790103910747,0
1790103911130,1
1790103911130,0
1790103911556,1
1790103911557,0
1790103911912,1
1790103911914,0
1790103912249,1
1790103912250,0
1790103912435,1
1790103912435,0
1790103912759,1
1790103912760,0
1790103913089,1
1790103913098,0
1790103913342,1
1790103913343,0
1790103913670,0
1790103913671,0
1790103914018,1
1790103914018,0
1790103914355,1
1790103914355,0
1790103914712,1
1790103914712,0
1790103915032,1
1790103915032,0
1790103915375,1
1790103915375,0
1790103915754,1
1790103915754,0
1790103915949,1
1790103915949,0
1790103916294,1
1790103916294,0
1790103916519,1
1790103916519,0
1790103916923,1
1790103916923,0
1790103917118,1
1790103917118,0
1790103917457,1
1790103917457,0
1790103917812,1
1790103917812,0
1790103918272,1
1790103918273,0
1790103918665,1
1790103918666,0
1790103919088,1
1790103919088,0
1790103919500,1
1790103919500,0
1790103919907,1
1790103919907,0
1790103920311,1
1790103920311,0
1790103920606,1
1790103920606,0
1790103920939,1
1790103920939,0
1790103921319,1
1790103921319,0
1790103921740,1
1790103921740,0
1790103922158,1
1790103922159,0
1790103922543,1
1790103922544,0
1790103922904,1
1790103922904,0
1790103923227,1
1790103923228,0
1790103923599,1
1790103923600,0
1790103923991,1
1790103923991,0
1790103924459,1
1790103924459,0
1790103924879,1
1790103924880,0
1790103925075,1
1790103925075,0
1790103925480,1
1790103925480,0
1790103925853,1
1790103925853,0
1790103926182,1
1790103926182,0
1790103926500,1
1790103926500,0
1790103926934,1
1790103926934,0
1790103927125,1
1790103927125,0
1790103927524,1
1790103927525,0
1790103927958,1
1790103927959,0
1790103928150,1
1790103928150,0
1790103928561,1
1790103928562,0
1790103929036,1
1790103929037,0
1790103929225,1
1790103929225,0
1790103929592,1
1790103929592,0
1790103929992,1
1790103929992,0
1790103930344,1
1790103930344,0
1790103930679,1
1790103930679,0
1790103931097,1
1790103931098,0
1790103931292,1
1790103931292,0
1790103931659,1
1790103931659,0
1790103931851,1
1790103931852,0
1790103932058,1
1790103932058,0
1790103932429,1
1790103932430,0
1790103932779,1
1790103932779,0
1790103933200,1
1790103933200,0
1790103933618,1
1790103933618,0
1790103934042,1
1790103934042,0
1790103934453,1
1790103934454,0
1790103934813,1
1790103934813,0
1790103935224,1
1790103935224,0
1790103935606,1
1790103935606,0
1790103935957,1
1790103935957,0
1790103936152,1
1790103936152,0
1790103936394,1
1790103936394,0
1790103936575,1
1790103936575,0
1790103936758,1
1790103936758,0
1790103936928,1
1790103936928,0
1790103937108,1
1790103937108,0
1790103937448,1
1790103937448,0
1790103937642,1
1790103937642,0
1790103937819,1
1790103937819,0
1790103938240,1
1790103938240,0
1790103938651,1
1790103938651,0
1790103938840,1
1790103938840,0
1790103939192,1
1790103939192,0
1790103939564,1
1790103939565,0
1790103939884,1
1790103939885,0
1790103940214,1
1790103940214,0
1790103940508,1
1790103940509,0
1790103940735,1
1790103940736,0
1790103941079,1
1790103941080,0
1790103941432,1
1790103941432,0
1790103941823,1
1790103941824,0
1790103942152,1
1790103942152,0
1790103942509,1
1790103942509,0
1790103942703,1
1790103942703,0
1790103942884,1
1790103942884,0
1790103943342,1
1790103943342,0
1790103943535,1
1790103943535,0
1790103943928,1
1790103943928,0
1790103944285,1
1790103944286,0
1790103944626,1
1790103944627,0
1790103944939,1
1790103944939,0
1790103945321,1
1790103945321,0
1790103945720,1
1790103945720,0
1790103946107,1
1790103946108,0
1790103946519,1
1790103946519,0
1790103946880,0
1790103946880,0
1790103947079,1
1790103947080,0
1790103947259,1
1790103947259,0
1790103947447,1
1790103947447,0
1790103947898,1
1790103947898,0
1790103948289,1
1790103948289,0
1790103948677,1
1790103948677,0
1790103949100,1
1790103949101,0
1790103949328,1
1790103949328,0
1790103949633,1
1790103949633,0
1790103950079,1
1790103950079,0
1790103950437,1
1790103950437,0
1790103950808,1
1790103950809,0
1790103951169,1
1790103951169,0
1790103951579,1
1790103951579,0
1790103951994,1
1790103951994,0
1790103952433,1
1790103952434,0
1790103952784,1
1790103952784,0
1790103953141,1
1790103953141,0
1790103953503,1
1790103953503,0
1790103953923,1
1790103953923,0
1790103954318,1
1790103954318,0
1790103954738,1
1790103954738,0
1790103955074,1
1790103955074,0
1790103955401,1
1790103955401,0
1790103955836,1
1790103955837,0
1790103956168,1
1790103956168,0
1790103956503,1
1790103956503,0
1790103956898,1
1790103956899,0
1790103957278,1
1790103957279,0
1790103957601,1
1790103957602,0
1790103957983,1
1790103957984,0
1790103958392,1
1790103958392,0
1790103958769,1
1790103958769,0
1790103958961,1
1790103958962,0
1790103959141,1
1790103959141,0
1790103959324,1
1790103959324,0
1790103959744,1
1790103959744,0
1790103960075,1
1790103960075,0
1790103960429,1
1790103960430,0
1790103960870,1
1790103960870,0
1790103961197,1
1790103961197,0
1790103961646,1
1790103961647,0
1790103961841,1
1790103961842,0
1790103962200,1
1790103962200,0
1790103962530,1
1790103962532,0
1790103962855,1
1790103962855,0
1790103963108,1
1790103963108,0
1790103963535,1
1790103963535,0
1790103963915,1
1790103963915,0
1790103964208,1
1790103964208,0
1790103964628,1
1790103964628,0
1790103964818,1
1790103964818,0
1790103965202,1
1790103965202,0
1790103965604,1
1790103965605,0
1790103966023,1
1790103966023,0
1790103966350,1
1790103966350,0
1790103966760,1
1790103966761,0
1790103967073,1
1790103967073,0
1790103967393,1
1790103967393,0
1790103967708,1
1790103967709,0
1790103968083,1
1790103968084,0
1790103968275,1
1790103968275,0
1790103968591,1
1790103968591,0
1790103968908,1
1790103968908,0
1790103969191,1
1790103969192,0
1790103969565,1
1790103969565,0
1790103969758,1
1790103969758,0
1790103969941,1
1790103969941,0
1790103970342,1
1790103970342,0
1790103970521,1
1790103970521,0
1790103970897,1
1790103970898,0
1790103971256,1
1790103971257,0
1790103971672,1
1790103971672,0
1790103972022,1
1790103972023,0
1790103972413,1
1790103972413,0
1790103972757,1
1790103972758,0
1790103973139,1
1790103973139,0
1790103973463,1
1790103973463,0
1790103973658,1
1790103973658,0
1790103973841,1
1790103973842,0
1790103974025,1
1790103974025,0
1790103974425,1
1790103974425,0
1790103974867,1
1790103974867,0
1790103975287,1
1790103975287,0
1790103975580,1
1790103975580,0
1790103975958,1
1790103975958,0
1790103976319,1
1790103976320,0
1790103976651,1
1790103976651,0
1790103976972,1
1790103976972,0
1790103977290,1
1790103977290,0
1790103977651,1
1790103977651,0
1790103977980,1
1790103977980,0
1790103978385,1
1790103978385,0
1790103978790,1
1790103978791,0
1790103979192,1
1790103979192,0
1790103979536,1
1790103979536,0
1790103979723,1
1790103979723,0
1790103980083,1
1790103980084,0
1790103980438,1
1790103980438,0
1790103980637,1
1790103980637,0
1790103980931,1
1790103980931,0
1790103981368,1
1790103981369,0
1790103981758,1
1790103981759,0
1790103982168,1
1790103982168,0
1790103982391,1
1790103982392,0
1790103982791,1
1790103982792,0
1790103982977,1
1790103982977,0
1790103983354,1
1790103983355,0
1790103983728,1
1790103983728,0
1790103983926,1
1790103983926,0
1790103984221,1
1790103984222,0
1790103984561,1
1790103984561,0
1790103984979,1
1790103984979,0
1790103985398,1
1790103985399,0
1790103985797,1
1790103985797,0
1790103985987,1
1790103985987,0
1790103986302,1
1790103986302,0
1790103986620,1
1790103986621,0
1790103986808,1
1790103986808,0
1790103987020,1
1790103987020,0
1790103987454,1
1790103987454,0
1790103987841,0
1790103987841,0
1790103988036,1
1790103988036,0
1790103988348,1
1790103988348,0
1790103988792,1
1790103988792,0
1790103988975,1
1790103988975,0
1790103989175,1
1790103989175,0
1790103989579,1
1790103989579,0
1790103989774,1
1790103989774,0
1790103989941,1
1790103989941,0
1790103990294,1
1790103990294,0
1790103990674,1
1790103990674,0
1790103991000,1
1790103991000,0
1790103991307,1
1790103991307,0
1790103991668,1
1790103991668,0
1790103992025,1
1790103992025,0
1790103992208,1
1790103992208,0
1790103992615,1
1790103992616,0
1790103992935,1
1790103992935,0
1790103993150,1
1790103993150,0
1790103993325,1
1790103993325,0
1790103993498,1
1790103993499,0
1790103993906,1
1790103993906,0
1790103994294,1
1790103994295,0
1790103994704,1
1790103994704,0
1790103995081,1
1790103995081,0
1790103995458,1
1790103995459,0
1790103995644,1
1790103995644,0
1790103996003,1
1790103996003,0
1790103996442,1
1790103996442,0
1790103996795,1
1790103996795,0
1790103997175,1
1790103997175,0
1790103997569,1
1790103997569,0
1790103997765,1
1790103997765,0
1790103997975,1
1790103997975,0
1790103998142,1
1790103998142,0
1790103998360,1
1790103998360,0
1790103998730,1
1790103998730,0
1790103998925,1
1790103998925,0
1790103999251,1
1790103999252,0
1790103999441,1
1790103999441,0
1790103999811,1
1790103999811,0
1790104000158,1
1790104000158,0
1790104000508,1
1790104000508,0
1790104000758,1
1790104000759,0
1790104000941,1
1790104000941,0
1790104001350,1
1790104001351,0
1790104001770,1
1790104001771,0
1790104002181,1
1790104002182,0
1790104002371,1
1790104002371,0
1790104002688,1
1790104002689,0
1790104003124,1
1790104003124,0
1790104003308,1
1790104003308,0
1790104003492,1
1790104003492,0
1790104003896,1
1790104003896,0
1790104004251,1
1790104004251,0
1790104004605,1
1790104004605,0
1790104004976,1
1790104004977,0
1790104005416,1
1790104005416,0
1790104005796,1
1790104005797,0
1790104006123,1
1790104006123,0
1790104006508,1
1790104006508,0
1790104006925,1
1790104006925,0
1790104007342,1
1790104007342,0
1790104007652,1
1790104007652,0
1790104007840,1
1790104007840,0
1790104008068,1
1790104008068,0
1790104008471,1
1790104008471,0
1790104008877,1
1790104008877,0
1790104009219,1
1790104009219,0
1790104009596,1
1790104009596,0
1790104009794,1
1790104009795,0
1790104010146,1
1790104010146,0
1790104010488,1
1790104010488,0
1790104010961,1
1790104010961,0
1790104011276,1
1790104011276,0
1790104011593,1
1790104011594,0
1790104011979,1
1790104011980,0
1790104012330,1
1790104012330,0
1790104012678,1
1790104012679,0
1790104013043,1
1790104013043,0
1790104013452,1
1790104013452,0
1790104013896,1
1790104013896,0
1790104014292,1
1790104014292,0
1790104014703,1
1790104014703,0
1790104014891,1
1790104014891,0
1790104015341,1
1790104015341,0
1790104015732,1
1790104015732,0
1790104015929,1
1790104015929,0
1790104016279,1
1790104016279,0
1790104016503,1
1790104016504,0
1790104016908,1
1790104016908,0
1790104017322,1
1790104017322,0
1790104017539,1
1790104017539,0
1790104017896,1
1790104017897,0
1790104018342,1
1790104018342,0
1790104018539,1
1790104018539,0
1790104018925,1
1790104018925,0
1790104019319,1
1790104019319,0
1790104019751,1
1790104019751,0
1790104020175,1
1790104020175,0
1790104020492,1
1790104020492,0
1790104020881,1
1790104020882,0
1790104021300,1
1790104021300,0
1790104021723,1
1790104021723,0
1790104022099,1
1790104022099,0
1790104022416,1
1790104022416,0
1790104022742,1
1790104022742,0
1790104022958,1
1790104022958,0
1790104023254,1
1790104023254,0
1790104023582,1
1790104023582,0
1790104023991,1
1790104023991,0
1790104024166,1
1790104024166,0
1790104024465,1
1790104024465,0
1790104024651,1
1790104024651,0
1790104024888,1
1790104024888,0
1790104025229,1
1790104025230,0
1790104025400,1
1790104025401,0
1790104025708,1
1790104025709,0
1790104026027,1
1790104026028,0
1790104026343,1
1790104026343,0
1790104026721,1
1790104026721,0
1790104027050,1
1790104027051,0
1790104027377,1
1790104027377,0
1790104027730,1
1790104027730,0
1790104028117,1
1790104028117,0
1790104028492,1
1790104028492,0
1790104028678,1
1790104028678,0
1790104029008,1
1790104029008,0
1790104029187,1
1790104029188,0
1790104029585,1
1790104029585,0
1790104030032,1
1790104030032,0
1790104030378,1
1790104030378,0
1790104030716,1
1790104030717,0
1790104031017,1
1790104031018,0
1790104031364,1
1790104031365,0
1790104031712,1
1790104031712,0
1790104032116,1
1790104032116,0
1790104032462,1
1790104032463,0
1790104032847,1
1790104032848,0
1790104033172,1
1790104033172,0
1790104033583,1
1790104033584,0
1790104033991,1
1790104033991,0
1790104034319,1
1790104034319,0
1790104034516,1
1790104034516,0
1790104034832,1
1790104034833,0
1790104035246,1
1790104035246,0
1790104035628,1
1790104035628,0
1790104036008,1
1790104036008,0
1790104036389,1
1790104036390,0
1790104036588,1
1790104036588,0
1790104036997,1
1790104036997,0
1790104037385,1
1790104037386,0
1790104037581,1
1790104037582,0
1790104037765,1
1790104037765,0
1790104038203,1
1790104038203,0
1790104038614,1
1790104038615,0
1790104039008,1
1790104039008,0
1790104039406,1
1790104039406,0
1790104039811,1
1790104039811,0
1790104040223,1
1790104040223,0
1790104040623,1
1790104040624,0
1790104041018,1
1790104041018,0
1790104041325,1
1790104041325,0
1790104041521,1
1790104041521,0
1790104041922,1
1790104041922,0
1790104042310,1
1790104042310,0
1790104042658,1
1790104042659,0
1790104043014,1
1790104043014,0
1790104043421,1
1790104043421,0
1790104043742,1
1790104043742,0
1790104044135,1
1790104044135,0
1790104044459,1
1790104044460,0
1790104044774,1
1790104044774,0
1790104045158,1
1790104045158,0
1790104045540,1
1790104045540,0
1790104045955,1
1790104045955,0
1790104046307,1
1790104046307,0
1790104046697,1
1790104046698,0
1790104047048,1
1790104047049,0
1790104047492,1
1790104047492,0
1790104047875,1
1790104047875,0
1790104048267,1
1790104048267,0
1790104048620,1
1790104048620,0
1790104048991,1
1790104048991,0
1790104049203,1
1790104049203,0
1790104049383,1
1790104049383,0
1790104049749,1
1790104049749,0
1790104050067,1
1790104050068,0
1790104050420,1
1790104050420,0
1790104050793,1
1790104050793,0
1790104050985,1
1790104050986,0
1790104051299,1
1790104051299,0
1790104051681,1
1790104051681,0
1790104052059,1
1790104052059,0
1790104052253,1
1790104052253,0
1790104052715,1
1790104052716,0
1790104053063,1
1790104053063,0
1790104053283,1
1790104053283,0
1790104053458,1
1790104053458,0
1790104053828,1
1790104053829,0
1790104054144,1
1790104054144,0
1790104054514,1
1790104054515,0
1790104054842,1
1790104054842,0
1790104055221,1
1790104055221,0
1790104055530,1
1790104055530,0
1790104055729,1
1790104055729,0
1790104055908,1
1790104055908,0
1790104056308,1
1790104056308,0
1790104056658,1
1790104056659,0
1790104057125,1
1790104057125,0
1790104057498,1
1790104057498,0
1790104057888,1
1790104057888,0
1790104058208,1
1790104058208,0
1790104058391,1
1790104058391,0
1790104058709,1
1790104058710,0
1790104059082,1
1790104059083,0
1790104059490,1
1790104059491,0
1790104059942,1
1790104059942,0
1790104060325,1
1790104060325,0
1790104060650,1
1790104060650,0
1790104060844,1
1790104060845,0
1790104061025,1
1790104061025,0
1790104061210,1
1790104061210,0
1790104061550,1
1790104061550,0
1790104061898,1
1790104061899,0
1790104062118,1
1790104062118,0
1790104062432,1
1790104062432,0
1790104062740,1
1790104062741,0
1790104063094,1
1790104063095,0
1790104063275,1
1790104063275,0
1790104063671,1
1790104063671,0
1790104064058,1
1790104064058,0
1790104064497,1
1790104064497,0
1790104064820,1
1790104064820,0
1790104065233,1
1790104065233,0
1790104065629,1
1790104065629,0
1790104065951,1
1790104065951,0
1790104066342,1
1790104066342,0
1790104066700,1
1790104066701,0
1790104067056,1
1790104067056,0
1790104067496,1
1790104067496,0
1790104067881,1
1790104067882,0
1790104068251,1
1790104068252,0
1790104068445,1
1790104068445,0
1790104068794,1
1790104068795,0
1790104068983,1
1790104068983,0
1790104069155,1
1790104069155,0
1790104069391,1
1790104069392,0
1790104069719,1
1790104069719,0
1790104070071,1
1790104070071,0
1790104070429,1
1790104070430,0
1790104070761,1
1790104070761,0
1790104071075,0
1790104071075,0
1790104071398,1
1790104071398,0
1790104071779,1
1790104071779,0
1790104072150,1
1790104072150,0
1790104072526,1
1790104072526,0
1790104072896,1
1790104072896,0
1790104073275,1
1790104073275,0
1790104073678,1
1790104073678,0
1790104074041,1
1790104074041,0
1790104074457,1
1790104074457,0
1790104074834,1
1790104074834,0
1790104075217,1
1790104075217,0
1790104075593,1
1790104075593,0
1790104076003,1
1790104076004,0
1790104076408,1
1790104076408,0
1790104076723,1
1790104076723,0
1790104077050,1
1790104077050,0
1790104077294,1
1790104077294,0
1790104077691,1
1790104077692,0
1790104078098,1
1790104078098,0
1790104078517,1
1790104078518,0
1790104078903,1
1790104078903,0
1790104079275,1
1790104079275,0
1790104079472,1
1790104079472,0
1790104079876,1
1790104079876,0
1790104080207,1
1790104080207,0
1790104080594,1
1790104080594,0
1790104080911,1
1790104080911,0
1790104081231,1
1790104081232,0
1790104081585,1
1790104081585,0
1790104081774,1
1790104081775,0
1790104081964,1
1790104081965,0
1790104082345,1
1790104082345,0
1790104082758,1
1790104082758,0
1790104083171,1
1790104083171,0
1790104083470,1
1790104083470,0
1790104083661,1
1790104083661,0
1790104083841,1
1790104083842,0
1790104084027,1
1790104084027,0
1790104084296,0
1790104084297,0
1790104084703,1
1790104084704,0
1790104085083,1
1790104085084,0
1790104085410,1
1790104085411,0
1790104085706,1
1790104085707,0
1790104086025,1
1790104086025,0
1790104086424,1
1790104086424,0
1790104086873,1
1790104086873,0
1790104087191,1
1790104087191,0
1790104087512,1
1790104087512,0
1790104087921,1
1790104087922,0
1790104088237,1
1790104088237,0
1790104088650,1
1790104088650,0
1790104089037,1
1790104089037,0
1790104089415,1
1790104089415,0
1790104089850,1
1790104089850,0
1790104090225,1
1790104090226,0
1790104090539,1
1790104090539,0
1790104090860,1
1790104090860,0
1790104091300,1
1790104091300,0
1790104091616,1
1790104091616,0
1790104091966,1
1790104091966,0
1790104092155,1
1790104092155,0
1790104092525,1
1790104092525,0
1790104092904,1
1790104092904,0
1790104093317,1
1790104093317,0
1790104093737,1
1790104093737,0
1790104093924,1
1790104093925,0
1790104094091,1
1790104094092,0
1790104094486,1
1790104094486,0
1790104094806,1
1790104094806,0
1790104095185,1
1790104095185,0
1790104095493,1
1790104095493,0
1790104095891,1
1790104095891,0
1790104096212,1
1790104096213,0
1790104096683,1
1790104096683,0
1790104097059,1
1790104097060,0
1790104097444,1
1790104097444,0
1790104097778,1
1790104097778,0
1790104097958,1
1790104097958,0
1790104098325,1
1790104098325,0
1790104098684,1
1790104098684,0
1790104099035,1
1790104099035,0
1790104099477,1
1790104099477,0
1790104099822,1
1790104099822,0
1790104100210,1
1790104100210,0
1790104100405,1
1790104100406,0
1790104100608,1
1790104100608,0
1790104100997,1
1790104100997,0
1790104101415,1
1790104101415,0
1790104101749,1
1790104101750,0
1790104102076,1
1790104102076,0
1790104102297,1
1790104102297,0
1790104102669,1
1790104102669,0
1790104102858,1
1790104102858,0
1790104103206,1
1790104103207,0
1790104103608,1
1790104103608,0
1790104104008,1
1790104104008,0
1790104104342,1
1790104104342,0
1790104104752,1
1790104104752,0
1790104105077,1
1790104105077,0
1790104105395,1
1790104105395,0
1790104105735,1
1790104105735,0
1790104106134,1
1790104106135,0
1790104106533,1
1790104106534,0
1790104106883,1
1790104106883,0
1790104107195,1
1790104107195,0
1790104107507,1
1790104107507,0
1790104107908,1
1790104107908,0
1790104108329,1
1790104108329,0
1790104108697,1
1790104108697,0
1790104109095,1
1790104109095,0
1790104109504,1
1790104109504,0
1790104109989,1
1790104109990,0
1790104110200,1
1790104110200,0
1790104110608,1
1790104110610,0
1790104110958,1
1790104110959,0
1790104111368,1
1790104111368,0
1790104111787,1
1790104111787,0
1790104112239,1
1790104112239,0
1790104112616,1
1790104112617,0
1790104112930,1
1790104112931,0
1790104113280,1
1790104113280,0
1790104113617,1
1790104113617,0
1790104113985,1
1790104113985,0
1790104114361,1
1790104114361,0
1790104114789,1
1790104114789,0
1790104115127,1
1790104115127,0
1790104115500,1
1790104115501,0
1790104115685,1
1790104115685,0
1790104116069,1
1790104116069,0
1790104116451,1
1790104116452,0
1790104116858,1
1790104116858,0
1790104117239,1
1790104117239,0
1790104117654,1
1790104117654,0
1790104118006,1
1790104118006,0
1790104118170,1
1790104118170,0
1790104118529,1
1790104118530,0
1790104118883,1
1790104118883,0
1790104119299,1
1790104119300,0
1790104119627,1
1790104119627,0
1790104119981,1
1790104119981,0
1790104120208,1
1790104120208,0
1790104120395,1
1790104120396,0
1790104120756,1
1790104120757,0
1790104121115,1
1790104121115,0
1790104121508,1
1790104121509,0
1790104121924,0
1790104121925,0
1790104122317,0
1790104122318,0
1790104122705,1
1790104122706,0
1790104123108,1
1790104123108,0
1790104123428,1
1790104123428,0
1790104123741,1
1790104123742,0
1790104123950,1
1790104123950,0
1790104124331,1
1790104124331,0
1790104124696,1
1790104124696,0
1790104125043,1
1790104125043,0
1790104125382,1
1790104125382,0
1790104125776,1
1790104125776,0
1790104125983,1
1790104125983,0
1790104126373,1
1790104126374,0
1790104126564,1
1790104126565,0
1790104126768,1
1790104126768,0
1790104127175,1
1790104127175,0
1790104127592,1
1790104127592,0
1790104128039,1
1790104128040,0
1790104128418,1
1790104128418,0
1790104128838,1
1790104128838,0
1790104129260,1
1790104129260,0
1790104129622,1
1790104129623,0
1790104129815,1
1790104129815,0
1790104130024,1
1790104130024,0
1790104130373,1
1790104130373,0
1790104130704,1
1790104130704,0
1790104131124,1
1790104131125,0
1790104131541,1
1790104131541,0
1790104131951,1
1790104131951,0
1790104132369,1
1790104132370,0
1790104132733,1
1790104132733,0
1790104133125,1
1790104133125,0
1790104133316,1
1790104133316,0
1790104133729,1
1790104133729,0
1790104134125,1
1790104134125,0
1790104134459,1
1790104134459,0
1790104134797,1
1790104134798,0
1790104134990,1
1790104134990,0
1790104135332,1
1790104135332,0
1790104135679,1
1790104135680,0
1790104135896,1
1790104135896,0
1790104136191,1
1790104136191,0
1790104136621,1
1790104136621,0
1790104136931,1
1790104136932,0
1790104137266,1
1790104137266,0
1790104137576,1
1790104137576,0
1790104137902,1
1790104137902,0
1790104138221,1
1790104138221,0
1790104138591,1
1790104138591,0
1790104139008,1
1790104139008,0
1790104139397,1
1790104139398,0
1790104139731,1
1790104139731,0
1790104140148,1
1790104140148,0
1790104140514,1
1790104140514,0
1790104140926,1
1790104140926,0
1790104141338,1
1790104141338,0
1790104141706,1
1790104141706,0
1790104142013,1
1790104142013,0
1790104142366,1
1790104142366,0
1790104142797,1
1790104142798,0
1790104143195,1
1790104143195,0
1790104143568,1
1790104143568,0
1790104143948,1
1790104143948,0
1790104144316,1
1790104144316,0
1790104144508,1
1790104144508,0
1790104144696,1
1790104144696,0
1790104145048,1
1790104145048,0
1790104145241,1
1790104145242,0
1790104145617,1
1790104145617,0
1790104145927,1
1790104145927,0
1790104146210,1
1790104146211,0
1790104146518,1
1790104146518,0
1790104146708,1
1790104146708,0
1790104147047,1
1790104147047,0
1790104147416,1
1790104147416,0
1790104147787,1
1790104147787,0
1790104148191,1
1790104148192,0
1790104148575,1
1790104148575,0
1790104148935,1
1790104148935,0
1790104149275,1
1790104149275,0
1790104149654,1
1790104149654,0
1790104150071,1
1790104150071,0
1790104150458,1
1790104150458,0
1790104150657,1
1790104150657,0
1790104150824,1
1790104150824,0
1790104151297,1
1790104151297,0
1790104151698,1
1790104151698,0
1790104152030,1
1790104152030,0
1790104152434,1
1790104152434,0
1790104152845,1
1790104152846,0
1790104153179,1
1790104153180,0
1790104153543,1
1790104153543,0
1790104153916,1
1790104153916,0
1790104154341,1
1790104154341,0
1790104154673,1
1790104154673,0
1790104155132,1
1790104155132,0
1790104155319,1
1790104155319,0
1790104155480,1
1790104155480,0
1790104155776,1
1790104155776,0
1790104156093,1
1790104156093,0
1790104156512,1
1790104156512,0
1790104156852,1
1790104156852,0
1790104157201,1
1790104157201,0
1790104157387,1
1790104157387,0
1790104157757,1
1790104157757,0
1790104158167,1
1790104158167,0
1790104158615,1
1790104158615,0
1790104158974,1
1790104158974,0
1790104159275,1
1790104159276,0
1790104159725,1
1790104159725,0
1790104160130,1
1790104160130,0
1790104160548,1
1790104160548,0
1790104160741,1
1790104160741,0
1790104160915,1
1790104160915,0
1790104161389,1
1790104161389,0
1790104161577,1
1790104161577,0
1790104161951,1
1790104161952,0
1790104162350,1
1790104162350,0
1790104162701,1
1790104162701,0
1790104163093,1
1790104163094,0
1790104163509,1
1790104163510,0
1790104163834,1
1790104163834,0
1790104164208,1
1790104164208,0
1790104164431,1
1790104164431,0
1790104164617,1
1790104164617,0
1790104165018,1
1790104165018,0
1790104165223,1
1790104165223,0
1790104165407,1
1790104165407,0
1790104165766,1
1790104165766,0
1790104166189,1
1790104166189,0
1790104166535,1
1790104166536,0
1790104166860,1
1790104166861,0
1790104167168,1
1790104167168,0
1790104167525,1
1790104167525,0
1790104167708,0
1790104167708,0
1790104167891,1
1790104167891,0
1790104168329,1
1790104168330,0
1790104168711,1
1790104168711,0
1790104169108,1
1790104169108,0
1790104169521,1
1790104169521,0
1790104169724,1
1790104169724,0
1790104170046,1
1790104170047,0
1790104170458,1
1790104170458,0
1790104170896,1
1790104170896,0
1790104171304,1
1790104171304,0
1790104171625,1
1790104171625,0
1790104172016,1
1790104172017,0
1790104172399,1
1790104172399,0
1790104172762,1
1790104172763,0
1790104173095,1
1790104173095,0
1790104173564,1
1790104173564,0
1790104173918,1
1790104173918,0
1790104174332,1
1790104174332,0
1790104174533,1
1790104174533,0
1790104174716,1
1790104174717,0
1790104175124,1
1790104175125,0
1790104175524,1
1790104175525,0
1790104175967,1
1790104175967,0
1790104176274,1
1790104176275,0
1790104176633,1
1790104176633,0
1790104176957,1
1790104176958,0
1790104177316,1
1790104177316,0
1790104177732,1
1790104177733,0
1790104178196,1
1790104178196,0
1790104178521,1
1790104178521,0
1790104178835,1
1790104178835,0
1790104179170,1
1790104179170,0
1790104179379,1
1790104179379,0
1790104179708,1
1790104179709,0
1790104180121,1
1790104180121,0
1790104180592,1
1790104180592,0
1790104180967,1
1790104180967,0
1790104181298,1
1790104181298,0
1790104181491,1
1790104181491,0
1790104181843,1
1790104181843,0
1790104182251,1
1790104182252,0
1790104182709,1
1790104182709,0
1790104182895,1
1790104182896,0
1790104183281,1
1790104183282,0
1790104183659,0
1790104183659,0
1790104183858,1
1790104183858,0
1790104184213,1
1790104184214,0
1790104184610,1
1790104184610,0
1790104184969,1
1790104184969,0
1790104185334,1
1790104185335,0
1790104185550,1
1790104185550,0
1790104185724,1
1790104185724,0
1790104186025,1
1790104186025,0
1790104186228,1
1790104186228,0
1790104186401,1
1790104186401,0
1790104186779,1
1790104186780,0
1790104187125,1
1790104187125,0
1790104187474,1
1790104187474,0
1790104187880,1
1790104187880,0
1790104188202,1
1790104188202,0
1790104188530,1
1790104188530,0
1790104188939,1
1790104188939,0
1790104189247,1
1790104189247,0
1790104189563,1
1790104189563,0
1790104189912,1
1790104189912,0
1790104190280,1
1790104190281,0
1790104190714,1
1790104190714,0
1790104190908,1
1790104190908,0
1790104191224,1
1790104191224,0
1790104191407,1
1790104191407,0
1790104191583,1
1790104191583,0
1790104191999,1
1790104191999,0
1790104192410,1
1790104192410,0
1790104192658,1
1790104192658,0
1790104192841,1
1790104192841,0
1790104193068,1
1790104193068,0
1790104193264,1
1790104193264,0
1790104193451,1
1790104193451,0
1790104193809,1
1790104193809,0
1790104194200,1
1790104194200,0
1790104194567,1
1790104194567,0
1790104194920,1
1790104194921,0
1790104195116,1
1790104195116,0
1790104195308,1
1790104195308,0
1790104195482,1
1790104195482,0
1790104195844,1
1790104195844,0
1790104196050,1
1790104196050,0
1790104196459,1
1790104196459,0
1790104196863,1
1790104196863,0
1790104197272,1
1790104197273,0
1790104197687,1
1790104197687,0
1790104197883,1
1790104197883,0
1790104198066,1
1790104198066,0
1790104198456,1
1790104198457,0
1790104198825,1
1790104198825,0
1790104199270,1
1790104199270,0
1790104199584,1
1790104199585,0
1790104199907,1
1790104199908,0
1790104200105,1
1790104200105,0
1790104200487,1
1790104200488,0
1790104200886,1
1790104200886,0
1790104201333,1
1790104201333,0
1790104201751,1
1790104201752,0
1790104202164,1
1790104202165,0
1790104202593,1
1790104202593,0
1790104203016,1
1790104203017,0
1790104203208,1
1790104203208,0
1790104203405,1
1790104203405,0
1790104203856,1
1790104203857,0
1790104204055,1
1790104204055,0
1790104204359,1
1790104204359,0
1790104204774,1
1790104204774,0
1790104205128,1
1790104205129,0
1790104205324,1
1790104205324,0
1790104205754,1
1790104205754,0
1790104206072,1
1790104206073,0
1790104206520,1
1790104206521,0
1790104206881,1
1790104206882,0
1790104207296,1
1790104207297,0
1790104207497,1
1790104207497,0
1790104207689,1
1790104207689,0
1790104208113,1
1790104208114,0
1790104208308,1
1790104208308,0
1790104208640,1
1790104208640,0
1790104208997,1
1790104208998,0
1790104209408,1
1790104209408,0
1790104209708,1
1790104209708,0
1790104210058,1
1790104210059,0
1790104210458,1
1790104210458,0
1790104210858,1
1790104210858,0
1790104211245,1
1790104211246,0
1790104211589,1
1790104211589,0
1790104211981,1
1790104211981,0
1790104212309,1
1790104212309,0
1790104212621,1
1790104212621,0
1790104212874,1
1790104212874,0
1790104213187,1
1790104213187,0
1790104213590,1
1790104213590,0
1790104213906,1
1790104213907,0
1790104214308,1
1790104214308,0
1790104214681,1
1790104214681,0
1790104215091,1
1790104215091,0
1790104215508,1
1790104215508,0
1790104215815,1
1790104215815,0
1790104216053,1
1790104216053,0
1790104216345,1
1790104216345,0
1790104216678,1
1790104216679,0
1790104217058,1
1790104217058,0
1790104217449,1
1790104217450,0
1790104217845,1
1790104217845,0
1790104218206,0
1790104218206,0
1790104218542,1
1790104218543,0
1790104218869,1
1790104218869,0
1790104219203,1
1790104219204,0
1790104219379,1
1790104219380,0
1790104219543,1
1790104219543,0
1790104219749,1
1790104219749,0
1790104220083,1
1790104220084,0
1790104220458,1
1790104220458,0
1790104220849,1
1790104220849,0
1790104221240,1
1790104221241,0
1790104221578,1
1790104221578,0
1790104221915,1
1790104221916,0
1790104222362,1
1790104222362,0
1790104222708,1
1790104222708,0
1790104223128,1
1790104223128,0
1790104223517,1
1790104223517,0
1790104223882,1
1790104223883,0
1790104224224,1
1790104224224,0
1790104224603,1
1790104224604,0
1790104224937,1
1790104224938,0
1790104225265,1
1790104225266,0
1790104225575,1
1790104225576,0
1790104225911,1
1790104225911,0
1790104226096,1
1790104226096,0
1790104226274,1
1790104226275,0
1790104226608,1
1790104226608,0
1790104226983,1
1790104226983,0
1790104227211,1
1790104227211,0
1790104227576,1
1790104227576,0
1790104227985,1
1790104227985,0
1790104228407,1
1790104228408,0
1790104228748,1
1790104228749,0
1790104229119,1
1790104229119,0
1790104229462,1
1790104229463,0
1790104229858,1
1790104229858,0
1790104230174,1
1790104230174,0
1790104230496,1
1790104230496,0
1790104230862,1
1790104230862,0
1790104231224,1
1790104231224,0
1790104231575,1
1790104231575,0
1790104231899,1
1790104231899,0
1790104232241,1
1790104232241,0
1790104232682,1
1790104232682,0
1790104232882,1
1790104232883,0
1790104233278,1
1790104233278,0
1790104233621,1
1790104233621,0
1790104233976,1
1790104233976,0
1790104234145,1
1790104234145,0
1790104234554,1
1790104234554,0
1790104234808,1
1790104234808,0
1790104235179,1
1790104235179,0
1790104235527,1
1790104235527,0
1790104235714,1
1790104235714,0
1790104236024,1
1790104236025,0
1790104236361,1
1790104236361,0
1790104236695,1
1790104236695,0
1790104237135,1
1790104237135,0
1790104237554,1
1790104237555,0
1790104237741,1
1790104237741,0
1790104238079,1
1790104238079,0
1790104238526,1
1790104238527,0
1790104238846,1
1790104238846,0
1790104239232,1
1790104239233,0
1790104239592,1
1790104239592,0
1790104239945,1
1790104239946,0
1790104240281,1
1790104240282,0
1790104240655,1
1790104240656,0
1790104240866,1
1790104240866,0
1790104241219,1
1790104241220,0
1790104241583,1
1790104241584,0
1790104241983,1
1790104241983,0
1790104242308,1
1790104242308,0
1790104242635,1
1790104242635,0
1790104243016,1
1790104243017,0
1790104243402,1
1790104243402,0
1790104243757,1
1790104243757,0
1790104244157,1
1790104244157,0
1790104244539,1
1790104244539,0
1790104244950,1
1790104244950,0
1790104245151,1
1790104245151,0
1790104245335,1
1790104245335,0
1790104245638,1
1790104245638,0
1790104245965,1
1790104245966,0
1790104246334,1
1790104246335,0
1790104246527,1
1790104246527,0
1790104246791,1
1790104246791,0
1790104247209,1
1790104247209,0
1790104247559,1
1790104247560,0
1790104247958,1
1790104247958,0
1790104248370,1
1790104248370,0
1790104248718,1
1790104248718,0
1790104249094,1
1790104249094,0
1790104249491,1
1790104249491,0
1790104249899,1
1790104249900,0
1790104250299,1
1790104250299,0
1790104250659,1
1790104250659,0
1790104250994,1
1790104250995,0
1790104251331,1
1790104251332,0
1790104251648,1
1790104251648,0
1790104252003,1
1790104252004,0
1790104252399,1
1790104252399,0
1790104252799,1
1790104252800,0
1790104253121,1
1790104253121,0
1790104253499,1
1790104253500,0
1790104253691,1
1790104253691,0
1790104254057,1
1790104254057,0
1790104254374,1
1790104254374,0
1790104254674,1
1790104254674,0
1790104255084,1
1790104255084,0
1790104255434,1
1790104255435,0
1790104255851,1
1790104255851,0
1790104256183,1
1790104256183,0
1790104256365,1
1790104256365,0
1790104256768,1
1790104256768,0
1790104257189,1
1790104257189,0
1790104257671,1
1790104257672,0
1790104257986,1
1790104257986,0
1790104258171,1
1790104258172,0
1790104258541,1
1790104258541,0
1790104258778,1
1790104258778,0
1790104259178,1
1790104259178,0
1790104259583,1
1790104259583,0
1790104259818,1
1790104259818,0
1790104260188,1
1790104260188,0
1790104260558,1
1790104260558,0
1790104260920,1
1790104260920,0
1790104261120,1
1790104261120,0
1790104261486,1
1790104261487,0
1790104261869,1
1790104261869,0
1790104262290,1
1790104262291,0
1790104262666,1
1790104262666,0
1790104263009,1
1790104263009,0
1790104263372,1
1790104263372,0
1790104263726,1
1790104263726,0
1790104264166,1
1790104264166,0
1790104264528,1
1790104264529,0
1790104264900,1
1790104264900,0
1790104265268,1
1790104265268,0
1790104265665,1
1790104265665,0
1790104266047,1
1790104266047,0
1790104266376,1
1790104266376,0
1790104266757,1
1790104266758,0
1790104267075,1
1790104267075,0
1790104267274,1
1790104267274,0
1790104267458,1
1790104267458,0
1790104267850,1
1790104267850,0
1790104268044,1
1790104268044,0
1790104268224,1
1790104268224,0
1790104268614,1
1790104268614,0
1790104269054,1
1790104269054,0
1790104269465,1
1790104269465,0
1790104269722,1
1790104269722,0
1790104269907,1
1790104269908,0
1790104270241,1
1790104270242,0
1790104270633,1
1790104270633,0
1790104271024,0
1790104271025,0
1790104271434,1
1790104271434,0
1790104271844,1
1790104271844,0
1790104272259,1
1790104272260,0
1790104272610,1
1790104272610,0
1790104273007,1
1790104273007,0
1790104273340,1
1790104273340,0
1790104273658,1
1790104273659,0
1790104274032,1
1790104274032,0
1790104274341,1
1790104274341,0
1790104274691,1
1790104274691,0
1790104275024,1
1790104275024,0
1790104275407,1
1790104275407,0
1790104275767,1
1790104275767,0
1790104276137,1
1790104276137,0
1790104276552,1
1790104276552,0
1790104276875,1
1790104276875,0
1790104277227,1
1790104277228,0
1790104277568,1
1790104277568,0
1790104278022,1
1790104278022,0
1790104278438,1
1790104278439,0
1790104278791,1
1790104278791,0
1790104279139,1
1790104279139,0
1790104279487,1
1790104279488,0
1790104279880,1
1790104279882,0
1790104280084,1
1790104280085,0
1790104280291,1
1790104280291,0
1790104280632,0
1790104280633,0
1790104280954,1
1790104280955,0
1790104281324,1
1790104281324,0
1790104281702,1
1790104281702,0
1790104282031,1
1790104282031,0
1790104282400,1
1790104282400,0
1790104282791,1
1790104282791,0
1790104283234,1
1790104283234,0
1790104283420,1
1790104283420,0
1790104283768,1
1790104283768,0
1790104284187,1
1790104284187,0
1790104284604,1
1790104284604,0
1790104285027,1
1790104285027,0
1790104285431,1
1790104285431,0
1790104285823,1
1790104285823,0
1790104286137,1
1790104286137,0
1790104286465,1
1790104286466,0
1790104286798,1
1790104286798,0
1790104287171,1
1790104287172,0
1790104287558,1
1790104287558,0
1790104287924,1
1790104287924,0
1790104288295,1
1790104288296,0
1790104288772,1
1790104288772,0
1790104289129,1
1790104289129,0
1790104289548,1
1790104289548,0
1790104289973,1
1790104289974,0
1790104290378,1
1790104290379,0
1790104290768,1
1790104290769,0
1790104290957,1
1790104290957,0
1790104291324,1
1790104291325,0
1790104291651,1
1790104291651,0
1790104291971,1
1790104291971,0
1790104292311,1
1790104292311,0
1790104292511,1
1790104292511,0
1790104292834,1
1790104292834,0
1790104293152,1
1790104293152,0
1790104293488,1
1790104293488,0
1790104293948,1
1790104293948,0
1790104294366,1
1790104294367,0
1790104294713,1
1790104294713,0
1790104294891,1
1790104294891,0
1790104295084,1
1790104295084,0
1790104295439,1
1790104295439,0
1790104295775,1
1790104295775,0
1790104296041,1
1790104296041,0
1790104296391,1
1790104296391,0
1790104296608,1
1790104296608,0
1790104296970,1
1790104296970,0
1790104297306,1
1790104297306,0
1790104297634,1
1790104297634,0
1790104297962,1
1790104297962,0
1790104298366,1
1790104298366,0
1790104298768,1
1790104298769,0
1790104299101,1
1790104299101,0
1790104299495,1
1790104299495,0
1790104299908,1
1790104299909,0
1790104300274,1
1790104300274,0
1790104300595,1
1790104300596,0
1790104300930,1
1790104300930,0
1790104301141,1
1790104301141,0
1790104301319,1
1790104301319,0
1790104301491,1
1790104301491,0
1790104301794,1
1790104301795,0
1790104302128,1
1790104302128,0
1790104302451,1
1790104302451,0
1790104302844,1
1790104302844,0
1790104303214,1
1790104303214,0
1790104303472,1
1790104303472,0
1790104303651,1
1790104303651,0
1790104303985,1
1790104303985,0
1790104304326,1
1790104304327,0
1790104304675,1
1790104304675,0
1790104305093,1
1790104305094,0
1790104305439,1
1790104305439,0
1790104305787,1
1790104305787,0
1790104306147,1
1790104306147,0
1790104306562,1
1790104306562,0
1790104306908,1
1790104306908,0
1790104307224,1
1790104307224,0
1790104307572,1
1790104307573,0
1790104307889,1
1790104307889,0
1790104308235,1
1790104308235,0
1790104308634,1
1790104308635,0
1790104309035,1
1790104309035,0
1790104309327,1
1790104309328,0
1790104309729,1
1790104309730,0
1790104310082,1
1790104310082,0
1790104310391,1
1790104310391,0
1790104310692,1
1790104310693,0
1790104311124,1
1790104311124,0
1790104311542,1
1790104311542,0
1790104311894,1
1790104311894,0
1790104312241,1
1790104312242,0
1790104312642,1
1790104312642,0
1790104313058,1
1790104313058,0
1790104313491,1
1790104313492,0
1790104313963,1
1790104313964,0
1790104314168,1
1790104314169,0
1790104314566,1
1790104314566,0
1790104314979,1
1790104314979,0
1790104315420,1
1790104315420,0
1790104315569,1
1790104315569,0
1790104315937,1
1790104315937,0
1790104316274,1
1790104316274,0
1790104316487,1
1790104316487,0
1790104316887,1
1790104316887,0
1790104317301,1
1790104317301,0
1790104317614,1
1790104317614,0
1790104318103,1
1790104318103,0
1790104318495,1
1790104318496,0
1790104318845,1
1790104318845,0
1790104319157,1
1790104319157,0
1790104319554,1
1790104319554,0
1790104319934,1
1790104319934,0
1790104320308,1
1790104320308,0
1790104320680,1
1790104320681,0
1790104321042,1
1790104321042,0
1790104321441,1
1790104321441,0
1790104321815,1
1790104321815,0
1790104322007,1
1790104322007,0
1790104322470,1
1790104322470,0
1790104322851,1
1790104322851,0
1790104323214,1
1790104323214,0
1790104323626,1
1790104323626,0
1790104324037,1
1790104324037,0
1790104324357,1
1790104324357,0
1790104324789,1
1790104324789,0
1790104324974,1
1790104324974,0
1790104325392,1
1790104325392,0
1790104325551,1
1790104325551,0
1790104325952,1
1790104325953,0
1790104326372,1
1790104326373,0
1790104326874,1
1790104326874,0
1790104327287,1
1790104327288,0
1790104327474,1
1790104327474,0
1790104327833,1
1790104327833,0
1790104328206,1
1790104328206,0
1790104328550,1
1790104328550,0
1790104328936,1
1790104328936,0
1790104329119,1
1790104329119,0
1790104329483,1
1790104329483,0
1790104329860,1
1790104329860,0
1790104330050,1
1790104330050,0
1790104330224,1
1790104330224,0
1790104330489,1
1790104330489,0
1790104330851,1
1790104330853,0
1790104331205,0
1790104331207,0
1790104331395,0
1790104331396,0
1790104331741,1
1790104331742,0
1790104332149,0
1790104332149,0
1790104332513,1
1790104332513,0
1790104332826,1
1790104332827,0
1790104333163,1
1790104333163,0
1790104333533,1
1790104333533,0
1790104333860,1
1790104333860,0
1790104334173,1
1790104334173,0
1790104334441,1
1790104334441,0
1790104334852,1
1790104334853,0
1790104335220,1
1790104335220,0
1790104335562,1
1790104335562,0
1790104335911,1
1790104335911,0
1790104336297,1
1790104336297,0
1790104336724,1
1790104336724,0
1790104337116,1
1790104337116,0
1790104337483,1
1790104337483,0
1790104337675,1
1790104337675,0
1790104337967,1
1790104337968,0
1790104338151,1
1790104338151,0
1790104338533,1
1790104338533,0
1790104338877,1
1790104338877,0
1790104339066,1
1790104339066,0
1790104339391,1
1790104339391,0
1790104339742,1
1790104339742,0
1790104340124,1
1790104340124,0
1790104340524,1
1790104340524,0
1790104340923,1
1790104340924,0
1790104341368,1
1790104341368,0
1790104341557,1
1790104341557,0
1790104341923,1
1790104341923,0
1790104342115,1
1790104342115,0
1790104342570,1
1790104342571,0
1790104342929,1
1790104342930,0
1790104343109,1
1790104343109,0
1790104343516,1
1790104343516,0
1790104343857,1
1790104343857,0
1790104344257,1
1790104344258,0
1790104344507,1
1790104344507,0
1790104344916,1
1790104344916,0
1790104345316,1
1790104345316,0
1790104345617,1
1790104345618,0
1790104345999,1
1790104346000,0
1790104346181,1
1790104346181,0
1790104346651,1
1790104346651,0
1790104346974,0
1790104346974,0
1790104347291,1
1790104347291,0
1790104347474,1
1790104347474,0
1790104347818,1
1790104347818,0
1790104348134,1
1790104348134,0
1790104348586,1
1790104348586,0
1790104348777,1
1790104348777,0
1790104348974,0
1790104348974,0
1790104349340,0
1790104349340,0
1790104349748,1
1790104349749,0
1790104349925,1
1790104349925,0
1790104350369,1
1790104350369,0
1790104350658,1
1790104350658,0
1790104351007,1
1790104351008,0
1790104351317,1
1790104351317,0
1790104351697,1
1790104351698,0
1790104351886,1
1790104351886,0
1790104352249,1
1790104352249,0
1790104352608,1
1790104352608,0
1790104353036,1
1790104353036,0
1790104353224,1
1790104353224,0
1790104353626,1
1790104353627,0
1790104353941,1
1790104353941,0
1790104354420,1
1790104354420,0
1790104354833,1
1790104354833,0
1790104355232,1
1790104355232,0
1790104355586,1
1790104355587,0
1790104355967,1
1790104355968,0
1790104356315,1
1790104356316,0
1790104356557,1
1790104356557,0
1790104356908,1
1790104356908,0
1790104357254,1
1790104357255,0
1790104357601,1
1790104357601,0
1790104357987,1
1790104357988,0
1790104358174,1
1790104358174,0
1790104358558,1
1790104358558,0
1790104358874,1
1790104358874,0
1790104359220,1
1790104359220,0
1790104359406,1
1790104359406,0
1790104359827,1
1790104359828,0
1790104360234,1
1790104360234,0
1790104360700,1
1790104360700,0
1790104360891,1
1790104360891,0
1790104361091,1
1790104361091,0
1790104361398,1
1790104361399,0
1790104361591,1
1790104361591,0
1790104361921,1
1790104361921,0
1790104362344,1
1790104362344,0
1790104362702,1
1790104362702,0
1790104363075,1
1790104363075,0
1790104363455,1
1790104363455,0
1790104363803,1
1790104363803,0
1790104364151,1
1790104364151,0
1790104364581,1
1790104364582,0
1790104364970,1
1790104364971,0
1790104365416,1
1790104365416,0
1790104365739,1
1790104365739,0
1790104366056,1
1790104366057,0
1790104366370,1
1790104366370,0
1790104366784,1
1790104366784,0
1790104367197,1
1790104367197,0
1790104367541,1
1790104367541,0
1790104367891,1
1790104367891,0
1790104368333,1
1790104368333,0
1790104368524,1
1790104368524,0
1790104368909,1
1790104368909,0
1790104369317,1
1790104369317,0
1790104369523,1
1790104369523,0
1790104369697,1
1790104369697,0
1790104370033,1
1790104370034,0
1790104370374,1
1790104370374,0
1790104370824,1
1790104370824,0
1790104371148,1
1790104371149,0
1790104371553,1
1790104371553,0
1790104371900,1
1790104371900,0
1790104372286,1
1790104372287,0
1790104372591,1
1790104372591,0
1790104373015,1
1790104373015,0
1790104373207,1
1790104373208,0
1790104373574,1
1790104373574,0
1790104373952,1
1790104373952,0
1790104374372,1
1790104374373,0
1790104374753,1
1790104374753,0
1790104375175,1
1790104375175,0
1790104375541,1
1790104375541,0
1790104375868,1
1790104375868,0
1790104376218,1
1790104376218,0
1790104376638,1
1790104376639,0
1790104377041,1
1790104377041,0
1790104377494,1
1790104377494,0
1790104377816,1
1790104377817,0
1790104378215,1
1790104378216,0
1790104378589,1
1790104378589,0
1790104378968,1
1790104378969,0
1790104379157,1
1790104379157,0
1790104379546,1
1790104379546,0
1790104379858,1
1790104379858,0
1790104380261,1
1790104380261,0
1790104380582,1
1790104380582,0
1790104380927,1
1790104380928,0
1790104381332,1
1790104381332,0
1790104381574,1
1790104381574,0
1790104381897,1
1790104381897,0
1790104382324,1
1790104382324,0
1790104382507,1
1790104382507,0
1790104382827,1
1790104382827,0
1790104383232,1
1790104383232,0
1790104383687,1
1790104383687,0
1790104384062,1
1790104384062,0
1790104384362,1
1790104384362,0
1790104384542,1
1790104384542,0
1790104384877,1
1790104384877,0
1790104385193,1
1790104385193,0
1790104385640,1
1790104385641,0
1790104385965,1
1790104385966,0
1790104386371,1
1790104386371,0
1790104386773,1
1790104386773,0
1790104387129,1
1790104387129,0
1790104387446,1
1790104387446,0
1790104387870,1
1790104387870,0
1790104388199,1
1790104388199,0
1790104388541,1
1790104388541,0
1790104388949,1
1790104388949,0
1790104389328,1
1790104389328,0
1790104389642,1
1790104389643,0
1790104390094,1
1790104390094,0
1790104390449,1
1790104390450,0
1790104390641,1
1790104390641,0
1790104390970,1
1790104390970,0
1790104391349,1
1790104391350,0
1790104391657,1
1790104391658,0
1790104391924,1
1790104391924,0
1790104392248,1
1790104392248,0
1790104392424,1
1790104392424,0
1790104392724,1
1790104392724,0
1790104393096,1
1790104393096,0
1790104393442,1
1790104393443,0
1790104393874,1
1790104393874,0
1790104394241,1
1790104394241,0
1790104394455,1
1790104394455,0
1790104394794,1
1790104394794,0
1790104395140,1
1790104395141,0
1790104395540,1
1790104395541,0
1790104395971,1
1790104395971,0
1790104396385,1
1790104396386,0
1790104396751,1
1790104396752,0
1790104397131,1
1790104397131,0
1790104397558,1
1790104397558,0
1790104397903,1
1790104397904,0
1790104398282,1
1790104398282,0
1790104398663,1
1790104398663,0
1790104399064,1
1790104399064,0
1790104399415,1
1790104399415,0
1790104399769,1
1790104399769,0
1790104400153,1
1790104400153,0
1790104400598,1
1790104400599,0
1790104401001,1
1790104401001,0
1790104401186,1
1790104401187,0
1790104401357,1
1790104401357,0
1790104401714,1
1790104401714,0
1790104402032,1
1790104402032,0
1790104402501,1
1790104402501,0
1790104402856,1
1790104402856,0
1790104403074,1
1790104403074,0
1790104403254,1
1790104403254,0
1790104403629,1
1790104403630,0
1790104403953,1
1790104403954,0
1790104404449,1
1790104404449,0
1790104404830,1
1790104404831,0
1790104405141,1
1790104405142,0
1790104405332,1
1790104405332,0
1790104405736,1
1790104405737,0
1790104406051,1
1790104406051,0
1790104406503,1
1790104406504,0
1790104406863,1
1790104406864,0
1790104407207,1
1790104407208,0
1790104407529,1
1790104407529,0
1790104407904,1
1790104407904,0
1790104408312,1
1790104408313,0
1790104408780,1
1790104408780,0
1790104409191,1
1790104409191,0
1790104409555,1
1790104409556,0
1790104409929,1
1790104409929,0
1790104410326,1
1790104410326,0
1790104410724,1
1790104410724,0
1790104411124,1
1790104411124,0
1790104411477,0
1790104411478,0
1790104411849,1
1790104411850,0
1790104412042,1
1790104412042,0
1790104412224,1
1790104412224,0
1790104412607,1
1790104412607,0
1790104413096,1
1790104413097,0
1790104413501,1
1790104413501,0
1790104413846,1
1790104413846,0
1790104414192,1
1790104414192,0
1790104414406,1
1790104414406,0
1790104414774,1
1790104414774,0
1790104415232,1
1790104415233,0
1790104415413,1
1790104415413,0
1790104415819,1
1790104415820,0
1790104416158,1
1790104416158,0
1790104416357,1
1790104416357,0
1790104416724,1
1790104416725,0
1790104416994,1
1790104416994,0
1790104417314,1
1790104417314,0
1790104417693,1
1790104417693,0
1790104418090,1
1790104418091,0
1790104418307,1
1790104418308,0
1790104418688,1
1790104418689,0
1790104418929,1
1790104418929,0
1790104419297,1
1790104419297,0
1790104419733,1
1790104419733,0
1790104420138,1
1790104420139,0
1790104420492,1
1790104420492,0
1790104420656,1
1790104420657,0
1790104421100,1
1790104421100,0
1790104421294,1
1790104421294,0
1790104421588,1
1790104421589,0
1790104421908,1
1790104421908,0
1790104422259,1
1790104422259,0
1790104422658,1
1790104422658,0
1790104422900,1
1790104422901,0
1790104423282,1
1790104423282,0
1790104423498,1
1790104423499,0
1790104423808,1
1790104423808,0
1790104424131,1
1790104424131,0
1790104424528,1
1790104424529,0
1790104424996,1
1790104424996,0
1790104425191,1
1790104425191,0
1790104425531,1
1790104425531,0
1790104425697,1
1790104425697,0
1790104426133,1
1790104426133,0
1790104426507,1
1790104426507,0
1790104426916,1
1790104426916,0
1790104427244,1
1790104427245,0
1790104427640,1
1790104427641,0
1790104427950,1
1790104427950,0
1790104428366,1
1790104428366,0
1790104428777,1
1790104428777,0
1790104429049,1
1790104429049,0
1790104429404,1
1790104429405,0
1790104429807,1
1790104429807,0
1790104430190,1
1790104430191,0
1790104430627,1
1790104430628,0
1790104431036,1
1790104431037,0
1790104431429,1
1790104431429,0
1790104431785,1
1790104431785,0
1790104432141,1
1790104432141,0
1790104432452,1
1790104432452,0
1790104432857,1
1790104432858,0
1790104433237,1
1790104433237,0
1790104433626,1
1790104433626,0
1790104434047,1
1790104434047,0
1790104434359,1
1790104434359,0
1790104434655,1
1790104434655,0
1790104435040,1
1790104435041,0
1790104435340,1
1790104435340,0
1790104435749,1
1790104435750,0
1790104436085,1
1790104436085,0
1790104436464,1
1790104436465,0
1790104436824,1
1790104436825,0
1790104437206,1
1790104437206,0
1790104437617,1
1790104437617,0
1790104437884,1
1790104437884,0
1790104438074,1
1790104438074,0
1790104438415,1
1790104438415,0
1790104438595,1
1790104438595,0
1790104438933,1
1790104438934,0
1790104439347,1
1790104439347,0
1790104439807,1
1790104439807,0
1790104440212,1
1790104440212,0
1790104440585,1
1790104440586,0
1790104440988,1
1790104440989,0
1790104441182,1
1790104441183,0
1790104441545,1
1790104441545,0
1790104442032,1
1790104442033,0
1790104442449,1
1790104442450,0
1790104442640,1
1790104442640,0
1790104442950,1
1790104442950,0
1790104443178,1
1790104443179,0
1790104443574,1
1790104443574,0
1790104444034,1
1790104444035,0
1790104444343,1
1790104444344,0
1790104444773,1
1790104444773,0
1790104445117,1
1790104445118,0
1790104445311,1
1790104445311,0
1790104445621,1
1790104445622,0
1790104445890,1
1790104445891,0
1790104446294,1
1790104446294,0
1790104446611,1
1790104446611,0
1790104446981,1
1790104446981,0
1790104447333,1
1790104447334,0
1790104447674,1
1790104447674,0
1790104448104,1
1790104448104,0
1790104448490,1
1790104448491,0
1790104448707,1
1790104448707,0
1790104449096,1
1790104449096,0
1790104449435,1
1790104449436,0
1790104449624,1
1790104449624,0
1790104450097,1
1790104450097,0
1790104450476,1
1790104450476,0
1790104450761,1
1790104450761,0
1790104451107,1
1790104451107,0
1790104451491,1
1790104451491,0
1790104451682,1
1790104451682,0
1790104452130,1
1790104452130,0
1790104452541,0
1790104452542,0
1790104452753,1
1790104452753,0
1790104453116,1
1790104453116,0
1790104453506,1
1790104453506,0
1790104453849,1
1790104453849,0
1790104454330,1
1790104454330,0
1790104454688,1
1790104454689,0
1790104455050,1
1790104455051,0
1790104455457,1
1790104455457,0
1790104455835,1
1790104455836,0
1790104456182,1
1790104456182,0
1790104456592,1
1790104456593,0
1790104456973,1
1790104456973,0
1790104457399,1
1790104457400,0
1790104457813,1
1790104457814,0
1790104458225,1
1790104458225,0
1790104458624,1
1790104458624,0
1790104459110,1
1790104459110,0
1790104459409,1
1790104459410,0
1790104459773,1
1790104459773,0
1790104460182,1
1790104460183,0
1790104460407,1
1790104460407,0
1790104460746,1
1790104460746,0
1790104460990,1
1790104460990,0
1790104461307,0
1790104461307,0
1790104461524,1
1790104461524,0
1790104461851,1
1790104461851,0
1790104462235,1
1790104462235,0
1790104462587,1
1790104462588,0
1790104463055,1
1790104463055,0
1790104463240,1
1790104463241,0
1790104463601,1
1790104463601,0
1790104463922,1
1790104463923,0
1790104464303,1
1790104464303,0
1790104464717,1
1790104464717,0
1790104465114,1
1790104465114,0
1790104465464,1
1790104465464,0
1790104465811,1
1790104465811,0
1790104466216,1
1790104466217,0
1790104466589,1
1790104466589,0
1790104466912,1
1790104466913,0
1790104467316,1
1790104467316,0
1790104467666,1
1790104467666,0
1790104467988,1
1790104467988,0
1790104468341,0
1790104468341,0
1790104468774,1
1790104468774,0
1790104468957,1
1790104468957,0
1790104469346,1
1790104469346,0
1790104469734,1
1790104469734,0
1790104470131,1
1790104470132,0
1790104470475,1
1790104470476,0
1790104470644,1
1790104470645,0
1790104471024,1
1790104471024,0
1790104471437,1
1790104471437,0
1790104471632,1
1790104471632,0
1790104471975,1
1790104471975,0
1790104472317,1
1790104472317,0
1790104472529,1
1790104472529,0
1790104472918,1
1790104472918,0
1790104473349,1
1790104473349,0
1790104473544,1
1790104473544,0
1790104473879,1
1790104473879,0
1790104474216,1
1790104474216,0
1790104474610,1
1790104474610,0
1790104475017,1
1790104475017,0
1790104475414,1
1790104475414,0
1790104475774,1
1790104475774,0
1790104476122,0
1790104476122,0
1790104476500,1
1790104476500,0
1790104476898,1
1790104476899,0
1790104477087,1
1790104477087,0
1790104477511,1
1790104477512,0
1790104477921,1
1790104477922,0
1790104478299,1
1790104478299,0
1790104478682,1
1790104478682,0
1790104478997,1
1790104478998,0
1790104479310,1
1790104479310,0
1790104479738,1
1790104479738,0
1790104480093,1
1790104480093,0
1790104480274,1
1790104480274,0
1790104480453,1
1790104480453,0
1790104480870,1
1790104480870,0
1790104481220,1
1790104481221,0
1790104481457,1
1790104481457,0
1790104481776,1
1790104481776,0
1790104482122,1
1790104482123,0
1790104482524,1
1790104482524,0
1790104482707,1
1790104482707,0
1790104483007,1
1790104483007,0
1790104483418,1
1790104483418,0
1790104483605,1
1790104483606,0
1790104483895,1
1790104483895,0
1790104484267,1
1790104484267,0
1790104484710,1
1790104484710,0
1790104485107,1
1790104485107,0
1790104485357,1
1790104485357,0
1790104485732,1
1790104485732,0
