1790180399862,1
1790180399867,0
1790180399894,1
1790180400076,2
1790180400109,1
1790180400110,0
1790180400416,1
1790180400417,0
1790180400936,1
1790180400937,0
1790180400996,1
1790180401030,0
1790180404861,1
1790180404861,0
1790180405326,1
1790180405326,0
1790180405370,1
1790180405407,0
1790180406002,1
1790180406003,0
1790180406052,1
1790180406110,0
1790180406170,1
1790180406170,0
1790180406215,1
1790180406218,0
1790180406282,1
1790180406282,0
1790180407094,1
1790180407094,0
1790180407151,1
1790180407164,0
1790180409273,1
1790180409273,0
1790180409334,1
1790180409334,0
1790180413035,1
1790180413036,0
1790180414584,1
1790180414585,0
1790180418110,1
1790180418111,0
1790180419046,1
1790180419046,0
1790180419500,1
1790180419500,0
1790180419554,1
1790180419572,0
1790180420544,1
1790180420544,0
1790180421234,1
1790180421234,0
1790180421461,1
1790180421462,0
1790180421515,1
1790180421527,0
1790180421575,1
1790180421575,0
1790180422394,1
1790180422394,0
1790180422449,1
1790180422463,0
1790180422732,1
1790180422733,0
1790180422905,1
1790180422905,0
1790180423483,0
1790180423483,0
1790180423542,1
1790180423542,0
1790180425607,1
1790180425607,0
1790180426045,1
1790180426046,0
1790180426105,1
1790180426112,0
1790180426157,1
1790180426157,0
1790180426284,1
1790180426284,0
1790180428025,1
1790180428025,0
1790180428080,1
1790180428098,0
1790180428140,1
1790180428140,0
1790180428195,1
1790180428195,0
1790180430027,1
1790180430028,0
1790180430083,1
1790180430087,0
1790180434178,1
1790180434179,0
1790180434238,1
1790180434239,0
1790180436075,1
1790180436076,0
1790180436685,1
1790180436686,0
1790180436749,1
1790180436750,0
1790180436799,1
1790180436799,0
1790180438493,1
1790180438494,0
1790180438547,1
1790180438557,0
1790180439239,1
1790180439239,0
1790180440261,1
1790180440261,0
1790180442339,1
1790180442340,0
1790180442395,1
1790180442408,0
1790180443539,1
1790180443539,0
1790180444102,1
1790180444102,0
1790180444155,1
1790180444155,0
1790180445682,1
1790180445682,0
1790180445737,1
1790180445739,0
1790180445857,1
1790180445858,0
1790180445914,1
1790180445914,0
1790180445962,1
1790180445962,0
1790180446137,1
1790180446137,0
1790180446366,1
1790180446366,0
1790180447528,1
1790180447528,0
1790180447596,1
1790180447596,0
1790180447656,1
1790180447656,0
1790180448002,1
1790180448002,0
1790180448638,1
1790180448638,0
1790180448700,1
1790180448701,0
1790180448750,1
1790180448750,0
1790180449904,1
1790180449904,0
1790180451860,1
1790180451860,0
1790180451909,1
1790180451909,0
1790180451968,1
1790180451968,0
1790180452028,1
1790180452028,0
1790180452329,1
1790180452329,0
1790180452955,1
1790180452956,0
1790180453018,1
1790180453018,0
1790180453078,1
1790180453078,0
1790180453135,1
1790180453135,0
1790180453195,1
1790180453195,0
1790180454127,1
1790180454128,0
1790180454184,1
1790180454184,0
1790180454233,1
1790180454233,0
1790180454867,1
1790180454867,0
1790180455200,1
1790180455200,0
1790180455267,1
1790180455267,0
1790180455326,1
1790180455326,0
1790180455430,1
1790180455430,0
1790180455497,1
1790180455497,0
1790180455669,1
1790180455670,0
1790180456534,1
1790180456535,0
1790180456602,1
1790180456602,0
1790180456841,1
1790180456841,0
1790180456901,1
1790180456901,0
1790180456948,1
1790180456948,0
1790180457013,1
1790180457013,0
1790180457230,1
1790180457230,0
1790180457295,1
1790180457295,0
1790180457758,1
1790180457758,0
1790180457884,1
1790180457885,0
1790180457928,1
1790180457931,0
1790180457985,1
1790180457985,0
1790180458040,1
1790180458040,0
1790180458099,1
1790180458099,0
1790180458161,1
1790180458161,0
1790180458261,1
1790180458261,0
1790180458321,1
1790180458321,0
1790180458381,1
1790180458381,0
1790180459252,1
1790180459252,0
1790180459371,1
1790180459371,0
1790180459826,1
1790180459826,0
1790180459887,1
1790180459887,0
1790180460061,1
1790180460062,0
1790180460126,1
1790180460126,0
1790180460182,1
1790180460183,0
1790180460233,1
1790180460234,0
1790180460296,1
1790180460296,0
1790180460336,1
1790180460336,0
1790180460410,1
1790180460410,0
1790180460878,1
1790180460878,0
1790180461111,1
1790180461111,0
1790180461810,1
1790180461810,0
1790180461865,0
1790180461866,0
1790180461927,1
1790180461927,0
1790180462203,1
1790180462203,0
1790180462272,1
1790180462272,0
1790180462742,1
1790180462742,0
1790180462800,0
1790180462800,0
1790180463386,1
1790180463386,0
1790180463427,1
1790180463434,0
1790180463496,1
1790180463497,0
1790180463554,1
1790180463554,0
1790180463671,1
1790180463671,0
1790180463841,1
1790180463841,0
1790180463894,1
1790180463894,0
1790180465454,1
1790180465454,0
1790180466207,1
1790180466207,0
1790180466265,1
1790180466265,0
1790180466326,1
1790180466326,0
1790180467011,1
1790180467011,0
1790180467237,1
1790180467237,0
1790180468094,1
1790180468095,0
1790180468145,1
1790180468145,0
1790180468305,1
1790180468305,0
1790180468545,1
1790180468545,0
1790180470305,1
1790180470305,0
1790180470600,1
1790180470600,0
1790180470649,1
1790180470649,0
1790180470707,1
1790180470707,0
1790180470819,1
1790180470819,0
1790180470876,1
1790180470876,0
1790180471054,1
1790180471054,0
1790180471439,1
1790180471439,0
1790180471507,1
1790180471507,0
1790180471559,1
1790180471559,0
1790180471681,1
1790180471681,0
1790180471744,1
1790180471744,0
1790180471804,1
1790180471804,0
1790180471860,1
1790180471860,0
1790180472434,1
1790180472434,0
1790180472553,1
1790180472553,0
1790180472950,1
1790180472951,0
1790180473242,1
1790180473242,0
1790180473535,1
1790180473536,0
1790180474704,1
1790180474704,0
1790180475216,1
1790180475216,0
1790180475267,1
1790180475267,0
1790180475370,1
1790180475370,0
1790180475431,1
1790180475431,0
1790180476591,1
1790180476591,0
1790180476650,1
1790180476650,0
1790180476714,1
1790180476714,0
1790180476943,1
1790180476944,0
1790180477688,1
1790180477688,0
1790180477748,1
1790180477748,0
1790180477806,1
1790180477806,0
1790180477857,1
1790180477857,0
1790180477906,1
1790180477921,0
1790180478034,1
1790180478034,0
1790180478588,1
1790180478588,0
1790180478714,1
1790180478714,0
1790180479598,1
1790180479598,0
1790180479659,1
1790180479659,0
1790180480118,1
1790180480119,0
1790180480297,1
1790180480297,0
1790180480357,1
1790180480357,0
1790180481512,1
1790180481513,0
1790180481572,0
1790180481572,0
1790180481623,1
1790180481623,0
1790180481687,1
1790180481687,0
1790180482607,1
1790180482608,0
1790180482671,1
1790180482671,0
1790180482725,1
1790180482725,0
1790180482788,1
1790180482788,0
1790180483416,1
1790180483417,0
1790180483471,1
1790180483471,0
1790180483583,1
1790180483583,0
1790180483645,1
1790180483645,0
1790180484107,1
1790180484107,0
1790180484686,1
1790180484686,0
1790180484746,1
1790180484746,0
1790180484799,1
1790180484799,0
1790180485072,1
1790180485072,0
1790180485133,1
1790180485133,0
1790180485245,1
1790180485245,0
1790180485685,1
1790180485685,0
1790180485742,1
1790180485742,0
1790180485797,1
1790180485798,0
1790180485904,1
1790180485904,0
1790180485960,1
1790180485960,0
1790180486023,1
1790180486023,0
1790180486694,1
1790180486694,0
1790180486805,1
1790180486805,0
1790180486860,1
1790180486860,0
1790180486986,1
1790180486986,0
1790180487048,1
1790180487048,0
1790180487094,1
1790180487094,0
1790180488295,1
1790180488295,0
1790180488350,1
1790180488353,0
1790180488412,1
1790180488412,0
1790180489046,1
1790180489046,0
1790180489110,1
1790180489110,0
1790180489416,1
1790180489416,0
1790180489472,1
1790180489483,0
1790180489533,1
1790180489534,0
1790180490570,1
1790180490570,0
1790180490630,1
1790180490630,0
1790180490686,1
1790180490686,0
1790180491089,1
1790180491089,0
1790180491977,1
1790180491977,0
1790180492030,1
1790180492030,0
1790180492091,1
1790180492091,0
1790180492150,1
1790180492155,0
1790180492803,1
1790180492803,0
1790180492862,1
1790180492862,0
1790180494388,1
1790180494388,0
1790180495087,1
1790180495087,0
1790180495141,1
1790180495141,0
1790180495534,1
1790180495534,0
1790180495658,1
1790180495658,0
1790180495719,1
1790180495719,0
1790180495778,1
1790180495778,0
1790180495830,1
1790180495834,0
1790180495893,1
1790180495893,0
1790180495948,1
1790180495950,0
1790180496000,1
1790180496000,0
1790180496185,1
1790180496185,0
1790180496573,1
1790180496573,0
1790180496640,1
1790180496640,0
1790180497427,1
1790180497428,0
1790180497497,1
1790180497500,0
1790180497556,1
1790180497556,0
1790180497730,1
1790180497730,0
1790180497961,1
1790180497961,0
1790180498884,1
1790180498884,0
1790180499046,1
1790180499046,0
1790180499323,1
1790180499323,0
1790180499386,1
1790180499386,0
1790180499613,1
1790180499613,0
1790180499664,1
1790180499665,0
1790180499728,1
1790180499728,0
1790180499781,1
1790180499781,0
1790180499906,1
1790180499907,0
1790180500444,1
1790180500444,0
1790180500496,1
1790180500496,0
1790180501262,1
1790180501262,0
1790180501496,1
1790180501496,0
1790180502070,1
1790180502070,0
1790180502252,1
1790180502252,0
1790180502314,1
1790180502314,0
1790180502879,1
1790180502880,0
1790180503290,1
1790180503290,0
1790180503516,1
1790180503516,0
1790180503572,1
1790180503572,0
1790180503630,1
1790180503630,0
1790180504311,1
1790180504311,0
1790180504424,1
1790180504424,0
1790180504481,1
1790180504481,0
1790180504534,1
1790180504534,0
1790180504823,1
1790180504823,0
1790180504876,1
1790180504876,0
1790180504923,1
1790180504929,0
1790180505031,1
1790180505031,0
1790180505456,1
1790180505456,0
1790180505632,1
1790180505634,0
1790180506560,1
1790180506560,0
1790180507019,1
1790180507019,0
1790180507079,1
1790180507079,0
1790180507191,1
1790180507191,0
1790180507242,1
1790180507242,0
1790180507661,1
1790180507661,0
1790180508650,1
1790180508651,0
1790180509812,1
1790180509812,0
1790180509866,1
1790180509866,0
1790180510971,1
1790180510971,0
1790180511143,1
1790180511143,0
1790180511422,1
1790180511422,0
1790180511482,1
1790180511482,0
1790180512299,1
1790180512299,0
1790180512350,1
1790180512354,0
1790180512411,1
1790180512411,0
1790180512699,1
1790180512699,0
1790180512814,1
1790180512814,0
1790180512871,1
1790180512871,0
1790180512930,1
1790180512930,0
1790180513092,1
1790180513092,0
1790180513216,1
1790180513216,0
1790180513276,1
1790180513276,0
1790180513619,1
1790180513619,0
1790180513676,1
1790180513676,0
1790180513774,1
1790180513774,0
1790180513826,1
1790180513828,0
1790180514124,1
1790180514124,0
1790180514422,1
1790180514422,0
1790180514999,1
1790180514999,0
1790180515058,1
1790180515058,0
1790180515126,1
1790180515126,0
1790180515186,1
1790180515186,0
1790180515536,1
1790180515536,0
1790180515751,1
1790180515751,0
1790180515810,1
1790180515810,0
1790180515869,1
1790180515869,0
1790180515924,1
1790180515924,0
1790180516616,1
1790180516616,0
1790180516906,1
1790180516906,0
1790180516962,1
1790180516963,0
1790180517206,1
1790180517206,0
1790180517267,1
1790180517267,0
1790180517320,1
1790180517320,0
1790180518145,1
1790180518145,0
1790180518263,1
1790180518263,0
1790180518323,1
1790180518323,0
1790180518380,1
1790180518380,0
1790180518439,1
1790180518439,0
1790180518901,1
1790180518901,0
1790180518961,1
1790180518961,0
1790180519019,1
1790180519019,0
1790180519076,1
1790180519076,0
1790180519239,1
1790180519239,0
1790180519700,1
1790180519700,0
1790180519760,1
1790180519760,0
1790180520345,1
1790180520345,0
1790180520404,1
1790180520404,0
1790180521451,1
1790180521451,0
1790180521511,1
1790180521511,0
1790180521571,1
1790180521571,0
1790180521919,1
1790180521919,0
1790180522212,1
1790180522212,0
1790180522271,1
1790180522271,0
1790180522331,1
1790180522332,0
1790180522619,1
1790180522619,0
1790180523015,1
1790180523015,0
1790180524730,1
1790180524731,0
1790180524857,1
1790180524857,0
1790180525833,1
1790180525833,0
1790180526423,1
1790180526423,0
1790180526482,1
1790180526482,0
1790180526599,1
1790180526599,0
1790180526657,1
1790180526657,0
1790180526715,1
1790180526715,0
1790180526773,1
1790180526779,0
1790180527075,1
1790180527075,0
1790180527950,1
1790180527950,0
1790180528003,1
1790180528003,0
1790180528063,1
1790180528063,0
1790180528182,1
1790180528182,0
1790180529034,1
1790180529034,0
1790180529099,1
1790180529100,0
1790180529151,1
1790180529155,0
1790180530090,1
1790180530090,0
1790180530149,1
1790180530169,0
1790180530208,1
1790180530209,0
1790180530261,1
1790180530263,0
1790180530366,1
1790180530366,0
1790180530432,1
1790180530432,0
1790180530501,1
1790180530501,0
1790180530549,1
1790180530549,0
1790180530610,1
1790180530611,0
1790180531504,1
1790180531504,0
1790180531550,1
1790180531559,0
1790180531620,1
1790180531620,0
1790180531852,1
1790180531852,0
1790180532081,1
1790180532081,0
1790180532135,1
1790180532137,0
1790180532197,1
1790180532197,0
1790180532417,1
1790180532417,0
1790180532475,1
1790180532475,0
1790180532532,1
1790180532532,0
1790180533505,1
1790180533506,0
1790180533574,1
1790180533574,0
1790180533687,1
1790180533688,0
1790180533734,1
1790180533734,0
1790180533801,1
1790180533802,0
1790180533845,1
1790180533865,0
1790180534025,1
1790180534025,0
1790180534196,1
1790180534197,0
1790180534252,1
1790180534252,0
1790180534310,1
1790180534310,0
1790180534354,1
1790180534362,0
1790180534585,1
1790180534585,0
1790180535527,1
1790180535527,0
1790180535867,1
1790180535867,0
1790180535927,1
1790180535927,0
1790180535977,1
1790180535977,0
1790180536270,1
1790180536270,0
1790180536324,1
1790180536324,0
1790180536614,1
1790180536614,0
1790180539652,1
1790180539653,0
1790180539883,1
1790180539883,0
1790180539943,1
1790180539945,0
1790180539999,1
1790180539999,0
1790180540059,1
1790180540059,0
1790180540179,1
1790180540179,0
1790180540234,1
1790180540234,0
1790180540294,1
1790180540294,0
1790180540353,1
1790180540353,0
1790180540760,1
1790180540761,0
1790180541285,1
1790180541285,0
1790180541574,1
1790180541575,0
1790180541858,1
1790180541858,0
1790180542952,1
1790180542952,0
1790180543410,1
1790180543410,0
1790180543819,1
1790180543819,0
1790180543880,1
1790180543880,0
1790180544060,1
1790180544060,0
1790180544108,1
1790180544108,0
1790180544167,1
1790180544167,0
1790180544219,1
1790180544219,0
1790180544910,1
1790180544911,0
1790180545020,1
1790180545020,0
1790180545082,1
1790180545082,0
1790180545378,1
1790180545378,0
1790180545718,1
1790180545718,0
1790180545779,1
1790180545779,0
1790180545829,1
1790180545829,0
1790180546647,1
1790180546647,0
1790180547041,1
1790180547041,0
1790180547090,1
1790180547094,0
1790180547793,1
1790180547794,0
1790180548420,1
1790180548420,0
1790180548949,1
1790180548949,0
1790180549002,1
1790180549002,0
1790180549067,1
1790180549067,0
1790180549116,1
1790180549117,0
1790180550381,1
1790180550381,0
1790180550669,1
1790180550669,0
1790180550729,1
1790180550729,0
1790180550784,1
1790180550784,0
1790180551981,1
1790180551981,0
1790180552034,1
1790180552034,0
1790180552503,1
1790180552503,0
1790180552568,1
1790180552575,0
1790180552669,1
1790180552669,0
1790180552730,1
1790180552730,0
1790180552790,1
1790180552790,0
1790180553076,1
1790180553076,0
1790180553135,1
1790180553135,0
1790180553314,1
1790180553314,0
1790180553716,1
1790180553717,0
1790180553892,1
1790180553892,0
1790180553951,1
1790180553951,0
1790180554005,1
1790180554005,0
1790180554055,1
1790180554055,0
1790180554180,1
1790180554180,0
1790180554227,1
1790180554227,0
1790180554454,1
1790180554454,0
1790180554523,1
1790180554523,0
1790180554583,1
1790180554583,0
1790180554752,1
1790180554752,0
1790180555031,1
1790180555031,0
1790180555100,1
1790180555100,0
1790180555143,1
1790180555143,0
1790180555533,1
1790180555533,0
1790180555600,1
1790180555600,0
1790180555661,1
1790180555661,0
1790180555841,1
1790180555841,0
1790180555949,1
1790180555949,0
1790180556006,1
1790180556006,0
1790180557368,1
1790180557368,0
1790180558310,1
1790180558310,0
1790180558362,1
1790180558362,0
1790180558421,1
1790180558421,0
1790180558828,1
1790180558828,0
1790180558879,1
1790180558879,0
1790180558953,1
1790180558953,0
1790180559182,1
1790180559182,0
1790180559422,1
1790180559422,0
1790180559472,1
1790180559472,0
1790180559530,1
1790180559530,0
1790180559762,1
1790180559762,0
1790180559820,1
1790180559820,0
1790180562412,1
1790180562412,0
1790180563559,1
1790180563559,0
1790180563613,1
1790180563613,0
1790180563679,1
1790180563679,0
1790180563732,1
1790180563732,0
1790180564254,1
1790180564254,0
1790180565122,1
1790180565122,0
1790180565183,1
1790180565184,0
1790180565296,1
1790180565296,0
1790180566371,1
1790180566371,0
1790180566418,1
1790180566422,0
1790180566757,1
1790180566757,0
1790180566878,1
1790180566878,0
1790180566932,1
1790180566932,0
1790180566992,1
1790180566992,0
1790180567119,1
1790180567119,0
1790180567171,1
1790180567171,0
1790180567237,1
1790180567237,0
1790180568138,1
1790180568139,0
1790180569123,1
1790180569124,0
1790180569173,1
1790180569173,0
1790180569520,1
1790180569520,0
1790180569578,1
1790180569578,0
1790180569812,1
1790180569812,0
1790180569870,1
1790180569871,0
1790180569930,1
1790180569930,0
1790180570162,1
1790180570162,0
1790180570332,1
1790180570332,0
1790180571262,1
1790180571262,0
1790180573433,1
1790180573433,0
1790180573947,1
1790180573948,0
1790180574006,1
1790180574006,0
1790180574636,1
1790180574636,0
1790180574683,1
1790180574683,0
1790180575300,1
1790180575300,0
1790180575360,1
1790180575360,0
1790180575417,1
1790180575417,0
1790180575531,1
1790180575531,0
1790180575649,1
1790180575649,0
1790180576620,1
1790180576620,0
1790180577310,1
1790180577311,0
1790180577707,1
1790180577707,0
1790180578506,1
1790180578507,0
1790180578563,1
1790180578563,0
1790180578618,1
1790180578618,0
1790180578675,1
1790180578675,0
1790180579374,1
1790180579374,0
1790180579435,1
1790180579435,0
1790180579489,1
1790180579489,0
1790180579668,1
1790180579668,0
1790180579726,1
1790180579726,0
1790180579769,1
1790180579769,0
1790180580006,1
1790180580006,0
