1790180591313,1
1790180591319,0
1790180591415,1
1790180591539,2
1790180591550,3
1790180591578,2
1790180591584,3
1790180591646,4
1790180591693,3
1790180591706,4
1790180591742,5
1790180591755,4
1790180591770,5
1790180591785,6
1790180591819,7
1790180591824,6
1790180591824,5
1790180591875,4
1790180591955,5
1790180591957,4
1790180591957,3
1790180591957,2
1790180591958,1
1790180592029,0
1790180592185,0
1790180592186,0
1790180592422,1
1790180592422,0
1790180592444,1
1790180592466,0
1790180592680,1
1790180592681,0
1790180593146,1
1790180593146,0
1790180593180,1
1790180593190,0
1790180593208,1
1790180593209,0
1790180593906,1
1790180593906,0
1790180594805,1
1790180594805,0
1790180594833,1
1790180594850,0
1790180594860,1
1790180594860,0
1790180594890,1
1790180594890,0
1790180595076,1
1790180595076,0
1790180595179,1
1790180595179,0
1790180595356,1
1790180595356,0
1790180595381,1
1790180595401,0
1790180595421,1
1790180595421,0
1790180595446,1
1790180595446,0
1790180595738,1
1790180595738,0
1790180595915,1
1790180595915,0
1790180595931,1
1790180595956,0
1790180595960,1
1790180595961,0
1790180595992,1
1790180595993,0
1790180596871,1
1790180596871,0
1790180597065,1
1790180597065,0
1790180597689,1
1790180597689,0
1790180597881,1
1790180597881,0
1790180598367,1
1790180598368,0
1790180598382,1
1790180598434,0
1790180598606,1
1790180598606,0
1790180598850,1
1790180598851,0
1790180598965,1
1790180598965,0
1790180599161,1
1790180599161,0
1790180599672,1
1790180599673,0
1790180600380,1
1790180600380,0
1790180600413,1
1790180600440,2
1790180600445,1
1790180600445,0
1790180600992,1
1790180600992,0
1790180601165,1
1790180601165,0
1790180601200,1
1790180601214,0
1790180601231,1
1790180601231,0
1790180601249,1
1790180601249,0
1790180603992,1
1790180603993,0
1790180604802,1
1790180604802,0
1790180605153,1
1790180605154,0
1790180605182,1
1790180605212,0
1790180605213,1
1790180605214,0
1790180605384,1
1790180605384,0
1790180606203,1
1790180606204,0
1790180607480,1
1790180607480,0
1790180610574,1
1790180610574,0
1790180610609,1
1790180610610,0
1790180610964,1
1790180610965,0
1790180612554,1
1790180612555,0
1790180612991,1
1790180612991,0
1790180613641,1
1790180613641,0
1790180614140,1
1790180614140,0
1790180614164,1
1790180614188,0
1790180614624,1
1790180614625,0
1790180614650,1
1790180614667,0
1790180614685,1
1790180614714,0
1790180614741,1
1790180614759,0
1790180614770,1
1790180614802,0
1790180614803,1
1790180614803,0
1790180614851,1
1790180614851,0
1790180614876,1
1790180614894,0
1790180614977,1
1790180614977,0
1790180615013,1
1790180615021,0
1790180615033,1
1790180615067,2
1790180615073,1
1790180615073,0
1790180615324,1
1790180615324,0
1790180615439,1
1790180615440,0
1790180615751,1
1790180615751,0
1790180616234,1
1790180616234,0
1790180616258,1
1790180616278,0
1790180616553,1
1790180616553,0
1790180616743,1
1790180616744,0
1790180616831,1
1790180616831,0
1790180617084,1
1790180617084,0
1790180617485,1
1790180617485,0
1790180617507,1
1790180617528,0
1790180617585,1
1790180617585,0
1790180618088,1
1790180618088,0
1790180618544,1
1790180618545,0
1790180618572,1
1790180618588,0
1790180618602,1
1790180618602,0
1790180618631,1
1790180618647,0
1790180618834,1
1790180618834,0
1790180618858,1
1790180618877,0
1790180619310,1
1790180619310,0
1790180619485,1
1790180619485,0
1790180619521,1
1790180619527,0
1790180619551,1
1790180619573,0
1790180619867,1
1790180619867,0
1790180620102,1
1790180620102,0
1790180620684,1
1790180620684,0
1790180620709,1
1790180620729,0
1790180620768,1
1790180620775,0
1790180620797,1
1790180620819,2
1790180620820,1
1790180620820,0
1790180620861,1
1790180620866,0
1790180621199,1
1790180621199,0
1790180621228,1
1790180621241,0
1790180621532,1
1790180621532,0
1790180621676,1
1790180621676,0
1790180621705,1
1790180621720,0
1790180623511,1
1790180623511,0
1790180623918,1
1790180623919,0
1790180623947,1
1790180623964,0
1790180623966,1
1790180623998,2
1790180624007,1
1790180624007,0
1790180624423,1
1790180624423,0
1790180624904,1
1790180624905,0
1790180624996,1
1790180624996,0
1790180625020,1
1790180625039,0
1790180625046,1
1790180625067,2
1790180625081,1
1790180625083,0
1790180625262,1
1790180625262,0
1790180625288,1
1790180625308,0
1790180625313,1
1790180625313,0
1790180625666,1
1790180625666,0
1790180625686,1
1790180625710,0
1790180626641,1
1790180626641,0
1790180626980,1
1790180626980,0
1790180627177,1
1790180627177,0
1790180627230,1
1790180627230,0
1790180627262,1
1790180627273,0
1790180627327,1
1790180627328,0
1790180627357,1
1790180627371,0
1790180627391,1
1790180627391,0
1790180627498,1
1790180627498,0
1790180627836,1
1790180627836,0
1790180628214,1
1790180628214,0
1790180628361,1
1790180628361,0
1790180628391,1
1790180628411,0
1790180628415,1
1790180628442,2
1790180628457,1
1790180628501,0
1790180628749,1
1790180628750,0
1790180628774,1
1790180628794,0
1790180628841,1
1790180628841,0
1790180628860,1
1790180628883,0
1790180629010,1
1790180629010,0
1790180629293,1
1790180629294,0
1790180629434,1
1790180629434,0
1790180629574,1
1790180629574,0
1790180629600,1
1790180629620,0
1790180629975,1
1790180629975,0
1790180629987,1
1790180630018,0
1790180630025,1
1790180630025,0
1790180630383,1
1790180630383,0
1790180630503,1
1790180630503,0
1790180630525,1
1790180630550,0
1790180630562,1
1790180630594,0
1790180630684,1
1790180630684,0
1790180631050,1
1790180631050,0
1790180631076,1
1790180631094,0
1790180631107,1
1790180631137,0
1790180631228,1
1790180631228,0
1790180631278,1
1790180631278,0
1790180631448,1
1790180631448,0
1790180631466,1
1790180631491,0
1790180631498,1
1790180631528,2
1790180631532,1
1790180631577,0
1790180631673,1
1790180631674,0
1790180632639,1
1790180632639,0
1790180633874,1
1790180633874,0
1790180634065,1
1790180634065,0
1790180634390,1
1790180634391,0
1790180634469,1
1790180634469,0
1790180634499,1
1790180634514,0
1790180634530,1
1790180634556,2
1790180634557,1
1790180634557,0
1790180634616,1
1790180634616,0
1790180635010,1
1790180635010,0
1790180635047,1
1790180635056,0
1790180635070,1
1790180635070,0
1790180635103,1
1790180635103,0
1790180635159,1
1790180635159,0
1790180635281,1
1790180635281,0
1790180635521,1
1790180635522,0
1790180635732,1
1790180635732,0
1790180635761,1
1790180635776,0
1790180636019,1
1790180636019,0
1790180636441,1
1790180636441,0
1790180636522,1
1790180636522,0
1790180636550,1
1790180636562,0
1790180637127,1
1790180637127,0
1790180637155,1
1790180637167,0
1790180637171,1
1790180637203,2
1790180637206,1
1790180637230,2
1790180637253,3
1790180637257,2
1790180637257,1
1790180637257,0
1790180637648,1
1790180637649,0
1790180637822,1
1790180637822,0
1790180637973,1
1790180637973,0
1790180637987,1
1790180638020,2
1790180638027,1
1790180638027,0
1790180638221,1
1790180638221,0
1790180638242,1
1790180638264,0
1790180638272,1
1790180638272,0
1790180638297,1
1790180638325,0
1790180638728,1
1790180638728,0
1790180638924,1
1790180638924,0
1790180639013,1
1790180639013,0
1790180639121,1
1790180639121,0
1790180639492,1
1790180639492,0
1790180639522,1
1790180639546,0
1790180639691,1
1790180639691,0
1790180639718,1
1790180639745,0
1790180640098,1
1790180640098,0
1790180640119,1
1790180640143,0
1790180640148,1
1790180640148,0
1790180640463,1
1790180640463,0
1790180640519,1
1790180640519,0
1790180640602,1
1790180640602,0
1790180640714,1
1790180640714,0
1790180641576,1
1790180641576,0
1790180641650,1
1790180641650,0
1790180642169,1
1790180642169,0
1790180642318,1
1790180642318,0
1790180642342,1
1790180642373,0
1790180642631,1
1790180642631,0
1790180643473,1
1790180643473,0
1790180643530,1
1790180643530,0
1790180643565,1
1790180643584,0
1790180643595,1
1790180643623,2
1790180643623,1
1790180643623,0
1790180643810,1
1790180643810,0
1790180643835,1
1790180643852,0
1790180643867,1
1790180643903,0
1790180644067,1
1790180644067,0
1790180644093,1
1790180644108,0
1790180644125,1
1790180644126,0
1790180644154,1
1790180644178,0
1790180644735,1
1790180644735,0
1790180644949,1
1790180644950,0
1790180646093,1
1790180646093,0
1790180646328,1
1790180646328,0
1790180646359,1
1790180646372,0
1790180646389,1
1790180646412,0
1790180646602,1
1790180646602,0
1790180647346,1
1790180647346,0
1790180647376,1
1790180647393,0
1790180647404,1
1790180647434,0
1790180647438,1
1790180647488,0
1790180647603,1
1790180647603,0
1790180647626,1
1790180647657,0
1790180647887,1
1790180647887,0
1790180648026,1
1790180648026,0
1790180648056,1
1790180648066,0
1790180648078,1
1790180648078,0
1790180648264,0
1790180648264,0
1790180648297,1
1790180648309,0
1790180648327,1
1790180648327,0
1790180648346,1
1790180648378,0
1790180648560,1
1790180648560,0
1790180648589,1
1790180648606,0
1790180648620,1
1790180648647,2
1790180648660,1
1790180648660,0
1790180648752,1
1790180648752,0
1790180648774,1
1790180648797,0
1790180649007,1
1790180649007,0
1790180649034,1
1790180649059,0
1790180649549,0
1790180649549,0
1790180649571,1
1790180649601,0
1790180649736,1
1790180649736,0
1790180649772,1
1790180649777,0
1790180649888,1
1790180649888,0
1790180649913,1
1790180649924,2
1790180649942,1
1790180649963,2
1790180649983,1
1790180649983,0
1790180649984,1
1790180649984,0
1790180650128,1
1790180650128,0
1790180650592,1
1790180650592,0
1790180650681,1
1790180650681,0
1790180650986,1
1790180650986,0
1790180651004,1
1790180651020,2
1790180651040,1
1790180651040,0
1790180651044,1
1790180651081,0
1790180651220,1
1790180651220,0
1790180651355,1
1790180651356,0
1790180651382,1
1790180651396,0
1790180651946,1
1790180651946,0
1790180652152,1
1790180652152,0
1790180652181,1
1790180652197,0
1790180652211,1
1790180652232,2
1790180652249,1
1790180652261,2
1790180652303,1
1790180652309,2
1790180652342,3
1790180652357,2
1790180652357,1
1790180652371,2
1790180652401,3
1790180652410,2
1790180652450,1
1790180652450,0
1790180652674,1
1790180652675,0
1790180653217,1
1790180653217,0
1790180653232,1
1790180653270,0
1790180653526,1
1790180653526,0
1790180653605,1
1790180653605,0
1790180653633,1
1790180653645,0
1790180653652,1
1790180653682,2
1790180653696,1
1790180653696,0
1790180653766,1
1790180653766,0
1790180653796,1
1790180653820,0
1790180653827,1
1790180653871,0
1790180653970,1
1790180653971,0
1790180654291,1
1790180654291,0
1790180654790,1
1790180654791,0
1790180655353,1
1790180655353,0
1790180655469,1
1790180655469,0
1790180655489,1
1790180655511,2
1790180655522,1
1790180655522,0
1790180655583,1
1790180655583,0
1790180655607,1
1790180655627,0
1790180655670,1
1790180655670,0
1790180655695,1
1790180655710,0
1790180655836,1
1790180655836,0
1790180655974,1
1790180655974,0
1790180656410,1
1790180656410,0
1790180656423,1
1790180656452,0
1790180656457,1
1790180656496,0
1790180656511,1
1790180656535,2
1790180656549,1
1790180656565,2
1790180656589,1
1790180656589,0
1790180656596,1
1790180656641,0
1790180656741,1
1790180656741,0
1790180656892,1
1790180656892,0
1790180657253,1
1790180657253,0
1790180657713,1
1790180657713,0
1790180657734,1
1790180657772,0
1790180658017,1
1790180658017,0
1790180658289,1
1790180658290,0
1790180658653,1
1790180658653,0
1790180658674,1
1790180658692,0
1790180658704,1
1790180658704,0
1790180659164,1
1790180659164,0
1790180659185,1
1790180659207,0
1790180659224,1
1790180659246,0
1790180659254,1
1790180659254,0
1790180659276,1
1790180659276,0
1790180659349,1
1790180659349,0
1790180659600,1
1790180659600,0
1790180660150,1
1790180660150,0
1790180660182,1
1790180660189,0
1790180660410,1
1790180660410,0
1790180660628,1
1790180660628,0
1790180660689,1
1790180660689,0
1790180660712,1
1790180660730,0
1790180660863,1
1790180660863,0
1790180661152,1
1790180661152,0
1790180662251,1
1790180662251,0
1790180662333,1
1790180662333,0
1790180662471,1
1790180662471,0
1790180662490,1
1790180662513,0
1790180662785,1
1790180662785,0
1790180662817,1
1790180662827,0
1790180662843,1
1790180662843,0
1790180662877,1
1790180662887,0
1790180662897,1
1790180662927,0
1790180662933,1
1790180662933,0
1790180662993,1
1790180662993,0
1790180663025,1
1790180663033,0
1790180663078,1
1790180663078,0
1790180663313,1
1790180663313,0
1790180663661,1
1790180663661,0
1790180663690,1
1790180663700,0
1790180663710,1
1790180663710,0
1790180663739,1
1790180663739,0
1790180663768,1
1790180663768,0
1790180663799,1
1790180663822,0
1790180663939,1
1790180663939,0
1790180663969,1
1790180663980,0
1790180663988,0
1790180663988,0
1790180664126,1
1790180664127,0
1790180664293,1
1790180664293,0
1790180664345,1
1790180664345,0
1790180664367,1
1790180664385,0
1790180664396,1
1790180664430,0
1790180664532,1
1790180664532,0
1790180664676,1
1790180664676,0
1790180664709,1
1790180664717,0
1790180664742,1
1790180664761,0
1790180664773,1
1790180664773,0
1790180664794,1
1790180664794,0
1790180664915,1
1790180664915,0
1790180664955,1
1790180664955,0
1790180664984,1
1790180664984,0
1790180665153,1
1790180665153,0
1790180665342,1
1790180665342,0
1790180665398,1
1790180665398,0
1790180665423,1
1790180665437,0
1790180665444,1
1790180665480,0
1790180666792,1
1790180666792,0
1790180666916,1
1790180666917,0
1790180666964,1
1790180666966,0
1790180667052,1
1790180667053,0
1790180667194,1
1790180667195,0
1790180667224,1
1790180667235,0
1790180667274,1
1790180667274,0
1790180667574,1
1790180667574,0
1790180667595,1
1790180667615,0
1790180667624,1
1790180667651,2
1790180667654,1
1790180667654,0
1790180667786,1
1790180667786,0
1790180667823,1
1790180667831,0
1790180667948,1
1790180667948,0
1790180668117,1
1790180668117,0
1790180668144,1
1790180668160,0
1790180668172,1
1790180668172,0
1790180668330,1
1790180668330,0
1790180668618,1
1790180668619,0
1790180668769,1
1790180668769,0
1790180668800,1
1790180668817,0
1790180669297,1
1790180669297,0
1790180669323,1
1790180669338,0
1790180669786,1
1790180669786,0
1790180669812,1
1790180669828,0
1790180669846,1
1790180669871,0
1790180669873,1
1790180669873,0
1790180670121,1
1790180670121,0
1790180670433,1
1790180670433,0
1790180671005,1
1790180671005,0
1790180671517,1
1790180671517,0
1790180671736,1
1790180671736,0
1790180671945,1
1790180671945,0
1790180672476,1
1790180672476,0
1790180672513,1
1790180672520,0
1790180672545,1
1790180672564,0
1790180672921,1
1790180672921,0
1790180673058,1
1790180673058,0
1790180673084,1
1790180673098,0
1790180673364,1
1790180673364,0
1790180673604,1
1790180673604,0
1790180674166,1
1790180674166,0
1790180674512,1
1790180674512,0
1790180674538,1
1790180674556,0
1790180674565,1
1790180674565,0
1790180674743,1
1790180674743,0
1790180674960,1
1790180674960,0
1790180674984,1
1790180675000,0
1790180675011,1
1790180675011,0
1790180675291,1
1790180675291,0
1790180675311,1
1790180675331,0
1790180675335,1
1790180675335,0
1790180675365,1
1790180675365,0
1790180675426,1
1790180675426,0
1790180675566,1
1790180675566,0
1790180675594,1
1790180675610,2
1790180675611,1
1790180675611,0
1790180676295,1
1790180676296,0
1790180676358,1
1790180676358,0
1790180676388,1
1790180676397,0
1790180676414,1
1790180676414,0
1790180676438,1
1790180676438,0
1790180676613,1
1790180676613,0
1790180676717,1
1790180676717,0
1790180676747,1
1790180676761,0
1790180676777,1
1790180676800,0
1790180676804,1
1790180676804,0
1790180677046,1
1790180677046,0
1790180677099,1
1790180677099,0
1790180677124,1
1790180677140,0
1790180677261,1
1790180677261,0
1790180677392,1
1790180677392,0
1790180677616,1
1790180677616,0
1790180677633,1
1790180677655,0
1790180677666,1
1790180677698,0
1790180677907,1
1790180677907,0
1790180678121,1
1790180678121,0
1790180678401,1
1790180678401,0
1790180678599,1
1790180678599,0
1790180678633,1
1790180678649,0
1790180678770,1
1790180678770,0
1790180678809,1
1790180678813,0
1790180678830,1
1790180678830,0
1790180679149,1
1790180679149,0
