1790180105456,1
1790180105460,0
1790180105703,1
1790180105704,0
1790180105938,1
1790180105939,0
1790180106000,1
1790180106000,0
1790180106057,1
1790180106057,0
1790180106166,1
1790180106166,0
1790180106281,1
1790180106281,0
1790180106351,1
1790180106370,0
1790180106410,1
1790180106410,0
1790180106464,1
1790180106464,0
1790180106523,1
1790180106523,0
1790180106815,1
1790180106815,0
1790180107283,1
1790180107283,0
1790180107798,1
1790180107798,0
1790180107849,1
1790180107849,0
1790180108325,1
1790180108325,0
1790180109335,1
1790180109336,0
1790180109387,1
1790180109387,0
1790180109431,1
1790180109431,0
1790180110963,1
1790180110963,0
1790180112878,0
1790180112878,0
1790180112933,1
1790180112937,0
1790180112989,1
1790180112989,0
1790180113398,1
1790180113398,0
1790180113627,1
1790180113627,0
1790180113980,1
1790180113981,0
1790180114031,1
1790180114031,0
1790180114091,1
1790180114091,0
1790180114728,1
1790180114729,0
1790180115072,1
1790180115072,0
1790180115133,1
1790180115134,0
1790180115192,1
1790180115192,0
1790180117129,1
1790180117130,0
1790180117184,0
1790180117185,0
1790180118902,1
1790180118902,0
1790180118962,1
1790180118963,0
1790180119022,1
1790180119022,0
1790180119077,1
1790180119078,0
1790180120822,1
1790180120822,0
1790180121328,1
1790180121329,0
1790180121555,1
1790180121555,0
1790180121973,1
1790180121973,0
1790180124405,1
1790180124406,0
1790180124469,1
1790180124477,0
1790180124520,1
1790180124520,0
1790180125661,1
1790180125662,0
1790180126004,1
1790180126004,0
1790180126064,1
1790180126067,0
1790180126138,1
1790180126138,0
1790180126542,1
1790180126543,0
1790180129043,1
1790180129044,0
1790180129097,1
1790180129097,0
1790180129550,1
1790180129552,0
1790180131147,1
1790180131147,0
1790180131846,1
1790180131846,0
1790180133546,1
1790180133546,0
1790180134305,1
1790180134305,0
1790180134367,1
1790180134379,0
1790180134425,1
1790180134425,0
1790180134782,1
1790180134782,0
1790180136449,1
1790180136450,0
1790180141106,1
1790180141107,0
1790180141851,1
1790180141851,0
1790180141911,1
1790180141911,0
1790180146381,1
1790180146382,0
1790180149619,1
1790180149619,0
1790180150478,1
1790180150478,0
1790180151803,1
1790180151803,0
1790180152788,1
1790180152788,0
1790180152843,1
1790180152843,0
1790180153851,1
1790180153851,0
1790180153912,1
1790180153912,0
1790180153963,1
1790180153963,0
1790180154078,1
1790180154078,0
1790180154139,1
1790180154139,0
1790180154201,1
1790180154201,0
1790180154311,1
1790180154311,0
1790180154378,1
1790180154378,0
1790180154593,1
1790180154593,0
1790180154653,1
1790180154653,0
1790180154713,1
1790180154713,0
1790180154771,1
1790180154771,0
1790180155361,1
1790180155361,0
1790180155581,1
1790180155581,0
1790180156205,1
1790180156205,0
1790180157176,1
1790180157176,0
1790180157227,1
1790180157227,0
1790180157791,1
1790180157792,0
1790180158219,1
1790180158219,0
1790180158386,1
1790180158386,0
1790180158909,1
1790180158909,0
1790180159761,1
1790180159762,0
1790180159825,1
1790180159825,0
1790180159987,1
1790180159987,0
1790180161023,1
1790180161024,0
1790180161957,1
1790180161957,0
1790180162019,1
1790180162019,0
1790180162085,1
1790180162085,0
1790180162145,1
1790180162145,0
1790180162536,1
1790180162536,0
1790180162593,1
1790180162593,0
1790180163563,1
1790180163563,0
1790180163901,1
1790180163901,0
1790180163961,1
1790180163961,0
1790180164016,1
1790180164016,0
1790180164699,1
1790180164699,0
1790180165161,1
1790180165161,0
1790180166404,1
1790180166405,0
1790180166460,1
1790180166460,0
1790180166580,1
1790180166580,0
1790180166640,1
1790180166640,0
1790180166696,1
1790180166696,0
1790180167510,1
1790180167511,0
1790180167575,1
1790180167575,0
1790180168212,1
1790180168212,0
1790180168506,1
1790180168506,0
1790180168570,1
1790180168570,0
1790180172324,1
1790180172327,0
1790180173189,1
1790180173189,0
1790180173248,1
1790180173248,0
1790180173306,1
1790180173306,0
1790180174216,1
1790180174216,0
1790180175202,1
1790180175202,0
1790180175368,1
1790180175368,0
1790180175425,0
1790180175425,0
1790180175485,1
1790180175485,0
1790180175538,1
1790180175539,0
1790180175950,1
1790180175950,0
1790180176010,0
1790180176012,0
1790180176070,0
1790180176070,0
1790180176870,0
1790180176870,0
1790180176926,1
1790180176926,0
1790180178910,0
1790180178911,0
1790180179637,1
1790180179637,0
1790180180050,1
1790180180050,0
1790180180173,1
1790180180173,0
1790180180232,1
1790180180232,0
1790180180346,1
1790180180346,0
1790180180401,1
1790180180401,0
1790180180459,1
1790180180459,0
1790180180683,1
1790180180683,0
1790180181381,1
1790180181382,0
1790180182193,1
1790180182193,0
1790180182478,1
1790180182478,0
1790180182528,1
1790180182535,0
1790180182590,1
1790180182590,0
1790180182646,1
1790180182646,0
1790180183287,1
1790180183287,0
1790180183342,1
1790180183342,0
1790180183457,1
1790180183457,0
1790180183515,1
1790180183515,0
1790180183811,1
1790180183811,0
1790180184395,1
1790180184395,0
1790180184668,1
1790180184668,0
1790180184959,1
1790180184959,0
1790180185016,1
1790180185016,0
1790180185823,1
1790180185823,0
1790180185886,1
1790180185886,0
1790180185939,1
1790180185939,0
1790180186693,1
1790180186693,0
1790180186923,1
1790180186924,0
1790180186983,1
1790180186983,0
1790180187041,1
1790180187041,0
1790180187274,1
1790180187274,0
1790180188016,1
1790180188016,0
1790180188077,1
1790180188077,0
1790180188136,1
1790180188137,0
1790180188375,1
1790180188375,0
1790180188491,1
1790180188491,0
1790180188849,1
1790180188849,0
1790180188909,1
1790180188909,0
1790180188969,1
1790180188969,0
1790180189029,1
1790180189029,0
1790180189319,1
1790180189320,0
1790180191287,1
1790180191287,0
1790180193878,1
1790180193878,0
1790180194295,1
1790180194295,0
1790180194981,1
1790180194981,0
1790180195150,1
1790180195150,0
1790180195203,1
1790180195203,0
1790180195274,1
1790180195274,0
1790180195328,1
1790180195328,0
1790180195427,1
1790180195428,0
1790180196240,1
1790180196240,0
1790180196286,1
1790180196288,0
1790180196354,1
1790180196354,0
1790180196415,1
1790180196415,0
1790180196517,1
1790180196517,0
1790180196763,1
1790180196763,0
1790180197262,1
1790180197262,0
1790180197735,1
1790180197736,0
1790180197791,1
1790180197791,0
1790180198335,1
1790180198336,0
1790180199185,1
1790180199186,0
1790180199357,1
1790180199358,0
1790180199413,1
1790180199413,0
1790180200581,1
1790180200581,0
1790180200636,1
1790180200636,0
1790180200689,1
1790180200689,0
1790180200750,1
1790180200750,0
1790180200805,1
1790180200805,0
1790180200866,1
1790180200866,0
1790180201681,1
1790180201681,0
1790180202017,1
1790180202017,0
1790180202303,1
1790180202303,0
1790180202363,1
1790180202363,0
1790180202424,1
1790180202424,0
1790180202827,0
1790180202827,0
1790180202878,1
1790180202878,0
1790180202937,1
1790180202937,0
1790180203868,1
1790180203868,0
1790180204280,1
1790180204280,0
1790180204452,1
1790180204452,0
1790180204681,1
1790180204681,0
1790180205423,1
1790180205424,0
1790180205491,1
1790180205491,0
1790180205830,1
1790180205830,0
1790180205894,1
1790180205895,0
1790180206687,1
1790180206687,0
1790180206731,1
1790180206731,0
1790180206801,1
1790180206801,0
1790180207446,1
1790180207446,0
1790180207546,1
1790180207546,0
1790180207724,1
1790180207724,0
1790180207940,1
1790180207941,0
1790180209750,1
1790180209750,0
1790180209929,1
1790180209929,0
1790180211026,1
1790180211026,0
1790180211320,1
1790180211320,0
1790180211379,1
1790180211379,0
1790180211964,1
1790180211964,0
1790180213711,1
1790180213711,0
1790180213826,1
1790180213826,0
1790180213891,1
1790180213891,0
1790180213951,1
1790180213951,0
1790180214418,1
1790180214418,0
1790180214472,1
1790180214472,0
1790180214536,1
1790180214536,0
1790180214930,1
1790180214930,0
1790180214995,1
1790180214995,0
1790180215055,1
1790180215055,0
1790180215102,1
1790180215121,0
1790180216313,1
1790180216313,0
1790180216783,1
1790180216783,0
1790180219215,1
1790180219215,0
1790180219669,1
1790180219669,0
1790180219729,1
1790180219729,0
1790180219786,1
1790180219786,0
1790180220253,1
1790180220253,0
1790180221796,1
1790180221796,0
1790180221852,1
1790180221852,0
1790180221913,1
1790180221913,0
1790180221974,1
1790180221974,0
1790180222320,1
1790180222320,0
1790180222380,1
1790180222380,0
1790180222891,1
1790180222891,0
1790180223187,0
1790180223189,0
1790180223243,1
1790180223244,0
1790180223296,1
1790180223296,0
1790180223707,1
1790180223707,0
1790180223767,1
1790180223768,0
1790180223823,1
1790180223823,0
1790180224277,1
1790180224278,0
1790180224341,1
1790180224341,0
1790180224393,1
1790180224395,0
1790180224456,1
1790180224456,0
1790180224685,1
1790180224686,0
1790180224749,1
1790180224750,0
1790180225221,1
1790180225222,0
1790180225273,1
1790180225275,0
1790180226341,1
1790180226341,0
1790180226389,1
1790180226394,0
1790180226741,1
1790180226741,0
1790180226796,1
1790180226796,0
1790180227027,1
1790180227028,0
1790180227087,1
1790180227087,0
1790180227147,1
1790180227148,0
1790180227199,1
1790180227199,0
1790180227254,1
1790180227254,0
1790180227550,1
1790180227550,0
1790180228471,1
1790180228471,0
1790180228652,1
1790180228652,0
1790180229224,1
1790180229225,0
1790180229284,1
1790180229284,0
1790180229343,1
1790180229343,0
1790180229403,1
1790180229403,0
1790180229742,1
1790180229743,0
1790180230026,1
1790180230026,0
1790180230085,1
1790180230085,0
1790180231257,1
1790180231257,0
1790180231667,1
1790180231668,0
1790180231729,1
1790180231729,0
1790180231778,1
1790180231786,0
1790180231837,1
1790180231843,0
1790180231898,1
1790180231898,0
1790180232009,1
1790180232009,0
1790180232077,1
1790180232077,0
1790180232130,1
1790180232130,0
1790180232187,1
1790180232187,0
1790180232768,1
1790180232768,0
1790180233875,1
1790180233875,0
1790180233935,1
1790180233951,0
1790180234568,1
1790180234569,0
1790180234735,1
1790180234735,0
1790180234797,1
1790180234797,0
1790180234857,1
1790180234858,0
1790180235088,1
1790180235088,0
1790180235139,1
1790180235141,0
1790180235195,1
1790180235195,0
1790180235482,1
1790180235482,0
1790180236177,1
1790180236177,0
1790180237219,1
1790180237219,0
1790180238378,1
1790180238378,0
1790180238600,1
1790180238600,0
1790180238658,1
1790180238658,0
1790180238718,1
1790180238718,0
1790180238835,1
1790180238835,0
1790180238883,1
1790180238883,0
1790180238999,1
1790180238999,0
1790180239054,1
1790180239054,0
1790180239360,1
1790180239360,0
1790180239648,1
1790180239649,0
1790180240539,1
1790180240540,0
1790180240600,1
1790180240600,0
1790180240660,1
1790180240660,0
1790180240778,1
1790180240778,0
1790180240828,1
1790180240828,0
1790180240891,1
1790180240891,0
1790180240953,1
1790180240955,0
1790180241246,1
1790180241246,0
1790180241543,1
1790180241543,0
1790180242297,1
1790180242297,0
1790180243224,1
1790180243224,0
1790180243280,1
1790180243287,0
1790180243836,1
1790180243836,0
1790180244424,1
1790180244424,0
1790180245197,1
1790180245197,0
1790180245257,1
1790180245257,0
1790180245314,1
1790180245314,0
1790180246225,1
1790180246225,0
1790180246285,1
1790180246285,0
1790180246345,1
1790180246345,0
1790180246396,1
1790180246396,0
1790180246449,1
1790180246449,0
1790180246632,1
1790180246632,0
1790180247158,1
1790180247159,0
1790180248315,1
1790180248315,0
1790180248381,1
1790180248381,0
1790180248841,1
1790180248842,0
1790180249308,1
1790180249308,0
1790180249416,1
1790180249416,0
1790180249471,1
1790180249471,0
1790180249755,1
1790180249755,0
1790180250380,1
1790180250380,0
1790180252653,1
1790180252653,0
1790180252830,1
1790180252830,0
1790180253108,1
1790180253108,0
1790180253168,1
1790180253168,0
1790180253807,1
1790180253807,0
1790180253863,1
1790180253863,0
1790180253923,1
1790180253923,0
1790180253982,1
1790180253983,0
1790180254035,1
1790180254035,0
1790180254101,1
1790180254101,0
1790180254219,1
1790180254219,0
1790180254272,1
1790180254272,0
1790180254390,1
1790180254390,0
1790180254841,1
1790180254841,0
1790180255615,1
1790180255615,0
1790180255665,1
1790180255665,0
1790180255735,1
1790180255735,0
1790180255842,1
1790180255843,0
1790180255910,1
1790180255911,0
1790180256190,1
1790180256190,0
1790180256247,1
1790180256247,0
1790180256305,1
1790180256305,0
1790180256584,1
1790180256584,0
1790180256935,1
1790180256935,0
1790180257050,1
1790180257050,0
1790180257119,1
1790180257119,0
1790180257172,1
1790180257172,0
1790180257469,1
1790180257469,0
1790180257760,1
1790180257760,0
1790180257825,1
1790180257825,0
1790180257885,1
1790180257886,0
1790180257940,1
1790180257940,0
1790180258231,1
1790180258231,0
1790180258284,1
1790180258284,0
1790180258347,1
1790180258347,0
1790180258750,1
1790180258750,0
1790180259158,1
1790180259158,0
1790180259276,1
1790180259276,0
1790180259333,1
1790180259333,0
1790180259396,1
1790180259396,0
1790180262172,1
1790180262172,0
1790180262465,1
1790180262465,0
1790180262577,1
1790180262577,0
1790180262737,1
1790180262737,0
1790180263031,1
1790180263031,0
1790180263096,1
1790180263096,0
1790180263200,1
1790180263200,0
1790180263834,1
1790180263834,0
1790180263891,1
1790180263891,0
1790180263951,1
1790180263951,0
1790180264011,1
1790180264011,0
1790180264291,1
1790180264291,0
1790180264351,1
1790180264351,0
1790180264651,1
1790180264651,0
1790180264997,1
1790180264997,0
1790180265057,1
1790180265057,0
1790180265124,1
1790180265125,0
1790180265466,1
1790180265466,0
1790180266051,1
1790180266051,0
1790180266340,1
1790180266341,0
1790180266407,1
1790180266407,0
1790180267434,1
1790180267434,0
1790180267488,1
1790180267488,0
1790180268444,1
1790180268444,0
1790180268485,1
1790180268499,0
1790180268546,1
1790180268546,0
1790180268610,1
1790180268611,0
1790180269141,1
1790180269141,0
1790180269763,1
1790180269763,0
1790180270918,1
1790180270918,0
1790180271939,1
1790180271939,0
1790180272406,1
1790180272406,0
1790180272802,1
1790180272802,0
1790180273904,1
1790180273904,0
1790180273964,1
1790180273964,0
1790180274024,1
1790180274024,0
1790180274763,1
1790180274763,0
1790180275065,1
1790180275065,0
1790180275114,1
1790180275114,0
1790180275686,1
1790180275686,0
1790180276248,1
1790180276248,0
1790180277409,1
1790180277409,0
1790180278114,1
1790180278114,0
1790180278173,1
1790180278173,0
1790180278233,1
1790180278233,0
1790180278580,1
1790180278581,0
1790180279048,1
1790180279049,0
1790180279101,1
1790180279101,0
1790180279163,1
1790180279163,0
1790180279725,1
1790180279725,0
1790180279777,1
1790180279777,0
1790180279841,1
1790180279841,0
1790180280014,1
1790180280014,0
1790180280313,1
1790180280313,0
1790180280373,1
1790180280373,0
1790180280426,1
1790180280426,0
1790180281853,1
1790180281853,0
1790180281973,1
1790180281973,0
1790180282027,1
1790180282027,0
1790180282093,1
1790180282093,0
1790180282510,1
1790180282510,0
1790180282746,1
1790180282746,0
1790180282801,1
1790180282806,0
1790180282861,1
1790180282861,0
1790180282922,1
1790180282922,0
1790180283383,1
1790180283383,0
1790180283483,1
1790180283483,0
1790180283548,1
1790180283548,0
1790180283839,1
1790180283839,0
1790180284070,1
1790180284070,0
1790180284528,1
1790180284528,0
1790180284580,1
1790180284581,0
1790180284639,1
1790180284639,0
1790180285151,1
1790180285151,0
1790180285604,1
1790180285604,0
1790180286183,1
1790180286183,0
1790180286585,1
1790180286586,0
1790180286639,1
1790180286652,0
1790180286929,1
1790180286929,0
1790180286996,1
1790180286996,0
1790180287055,1
1790180287056,0
1790180287704,1
1790180287705,0
