1790101609892,1
1790101609900,0
1790101610355,0
1790101610356,0
1790101610640,1
1790101610641,0
1790101611087,1
1790101611088,0
1790101611558,1
1790101611559,0
1790101611817,1
1790101611817,0
1790101612349,1
1790101612350,0
1790101612768,1
1790101612769,0
1790101613265,1
1790101613266,0
1790101613662,1
1790101613662,0
1790101614089,1
1790101614089,0
1790101614484,1
1790101614485,0
1790101615024,1
1790101615025,0
1790101615308,0
1790101615309,0
1790101615823,1
1790101615824,0
1790101616281,1
1790101616281,0
1790101616796,1
1790101616796,0
1790101617155,1
1790101617156,0
1790101617629,1
1790101617630,0
1790101618021,1
1790101618021,0
1790101618374,1
1790101618374,0
1790101619040,1
1790101619041,0
1790101619393,1
1790101619394,0
1790101619834,1
1790101619834,0
1790101620302,1
1790101620302,0
1790101620914,1
1790101620915,0
1790101621937,1
1790101621938,0
1790101622750,1
1790101622751,0
1790101623167,1
1790101623167,0
1790101623384,1
1790101623385,0
1790101623790,1
1790101623791,0
1790101624370,1
1790101624371,0
1790101624639,1
1790101624639,0
1790101624974,1
1790101625007,0
1790101625633,1
1790101625633,0
1790101626097,1
1790101626097,0
1790101626717,1
1790101626717,0
1790101627167,1
1790101627167,0
1790101627604,1
1790101627604,0
1790101628085,1
1790101628085,0
1790101628645,1
1790101628645,0
1790101629486,1
1790101629487,0
1790101629865,1
1790101629866,0
1790101630432,1
1790101630433,0
1790101630804,1
1790101630804,0
1790101631311,1
1790101631312,0
1790101631811,1
1790101631812,0
1790101632521,1
1790101632522,0
1790101632953,1
1790101632953,0
1790101633306,1
1790101633307,0
1790101633807,1
1790101633808,0
1790101634164,1
1790101634164,0
1790101634606,1
1790101634606,0
1790101635034,1
1790101635035,0
1790101635740,1
1790101635740,0
1790101636016,1
1790101636016,0
1790101636635,1
1790101636635,0
1790101637037,1
1790101637037,0
1790101637261,1
1790101637261,0
1790101637636,1
1790101637637,0
1790101638219,1
1790101638221,0
1790101638796,1
1790101638796,0
1790101639523,1
1790101639523,0
1790101639896,1
1790101639897,0
1790101640422,1
1790101640423,0
1790101640640,1
1790101640640,0
1790101641041,1
1790101641041,0
1790101641319,1
1790101641319,0
1790101641870,1
1790101641870,0
1790101642461,1
1790101642462,0
1790101642890,1
1790101642890,0
1790101643206,1
1790101643206,0
1790101643856,1
1790101643857,0
1790101644341,1
1790101644342,0
1790101644618,1
1790101644618,0
1790101644960,1
1790101644960,0
1790101645894,1
1790101645895,0
1790101646344,1
1790101646345,0
1790101646916,1
1790101646916,0
1790101647299,1
1790101647300,0
1790101647756,1
1790101647757,0
1790101648133,1
1790101648133,0
1790101648687,1
1790101648689,0
1790101649408,1
1790101649408,0
1790101649786,1
1790101649786,0
1790101650540,1
1790101650541,0
1790101650966,1
1790101650966,0
1790101651500,1
1790101651501,0
1790101651924,1
1790101651925,0
1790101652066,1
1790101652066,0
1790101652602,1
1790101652602,0
1790101653032,1
1790101653032,0
1790101653520,1
1790101653520,0
1790101654177,1
1790101654178,0
1790101655202,1
1790101655203,0
1790101655365,1
1790101655368,0
1790101656096,1
1790101656096,0
1790101656611,1
1790101656611,0
1790101656758,1
1790101656758,0
1790101657532,1
1790101657532,0
1790101658523,1
1790101658523,0
1790101659325,1
1790101659325,0
1790101660340,1
1790101660341,0
1790101660823,1
1790101660823,0
1790101661049,1
1790101661050,0
1790101661413,1
1790101661413,0
1790101661986,1
1790101661987,0
1790101662406,1
1790101662407,0
1790101662773,1
1790101662773,0
1790101663232,1
1790101663232,0
1790101663697,1
1790101663698,0
1790101664034,1
1790101664034,0
1790101664523,1
1790101664523,0
1790101664667,1
1790101664667,0
1790101665098,1
1790101665098,0
1790101665254,1
1790101665255,0
1790101665660,1
1790101665660,0
1790101665995,1
1790101665996,0
1790101666210,1
1790101666210,0
1790101666606,1
1790101666606,0
1790101667232,1
1790101667234,0
1790101667788,1
1790101667788,0
1790101668282,1
1790101668283,0
1790101668688,1
1790101668689,0
1790101669085,1
1790101669086,0
1790101669630,1
1790101669630,0
1790101670034,1
1790101670034,0
1790101670544,1
1790101670545,0
1790101671199,0
1790101671204,0
1790101671949,1
1790101671949,0
1790101672229,1
1790101672229,0
1790101672435,1
1790101672436,0
1790101672993,1
1790101672993,0
1790101673133,1
1790101673133,0
1790101673588,1
1790101673589,0
1790101674007,1
1790101674007,0
1790101674415,1
1790101674415,0
1790101674799,1
1790101674800,0
1790101675094,1
1790101675094,0
1790101675411,1
1790101675412,0
1790101675926,1
1790101675926,0
1790101676331,1
1790101676331,0
1790101676677,1
1790101676678,0
1790101677050,1
1790101677050,0
1790101677337,1
1790101677338,0
1790101677848,1
1790101677849,0
1790101678229,1
1790101678230,0
1790101678556,1
1790101678556,0
1790101678940,1
1790101678940,0
1790101679375,1
1790101679375,0
1790101679915,1
1790101679915,0
1790101680448,1
1790101680449,0
1790101680966,1
1790101680966,0
1790101681438,1
1790101681439,0
1790101681597,1
1790101681598,0
1790101682405,1
1790101682405,0
1790101682839,1
1790101682839,0
1790101683625,1
1790101683626,0
1790101683777,1
1790101683777,0
1790101683927,1
1790101683928,0
1790101684302,1
1790101684303,0
1790101684676,1
1790101684676,0
1790101685123,1
1790101685123,0
1790101685601,1
1790101685602,0
1790101685752,1
1790101685753,0
1790101686093,1
1790101686094,0
1790101686707,1
1790101686707,0
1790101687094,1
1790101687094,0
1790101687495,1
1790101687495,0
1790101687810,1
1790101687810,0
1790101688348,1
1790101688348,0
1790101688712,1
1790101688712,0
1790101689400,1
1790101689400,0
1790101689550,1
1790101689550,0
1790101689971,1
1790101689972,0
1790101690653,1
1790101690653,0
1790101690872,1
1790101690872,0
1790101691483,1
1790101691483,0
1790101691831,1
1790101691831,0
1790101692446,1
1790101692447,0
1790101692846,1
1790101692846,0
1790101693398,1
1790101693399,0
1790101693919,1
1790101693919,0
1790101694287,1
1790101694287,0
1790101694699,1
1790101694700,0
1790101695076,1
1790101695077,0
1790101695656,1
1790101695656,0
1790101696102,1
1790101696103,0
1790101696529,1
1790101696529,0
1790101697363,1
1790101697363,0
1790101697691,1
1790101697692,0
1790101698068,1
1790101698068,0
1790101698640,1
1790101698642,0
1790101698793,0
1790101698794,0
1790101699171,1
1790101699171,0
1790101699541,1
1790101699541,0
1790101699748,1
1790101699748,0
1790101700481,1
1790101700481,0
1790101701156,1
1790101701157,0
1790101701434,1
1790101701434,0
1790101701875,1
1790101701875,0
1790101702249,1
1790101702250,0
1790101702401,1
1790101702401,0
1790101703239,1
1790101703239,0
1790101703574,1
1790101703574,0
1790101704378,1
1790101704378,0
1790101704815,1
1790101704816,0
1790101705240,1
1790101705240,0
1790101705614,1
1790101705614,0
1790101705881,1
1790101705882,0
1790101706331,1
1790101706332,0
1790101706959,1
1790101706959,0
1790101707104,1
1790101707105,0
1790101707448,1
1790101707448,0
1790101708223,1
1790101708223,0
1790101708676,1
1790101708677,0
1790101709246,1
1790101709246,0
1790101710610,1
1790101710611,0
1790101710884,1
1790101710885,0
1790101711250,1
1790101711251,0
1790101711764,1
1790101711764,0
1790101712284,1
1790101712284,0
1790101712831,1
1790101712832,0
1790101713267,1
1790101713267,0
1790101713757,1
1790101713758,0
1790101714347,1
1790101714347,0
1790101714586,1
1790101714586,0
1790101714789,1
1790101714789,0
1790101715229,1
1790101715230,0
1790101715663,1
1790101715663,0
1790101716206,1
1790101716207,0
1790101716641,1
1790101716641,0
1790101716836,1
1790101716836,0
1790101717173,1
1790101717173,0
1790101717526,1
1790101717527,0
1790101717904,1
1790101717904,0
1790101718289,1
1790101718290,0
1790101718805,1
1790101718806,0
1790101719246,1
1790101719246,0
1790101719672,1
1790101719673,0
1790101720121,1
1790101720122,0
1790101720562,1
1790101720562,0
1790101720789,1
1790101720789,0
1790101721212,1
1790101721213,0
1790101721734,1
1790101721734,0
1790101722145,1
1790101722145,0
1790101722370,1
1790101722371,0
1790101722782,1
1790101722782,0
1790101723161,1
1790101723161,0
1790101723546,1
1790101723546,0
1790101724001,1
1790101724001,0
1790101724423,1
1790101724424,0
1790101724918,1
1790101724919,0
1790101725341,1
1790101725342,0
1790101725789,1
1790101725789,0
1790101726207,1
1790101726207,0
1790101726571,1
1790101726579,0
1790101726807,1
1790101726808,0
1790101727157,0
1790101727158,0
1790101727518,1
1790101727519,0
1790101727856,1
1790101727856,0
1790101728206,0
1790101728206,0
1790101728573,1
1790101728573,0
1790101728947,1
1790101728947,0
1790101729343,0
1790101729343,0
1790101729690,1
1790101729690,0
1790101730069,1
1790101730069,0
1790101730528,0
1790101730529,0
1790101730749,1
1790101730749,0
1790101731125,1
1790101731125,0
1790101731410,0
1790101731410,0
1790101731854,1
1790101731854,0
1790101732083,1
1790101732083,0
1790101732466,0
1790101732467,0
1790101732858,1
1790101732858,0
1790101733409,1
1790101733410,0
1790101733833,0
1790101733833,0
1790101734272,1
1790101734273,0
1790101734709,1
1790101734709,0
1790101735148,0
1790101735148,0
1790101735597,1
1790101735597,0
1790101735956,1
1790101735956,0
1790101736313,0
1790101736314,0
1790101736757,1
1790101736757,0
1790101737203,1
1790101737203,0
1790101737654,0
1790101737655,0
1790101738071,1
1790101738071,0
1790101738445,1
1790101738445,0
1790101738797,0
1790101738797,0
1790101739214,1
1790101739215,0
1790101739623,1
1790101739623,0
1790101740169,0
1790101740170,0
1790101740609,1
1790101740610,0
1790101740836,1
1790101740837,0
1790101741276,0
1790101741276,0
1790101741717,1
1790101741717,0
1790101742075,1
1790101742076,0
1790101742424,0
1790101742425,0
1790101742921,1
1790101742921,0
1790101743139,1
1790101743139,0
1790101743605,0
1790101743605,0
1790101744069,0
1790101744070,0
1790101744289,1
1790101744289,0
1790101744725,0
1790101744725,0
1790101745271,1
1790101745271,0
1790101745500,1
1790101745500,0
1790101745904,0
1790101745904,0
1790101746314,1
1790101746314,0
1790101746693,1
1790101746694,0
1790101747069,1
1790101747070,0
1790101747511,1
1790101747511,0
1790101747739,1
1790101747739,0
1790101748214,0
1790101748215,0
1790101748434,1
1790101748434,0
1790101748711,1
1790101748711,0
1790101749119,0
1790101749120,0
1790101749486,1
1790101749486,0
1790101749918,1
1790101749919,0
1790101750363,1
1790101750364,0
1790101750882,1
1790101750883,0
1790101751331,1
1790101751331,0
1790101751714,0
1790101751715,0
1790101752152,1
1790101752152,0
1790101752602,1
1790101752602,0
1790101752976,0
1790101752976,0
1790101753193,1
1790101753193,0
1790101753517,1
1790101753517,0
1790101753739,0
1790101753739,0
1790101753954,1
1790101753954,0
1790101754158,1
1790101754158,0
1790101754370,0
1790101754371,0
1790101754748,1
1790101754748,0
1790101754962,1
1790101754963,0
1790101755177,0
1790101755177,0
1790101755706,1
1790101755706,0
1790101756154,1
1790101756154,0
1790101756383,0
1790101756383,0
1790101756785,1
1790101756786,0
1790101757205,1
1790101757205,0
1790101757557,0
1790101757557,0
1790101757901,1
1790101757901,0
1790101758250,1
1790101758250,0
1790101758519,0
1790101758519,0
1790101758889,1
1790101758889,0
1790101759280,1
1790101759280,0
1790101759700,1
1790101759700,0
1790101760032,1
1790101760033,0
1790101760418,1
1790101760419,0
1790101760642,1
1790101760642,0
1790101760864,1
1790101760864,0
1790101761416,1
1790101761416,0
1790101761635,0
1790101761635,0
1790101762065,1
1790101762065,0
1790101762474,1
1790101762474,0
1790101762889,0
1790101762890,0
1790101763234,1
1790101763234,0
1790101763685,1
1790101763685,0
1790101764138,0
1790101764138,0
1790101764576,1
1790101764577,0
1790101764990,1
1790101764991,0
1790101765384,1
1790101765384,0
1790101765583,1
1790101765584,0
1790101765782,1
1790101765782,0
1790101765991,1
1790101765991,0
1790101766560,1
1790101766561,0
1790101766972,1
1790101766972,0
1790101767385,0
1790101767386,0
1790101767831,1
1790101767831,0
1790101768119,1
1790101768119,0
1790101768456,0
1790101768456,0
1790101768981,1
1790101768981,0
1790101769365,1
1790101769365,0
1790101769800,0
1790101769800,0
1790101770172,1
1790101770172,0
1790101770610,1
1790101770611,0
1790101771050,0
1790101771050,0
1790101771550,1
1790101771550,0
1790101771962,1
1790101771962,0
1790101772355,0
1790101772356,0
1790101772739,1
1790101772739,0
1790101773183,1
1790101773183,0
1790101773627,1
1790101773629,0
1790101774075,1
1790101774075,0
1790101774421,1
1790101774421,0
1790101774765,1
1790101774766,0
1790101775270,1
1790101775271,0
1790101775629,1
1790101775629,0
1790101775992,0
1790101775993,0
1790101776410,1
1790101776410,0
1790101776819,1
1790101776820,0
1790101777177,0
1790101777177,0
1790101777581,1
1790101777582,0
1790101778039,1
1790101778040,0
1790101778498,0
1790101778498,0
1790101778725,1
1790101778725,0
1790101778922,1
1790101778922,0
1790101779140,1
1790101779140,0
1790101779630,1
1790101779631,0
1790101779991,1
1790101779991,0
1790101780378,0
1790101780379,0
1790101780879,1
1790101780879,0
1790101781223,1
1790101781223,0
1790101781722,0
1790101781723,0
1790101781937,1
1790101781937,0
1790101782349,1
1790101782349,0
1790101782722,0
1790101782722,0
1790101783092,1
1790101783092,0
1790101783423,1
1790101783423,0
1790101783806,0
1790101783806,0
1790101784214,1
1790101784214,0
1790101784554,1
1790101784554,0
1790101784994,0
1790101784994,0
1790101785222,1
1790101785222,0
1790101785696,1
1790101785696,0
1790101786123,0
1790101786123,0
1790101786555,1
1790101786555,0
1790101786911,1
1790101786911,0
1790101787356,0
1790101787356,0
1790101787705,1
1790101787706,0
1790101788061,1
1790101788061,0
1790101788408,0
1790101788409,0
1790101788872,1
1790101788872,0
1790101789093,1
1790101789093,0
1790101789441,1
1790101789442,0
1790101789793,1
1790101789793,0
1790101790144,1
1790101790144,0
1790101790547,0
1790101790547,0
1790101790769,1
1790101790769,0
1790101790974,1
1790101790974,0
1790101791431,0
1790101791431,0
1790101791647,1
1790101791648,0
1790101792085,1
1790101792086,0
1790101792476,0
1790101792476,0
1790101792917,1
1790101792917,0
1790101793300,1
1790101793300,0
1790101793748,0
1790101793748,0
1790101794151,1
1790101794151,0
1790101794554,1
1790101794554,0
1790101794879,0
1790101794880,0
1790101795089,1
1790101795089,0
1790101795309,1
1790101795309,0
1790101795522,0
1790101795522,0
1790101795966,1
1790101795967,0
1790101796467,1
1790101796468,0
1790101796922,0
1790101796922,0
1790101797273,1
1790101797274,0
1790101797711,1
1790101797712,0
1790101798091,0
1790101798091,0
1790101798431,1
1790101798431,0
1790101798774,1
1790101798775,0
1790101799113,0
1790101799113,0
1790101799572,1
1790101799572,0
1790101799889,1
1790101799889,0
1790101800331,0
1790101800332,0
1790101800774,1
1790101800775,0
1790101801216,1
1790101801216,0
1790101801598,0
1790101801599,0
1790101801822,1
1790101801822,0
1790101802285,1
1790101802285,0
1790101802675,0
1790101802676,0
1790101802955,1
1790101802955,0
1790101803289,1
1790101803289,0
1790101803745,1
1790101803745,0
1790101804164,1
1790101804165,0
1790101804639,1
1790101804639,0
1790101804906,0
1790101804906,0
1790101805338,1
1790101805338,0
1790101805555,1
1790101805555,0
1790101805967,0
1790101805967,0
1790101806381,1
1790101806381,0
1790101806608,1
1790101806608,0
1790101806961,0
1790101806961,0
1790101807373,1
1790101807374,0
1790101807806,1
1790101807806,0
1790101808243,0
1790101808243,0
1790101808675,1
1790101808675,0
1790101808905,1
1790101808905,0
1790101809256,0
1790101809256,0
1790101809606,1
1790101809606,0
1790101809797,1
1790101809797,0
1790101810072,0
1790101810072,0
1790101810572,1
1790101810573,0
1790101810984,1
1790101810984,0
1790101811205,0
1790101811206,0
1790101811533,1
1790101811533,0
1790101812035,1
1790101812035,0
1790101812265,0
1790101812265,0
1790101812539,1
1790101812539,0
1790101812981,1
1790101812981,0
1790101813205,0
1790101813205,0
1790101813405,1
1790101813405,0
1790101813809,1
1790101813809,0
1790101814251,0
1790101814251,0
1790101814602,1
1790101814602,0
1790101814927,1
1790101814928,0
1790101815338,0
1790101815338,0
1790101815739,1
1790101815739,0
1790101815955,1
1790101815955,0
1790101816396,1
1790101816396,0
1790101816746,1
1790101816746,0
1790101817031,1
1790101817031,0
1790101817255,0
1790101817255,0
1790101817453,1
1790101817453,0
1790101817926,1
1790101817927,0
1790101818359,0
1790101818359,0
1790101818797,1
1790101818797,0
1790101819210,1
1790101819210,0
1790101819613,1
1790101819614,0
1790101819804,1
1790101819804,0
1790101820205,1
1790101820205,0
1790101820739,0
1790101820740,0
1790101821126,1
1790101821127,0
1790101821537,1
1790101821538,0
1790101821952,0
1790101821952,0
1790101822179,1
1790101822179,0
1790101822455,1
1790101822455,0
1790101822675,0
1790101822675,0
1790101822949,1
1790101822949,0
1790101823355,1
1790101823355,0
1790101823572,0
1790101823572,0
1790101823977,1
1790101823977,0
1790101824200,1
1790101824200,0
1790101824591,1
1790101824591,0
1790101824942,1
1790101824942,0
1790101825325,1
1790101825325,0
1790101825658,0
1790101825658,0
1790101825880,1
1790101825880,0
1790101826314,1
1790101826314,0
1790101826759,0
1790101826759,0
1790101827202,1
1790101827202,0
1790101827430,1
1790101827430,0
1790101827779,0
1790101827779,0
1790101828301,1
1790101828301,0
1790101828522,1
1790101828522,0
1790101828739,0
1790101828739,0
1790101829170,1
1790101829170,0
1790101829583,1
1790101829583,0
1790101829939,0
1790101829939,0
1790101830356,1
1790101830356,0
1790101830874,1
1790101830874,0
1790101831287,0
1790101831288,0
1790101831641,1
1790101831641,0
1790101832055,1
1790101832055,0
1790101832503,0
1790101832503,0
1790101832947,1
1790101832947,0
1790101833289,1
1790101833289,0
1790101833509,0
1790101833509,0
1790101833849,1
1790101833849,0
1790101834284,1
1790101834284,0
1790101834722,0
1790101834722,0
1790101835093,1
1790101835093,0
1790101835499,1
1790101835499,0
1790101835722,0
1790101835722,0
1790101836091,1
1790101836091,0
1790101836464,1
1790101836464,0
1790101837024,0
1790101837024,0
1790101837373,1
1790101837373,0
1790101837748,1
1790101837748,0
1790101838175,1
1790101838175,0
1790101838565,1
1790101838565,0
1790101838940,1
1790101838940,0
1790101839420,0
1790101839420,0
1790101839856,1
1790101839856,0
1790101840352,1
1790101840353,0
1790101840801,0
1790101840801,0
1790101841247,1
1790101841247,0
1790101841472,1
1790101841472,0
1790101842052,0
1790101842052,0
1790101842490,1
1790101842491,0
1790101842711,1
1790101842711,0
1790101843081,0
1790101843082,0
1790101843349,1
1790101843349,0
1790101843789,1
1790101843792,0
1790101844240,0
1790101844240,0
1790101844522,1
1790101844522,0
1790101844909,1
1790101844909,0
1790101845401,1
1790101845401,0
1790101845622,1
1790101845622,0
1790101846048,1
1790101846048,0
1790101846496,0
1790101846496,0
1790101846993,1
1790101846993,0
1790101847502,1
1790101847502,0
1790101847859,0
1790101847859,0
1790101848300,1
1790101848301,0
1790101848739,1
1790101848739,0
1790101849183,0
1790101849183,0
1790101849597,1
1790101849597,0
1790101849913,1
1790101849914,0
1790101850273,0
1790101850273,0
1790101850550,1
1790101850551,0
1790101850888,1
1790101850889,0
1790101851239,0
1790101851239,0
1790101851682,1
1790101851682,0
1790101851901,1
1790101851901,0
1790101852233,1
1790101852234,0
1790101852438,1
1790101852438,0
1790101852773,1
1790101852773,0
1790101853164,0
1790101853164,0
1790101853356,1
1790101853357,0
1790101853696,1
1790101853696,0
1790101854046,0
1790101854047,0
1790101854389,1
1790101854389,0
1790101854788,1
1790101854788,0
1790101855135,0
1790101855136,0
1790101855493,1
1790101855493,0
1790101855908,1
1790101855908,0
1790101856315,0
1790101856315,0
1790101856725,1
1790101856725,0
1790101856941,1
1790101856941,0
1790101857317,0
1790101857318,0
1790101857535,1
1790101857535,0
1790101857969,1
1790101857969,0
1790101858475,0
1790101858476,0
1790101858880,1
1790101858881,0
1790101859264,1
1790101859264,0
1790101859622,0
1790101859622,0
1790101859980,1
1790101859980,0
1790101860357,1
1790101860357,0
1790101860799,0
1790101860800,0
1790101861165,1
1790101861165,0
1790101861592,1
1790101861592,0
1790101861941,0
1790101861941,0
1790101862376,1
1790101862376,0
1790101862812,1
1790101862813,0
1790101863197,0
1790101863197,0
1790101863396,1
1790101863396,0
1790101863736,1
1790101863736,0
1790101864187,1
1790101864187,0
1790101864627,1
1790101864627,0
1790101865074,1
1790101865075,0
1790101865491,0
1790101865492,0
1790101865707,1
1790101865707,0
1790101866147,1
1790101866147,0
1790101866589,1
1790101866589,0
1790101866805,1
1790101866805,0
1790101867005,1
1790101867005,0
1790101867502,0
1790101867503,0
1790101867943,1
1790101867943,0
1790101868417,1
1790101868417,0
1790101868864,1
1790101868865,0
1790101869308,1
1790101869308,0
1790101869738,1
1790101869738,0
1790101870172,0
1790101870173,0
1790101870680,1
1790101870680,0
1790101871042,1
1790101871042,0
1790101871255,0
1790101871255,0
1790101871682,1
1790101871682,0
1790101872127,1
1790101872127,0
1790101872507,0
1790101872508,0
1790101872895,1
1790101872895,0
1790101873355,1
1790101873355,0
1790101873693,0
1790101873693,0
1790101874157,1
1790101874158,0
1790101874513,1
1790101874514,0
1790101874857,0
1790101874857,0
1790101875268,1
1790101875268,0
1790101875683,1
1790101875683,0
1790101876174,0
1790101876174,0
1790101876558,1
1790101876558,0
1790101876976,1
1790101876976,0
1790101877355,0
1790101877355,0
1790101877862,1
1790101877862,0
1790101878269,1
1790101878270,0
1790101878739,0
1790101878739,0
1790101879124,1
1790101879124,0
1790101879527,1
1790101879527,0
1790101879788,0
1790101879788,0
1790101880007,1
1790101880007,0
1790101880414,1
1790101880414,0
1790101880766,0
1790101880766,0
1790101881167,1
1790101881167,0
1790101881612,1
1790101881612,0
1790101881831,0
1790101881832,0
1790101882176,1
1790101882176,0
1790101882584,1
1790101882584,0
1790101883015,0
1790101883015,0
1790101883238,1
1790101883238,0
1790101883787,1
1790101883788,0
1790101884172,0
1790101884172,0
1790101884455,1
1790101884455,0
1790101884674,1
1790101884674,0
1790101885072,0
1790101885073,0
1790101885420,1
1790101885420,0
1790101885891,1
1790101885891,0
1790101886238,0
1790101886239,0
1790101886647,1
1790101886647,0
1790101886996,1
1790101886996,0
1790101887226,0
1790101887226,0
1790101887445,1
1790101887445,0
1790101887886,1
1790101887887,0
1790101888262,0
1790101888262,0
1790101888814,1
1790101888814,0
1790101889227,1
1790101889227,0
1790101889638,1
1790101889638,0
1790101889975,1
1790101889975,0
1790101890193,1
1790101890193,0
1790101890550,0
1790101890550,0
1790101890962,1
1790101890962,0
1790101891437,1
1790101891438,0
1790101891951,0
1790101891952,0
1790101892371,1
1790101892371,0
1790101892747,1
1790101892747,0
1790101892972,0
1790101892972,0
1790101893182,1
1790101893182,0
1790101893387,1
1790101893387,0
1790101893765,0
1790101893765,0
1790101894137,1
1790101894137,0
1790101894419,1
1790101894419,0
1790101894772,0
1790101894772,0
1790101895124,1
1790101895125,0
1790101895505,1
1790101895505,0
1790101895722,0
1790101895722,0
1790101896160,1
1790101896160,0
1790101896568,1
1790101896568,0
1790101897100,0
1790101897100,0
1790101897457,1
1790101897457,0
1790101897902,1
1790101897902,0
1790101898339,0
1790101898340,0
1790101898681,1
1790101898681,0
1790101899155,1
1790101899155,0
1790101899515,1
1790101899515,0
1790101899866,1
1790101899867,0
1790101900371,1
1790101900372,0
1790101900794,0
1790101900794,0
1790101901236,1
1790101901236,0
1790101901455,1
1790101901455,0
1790101901827,0
1790101901827,0
1790101902038,1
1790101902038,0
1790101902255,1
1790101902255,0
1790101902596,0
1790101902596,0
1790101902975,1
1790101902975,0
1790101903338,1
1790101903338,0
1790101903725,0
1790101903725,0
1790101904138,1
1790101904138,0
1790101904480,1
1790101904480,0
1790101904824,0
1790101904824,0
1790101905259,1
1790101905259,0
1790101905670,1
1790101905670,0
1790101906077,0
1790101906077,0
1790101906483,1
1790101906483,0
1790101906920,1
1790101906920,0
1790101907362,0
1790101907362,0
1790101907773,1
1790101907773,0
1790101908292,1
1790101908292,0
1790101908700,0
1790101908700,0
1790101909103,1
1790101909103,0
1790101909509,1
1790101909509,0
1790101909949,0
1790101909949,0
1790101910403,1
1790101910403,0
1790101910752,0
1790101910753,0
1790101911097,0
1790101911098,0
1790101911435,1
1790101911435,0
1790101911879,1
1790101911879,0
1790101912334,1
1790101912334,0
1790101912779,1
1790101912780,0
1790101913194,1
1790101913194,0
1790101913588,0
1790101913588,0
1790101913812,1
1790101913812,0
1790101914338,1
1790101914339,0
1790101914686,0
1790101914686,0
1790101915080,1
1790101915080,0
1790101915425,1
1790101915425,0
1790101915785,0
1790101915785,0
1790101916154,1
1790101916154,0
1790101916370,1
1790101916370,0
1790101916594,1
1790101916594,0
1790101917055,1
1790101917055,0
1790101917496,1
1790101917496,0
1790101917947,0
1790101917947,0
1790101918288,1
1790101918289,0
1790101918505,0
1790101918505,0
1790101918722,0
1790101918722,0
1790101918938,1
1790101918938,0
1790101919336,1
1790101919336,0
1790101919781,1
1790101919782,0
1790101920188,1
1790101920189,0
1790101920536,1
1790101920536,0
1790101920891,0
1790101920891,0
1790101921250,1
1790101921250,0
1790101921682,1
1790101921682,0
1790101922207,0
1790101922208,0
1790101922558,1
1790101922558,0
1790101922905,1
1790101922906,0
1790101923350,0
1790101923350,0
1790101923705,1
1790101923705,0
1790101924134,1
1790101924134,0
1790101924549,1
1790101924549,0
1790101924930,1
1790101924930,0
1790101925455,1
1790101925455,0
1790101925863,0
1790101925864,0
1790101926214,1
1790101926214,0
1790101926552,1
1790101926553,0
1790101927055,0
1790101927055,0
1790101927413,1
1790101927413,0
1790101927819,1
1790101927820,0
1790101928034,0
1790101928034,0
1790101928430,1
1790101928430,0
1790101928863,1
1790101928864,0
1790101929314,0
1790101929315,0
1790101929761,1
1790101929761,0
1790101929976,1
1790101929976,0
1790101930188,0
1790101930188,0
1790101930673,1
1790101930674,0
1790101931020,1
1790101931020,0
1790101931439,0
1790101931439,0
1790101931794,1
1790101931794,0
1790101932263,1
1790101932263,0
1790101932614,0
1790101932615,0
1790101933182,1
1790101933182,0
1790101933575,1
1790101933575,0
1790101933981,0
1790101933982,0
1790101934361,1
1790101934361,0
1790101934550,1
1790101934550,0
1790101934944,0
1790101934945,0
1790101935326,1
1790101935326,0
1790101935705,1
1790101935705,0
1790101936263,0
1790101936263,0
1790101936645,1
1790101936646,0
1790101937056,1
1790101937056,0
1790101937275,0
1790101937275,0
1790101937538,1
1790101937538,0
1790101937961,1
1790101937961,0
1790101938410,0
1790101938410,0
1790101938816,1
1790101938816,0
1790101939169,1
1790101939169,0
1790101939459,0
1790101939460,0
1790101939855,1
1790101939855,0
1790101940071,1
1790101940071,0
1790101940442,0
1790101940443,0
1790101940933,1
1790101940933,0
1790101941376,1
1790101941376,0
1790101941744,0
1790101941745,0
1790101942190,1
1790101942190,0
1790101942542,1
1790101942542,0
1790101942901,0
1790101942901,0
1790101943288,1
1790101943288,0
1790101943713,1
1790101943713,0
1790101944139,0
1790101944139,0
1790101944542,1
1790101944543,0
1790101944870,1
1790101944870,0
1790101945231,1
1790101945232,0
1790101945648,1
1790101945648,0
1790101946103,1
1790101946103,0
1790101946494,0
1790101946494,0
1790101946942,1
1790101946943,0
1790101947392,1
1790101947394,0
1790101947968,0
1790101947968,0
1790101948204,1
1790101948205,0
1790101948625,1
1790101948625,0
1790101949014,0
1790101949014,0
1790101949471,1
1790101949471,0
1790101949921,1
1790101949921,0
1790101950425,0
1790101950425,0
1790101950821,1
1790101950822,0
1790101951159,1
1790101951159,0
1790101951570,0
1790101951570,0
1790101951952,1
1790101951953,0
1790101952354,1
1790101952354,0
1790101952771,0
1790101952771,0
1790101953254,1
1790101953255,0
1790101953653,1
1790101953653,0
1790101954076,0
1790101954076,0
1790101954294,1
1790101954294,0
1790101954713,1
1790101954713,0
1790101955122,0
1790101955122,0
1790101955563,1
1790101955563,0
1790101955972,1
1790101955973,0
1790101956451,0
1790101956451,0
1790101956830,1
1790101956830,0
1790101957055,1
1790101957055,0
1790101957493,0
1790101957493,0
1790101957877,1
1790101957877,0
1790101958321,1
1790101958321,0
1790101958678,0
1790101958679,0
1790101959080,1
1790101959080,0
1790101959370,1
1790101959370,0
1790101959587,0
1790101959588,0
1790101959982,1
1790101959982,0
1790101960390,1
1790101960390,0
1790101960815,0
1790101960815,0
1790101961258,1
1790101961258,0
1790101961689,1
1790101961689,0
1790101962097,0
1790101962097,0
1790101962563,1
1790101962563,0
1790101962924,1
1790101962924,0
1790101963278,0
1790101963278,0
1790101963487,1
1790101963487,0
1790101963937,1
1790101963937,0
1790101964330,0
1790101964331,0
1790101964714,1
1790101964714,0
1790101965067,1
1790101965067,0
1790101965582,0
1790101965582,0
1790101965821,1
1790101965821,0
1790101966248,1
1790101966248,0
1790101966471,0
1790101966471,0
1790101966743,1
1790101966743,0
1790101967192,1
1790101967192,0
1790101967638,0
1790101967638,0
1790101968138,1
1790101968138,0
1790101968546,1
1790101968547,0
1790101969008,0
1790101969009,0
1790101969457,1
1790101969458,0
1790101969846,1
1790101969847,0
1790101970065,0
1790101970065,0
1790101970333,1
1790101970333,0
1790101970752,1
1790101970752,0
1790101971136,0
1790101971137,0
1790101971588,1
1790101971588,0
1790101972046,1
1790101972047,0
1790101972496,0
1790101972496,0
1790101972952,1
1790101972952,0
1790101973338,1
1790101973338,0
1790101973789,0
1790101973789,0
1790101974004,1
1790101974004,0
1790101974451,1
1790101974451,0
1790101974891,0
1790101974892,0
1790101975255,1
1790101975255,0
1790101975624,1
1790101975624,0
1790101975846,0
1790101975846,0
1790101976224,1
1790101976224,0
1790101976652,1
1790101976652,0
1790101976940,0
1790101976940,0
1790101977284,1
1790101977284,0
1790101977734,1
1790101977734,0
1790101978080,0
1790101978081,0
1790101978430,1
1790101978430,0
1790101978771,1
1790101978771,0
1790101979137,0
1790101979137,0
1790101979488,1
1790101979488,0
1790101979913,1
1790101979913,0
1790101980355,0
1790101980355,0
1790101980794,1
1790101980795,0
1790101981158,1
1790101981158,0
1790101981619,0
1790101981619,0
1790101981986,1
1790101981986,0
1790101982432,1
1790101982432,0
1790101982884,0
1790101982884,0
1790101983359,1
1790101983360,0
1790101983703,1
1790101983703,0
1790101984095,0
1790101984095,0
1790101984544,1
1790101984544,0
1790101984983,1
1790101984984,0
1790101985403,0
1790101985403,0
1790101985801,1
1790101985801,0
1790101986263,1
1790101986264,0
1790101986487,0
1790101986487,0
1790101986716,1
1790101986716,0
1790101987117,1
1790101987117,0
1790101987356,0
1790101987356,0
1790101987778,1
1790101987778,0
1790101988126,1
1790101988126,0
1790101988535,0
1790101988535,0
1790101988895,1
1790101988895,0
1790101989122,1
1790101989123,0
1790101989518,0
1790101989519,0
1790101989946,1
1790101989946,0
1790101990352,1
1790101990353,0
1790101990823,0
1790101990823,0
1790101991252,1
1790101991253,0
1790101991652,1
1790101991652,0
1790101992038,0
1790101992038,0
1790101992439,1
1790101992439,0
1790101992871,1
1790101992871,0
1790101993300,1
1790101993300,0
1790101993524,1
1790101993524,0
1790101993741,1
1790101993741,0
1790101994304,0
1790101994305,0
1790101994719,1
1790101994720,0
1790101995063,1
1790101995063,0
1790101995508,0
1790101995508,0
1790101995942,1
1790101995942,0
1790101996312,1
1790101996313,0
1790101996707,0
1790101996707,0
1790101997141,1
1790101997141,0
1790101997590,1
1790101997590,0
1790101997955,0
1790101997955,0
1790101998477,1
1790101998477,0
1790101998696,1
1790101998696,0
1790101998908,0
1790101998908,0
1790101999255,1
1790101999256,0
1790101999603,1
1790101999603,0
1790102000077,0
1790102000077,0
1790102000442,1
1790102000442,0
1790102000821,1
1790102000821,0
1790102001046,0
1790102001046,0
1790102001487,1
1790102001487,0
1790102001931,1
1790102001931,0
1790102002436,0
1790102002437,0
1790102002827,1
1790102002827,0
1790102003188,1
1790102003188,0
1790102003676,0
1790102003676,0
1790102004118,1
1790102004118,0
1790102004561,1
1790102004561,0
1790102004768,0
1790102004769,0
1790102004971,1
1790102004971,0
1790102005532,1
1790102005532,0
1790102005754,0
1790102005754,0
1790102006155,1
1790102006155,0
1790102006587,1
1790102006587,0
1790102006994,0
1790102006994,0
1790102007421,1
1790102007422,0
1790102007905,1
1790102007905,0
1790102008238,0
1790102008238,0
1790102008623,1
1790102008624,0
1790102008915,1
1790102008915,0
1790102009142,0
1790102009142,0
1790102009564,1
1790102009564,0
1790102009774,1
1790102009774,0
1790102009988,0
1790102009988,0
1790102010438,1
1790102010438,0
1790102010900,1
1790102010901,0
1790102011300,0
1790102011300,0
1790102011649,1
1790102011649,0
1790102012002,1
1790102012002,0
1790102012403,0
1790102012403,0
1790102012618,1
1790102012618,0
1790102012832,1
1790102012832,0
1790102013347,0
1790102013347,0
1790102013767,1
1790102013768,0
1790102014191,1
1790102014191,0
1790102014623,0
1790102014623,0
1790102014819,1
1790102014819,0
1790102015175,1
1790102015176,0
1790102015614,0
1790102015614,0
1790102016198,1
1790102016198,0
1790102016619,1
1790102016619,0
1790102016988,0
1790102016988,0
1790102017421,1
1790102017421,0
1790102017823,1
1790102017823,0
1790102018225,1
1790102018225,0
1790102018555,1
1790102018555,0
1790102019101,1
1790102019101,0
1790102019489,1
1790102019490,0
1790102019970,1
1790102019971,0
1790102020204,1
1790102020204,0
1790102020404,0
1790102020404,0
1790102020853,1
1790102020853,0
1790102021296,1
1790102021296,0
1790102021834,0
1790102021835,0
1790102022172,1
1790102022172,0
1790102022571,1
1790102022571,0
1790102022931,1
1790102022931,0
1790102023352,1
1790102023352,0
1790102023795,1
1790102023796,0
1790102024376,0
1790102024376,0
1790102024730,1
1790102024730,0
1790102025059,1
1790102025059,0
1790102025425,0
1790102025425,0
1790102025637,1
1790102025638,0
1790102025990,1
1790102025990,0
1790102026430,0
1790102026430,0
1790102027030,1
1790102027030,0
1790102027434,1
1790102027434,0
1790102027784,0
1790102027784,0
1790102028021,1
1790102028021,0
1790102028434,1
1790102028434,0
1790102028878,0
1790102028878,0
1790102029387,1
1790102029387,0
1790102029602,1
1790102029602,0
1790102029992,0
1790102029992,0
1790102030397,1
1790102030398,0
1790102030634,1
1790102030634,0
1790102031026,0
1790102031026,0
1790102031451,1
1790102031451,0
1790102031841,1
1790102031841,0
1790102032231,0
1790102032232,0
1790102032567,1
1790102032567,0
1790102032771,1
1790102032771,0
1790102033122,0
1790102033122,0
1790102033354,1
1790102033354,0
1790102033571,1
1790102033571,0
1790102033992,0
1790102033992,0
1790102034372,1
1790102034372,0
1790102034742,1
1790102034742,0
1790102035213,0
1790102035214,0
1790102035552,1
1790102035553,0
1790102035911,1
1790102035911,0
1790102036342,0
1790102036342,0
1790102036692,1
1790102036692,0
1790102037030,1
1790102037030,0
1790102037423,0
1790102037423,0
1790102037854,1
1790102037854,0
1790102038363,1
1790102038364,0
1790102038590,0
1790102038590,0
1790102038944,1
1790102038944,0
1790102039154,1
1790102039154,0
1790102039375,1
1790102039375,0
1790102039819,1
1790102039819,0
1790102040248,1
1790102040248,0
1790102040589,0
1790102040589,0
1790102040804,1
1790102040804,0
1790102041087,1
1790102041088,0
1790102041321,0
1790102041321,0
1790102041546,1
1790102041546,0
1790102041934,1
1790102041934,0
1790102042354,0
1790102042354,0
1790102042821,1
1790102042821,0
1790102043187,1
1790102043188,0
1790102043396,1
1790102043396,0
1790102043629,1
1790102043629,0
1790102043860,1
1790102043860,0
1790102044260,0
1790102044260,0
1790102044497,1
1790102044497,0
1790102044994,1
1790102044994,0
1790102045437,0
1790102045437,0
1790102045900,1
1790102045900,0
1790102046338,1
1790102046338,0
1790102046569,1
1790102046569,0
1790102046787,1
1790102046787,0
1790102047194,1
1790102047194,0
1790102047603,0
1790102047604,0
1790102048138,1
1790102048139,0
1790102048486,1
1790102048486,0
1790102048840,0
1790102048841,0
1790102049071,1
1790102049071,0
1790102049526,1
1790102049526,0
1790102049967,0
1790102049968,0
1790102050513,1
1790102050513,0
1790102050969,1
1790102050969,0
1790102051437,0
1790102051438,0
1790102051888,1
1790102051889,0
1790102052346,1
1790102052346,0
1790102052554,0
1790102052554,0
1790102052783,1
1790102052783,0
1790102053324,1
1790102053324,0
1790102053554,0
1790102053554,0
1790102053888,1
1790102053888,0
1790102054350,1
1790102054350,0
1790102054754,0
1790102054754,0
1790102054974,1
1790102054974,0
1790102055500,1
1790102055500,0
1790102055860,0
1790102055861,0
1790102056375,1
1790102056375,0
1790102056771,1
1790102056771,0
1790102057224,0
1790102057225,0
1790102057458,1
1790102057458,0
1790102057688,1
1790102057688,0
1790102058187,1
1790102058188,0
1790102058402,1
1790102058402,0
1790102058773,1
1790102058774,0
1790102059160,0
1790102059160,0
1790102059637,1
1790102059637,0
1790102059958,1
1790102059958,0
1790102060379,0
1790102060380,0
1790102060812,1
1790102060812,0
1790102061271,1
1790102061271,0
1790102061726,0
1790102061726,0
1790102062089,1
1790102062089,0
1790102062510,1
1790102062511,0
1790102062857,0
1790102062857,0
1790102063196,1
1790102063196,0
1790102063521,1
1790102063521,0
1790102063880,0
1790102063880,0
1790102064300,1
1790102064300,0
1790102064646,1
1790102064646,0
1790102065098,0
1790102065098,0
1790102065491,1
1790102065491,0
1790102065963,1
1790102065963,0
1790102066421,0
1790102066421,0
1790102066776,1
1790102066776,0
1790102067071,1
1790102067071,0
1790102067425,0
1790102067425,0
1790102067794,1
1790102067794,0
1790102068205,1
1790102068205,0
1790102068597,0
1790102068597,0
1790102069081,1
1790102069081,0
1790102069465,1
1790102069465,0
1790102069853,1
1790102069853,0
1790102070234,1
1790102070234,0
1790102070658,1
1790102070658,0
1790102070881,0
1790102070881,0
1790102071096,1
1790102071096,0
1790102071387,1
1790102071387,0
1790102071769,0
1790102071769,0
1790102072254,1
1790102072254,0
1790102072696,1
1790102072697,0
1790102073109,0
1790102073109,0
1790102073466,1
1790102073466,0
1790102073819,1
1790102073819,0
1790102074379,0
1790102074379,0
1790102074756,1
1790102074756,0
1790102075189,1
1790102075189,0
1790102075600,0
1790102075600,0
1790102076014,1
1790102076014,0
1790102076395,1
1790102076396,0
1790102076834,0
1790102076834,0
1790102077195,1
1790102077195,0
1790102077554,1
1790102077554,0
1790102077904,0
1790102077904,0
1790102078262,1
1790102078262,0
1790102078462,1
1790102078462,0
1790102078686,0
1790102078686,0
1790102079057,1
1790102079057,0
1790102079495,1
1790102079495,0
1790102079782,0
1790102079782,0
1790102080179,1
1790102080179,0
1790102080584,1
1790102080584,0
1790102081031,0
1790102081031,0
1790102081425,1
1790102081425,0
1790102081819,1
1790102081820,0
1790102082203,0
1790102082203,0
1790102082646,1
1790102082646,0
1790102082997,1
1790102082998,0
1790102083354,0
1790102083354,0
1790102083742,1
1790102083742,0
1790102084140,1
1790102084140,0
1790102084532,0
1790102084533,0
1790102084879,1
1790102084879,0
1790102085242,1
1790102085242,0
1790102085780,0
1790102085780,0
1790102086004,1
1790102086004,0
1790102086419,1
1790102086419,0
1790102086801,0
1790102086802,0
1790102087175,1
1790102087175,0
1790102087387,1
1790102087387,0
1790102087833,0
1790102087834,0
1790102088189,1
1790102088189,0
1790102088585,1
1790102088585,0
1790102088987,0
1790102088988,0
1790102089212,1
1790102089213,0
1790102089558,1
1790102089558,0
1790102089917,0
1790102089917,0
1790102090281,1
1790102090281,0
1790102090796,1
1790102090796,0
1790102091252,0
1790102091252,0
1790102091470,1
1790102091471,0
1790102091850,1
1790102091850,0
1790102092369,0
1790102092369,0
1790102092720,1
1790102092721,0
1790102093191,1
1790102093191,0
1790102093582,1
1790102093582,0
1790102093954,1
1790102093955,0
1790102094319,1
1790102094319,0
1790102094733,0
1790102094733,0
1790102094949,1
1790102094949,0
1790102095337,1
1790102095338,0
1790102095737,0
1790102095738,0
1790102096237,1
1790102096238,0
1790102096569,1
1790102096569,0
1790102096923,0
1790102096924,0
1790102097320,1
1790102097320,0
1790102097737,1
1790102097737,0
1790102098123,0
1790102098123,0
1790102098544,1
1790102098544,0
1790102098954,1
1790102098954,0
1790102099439,0
1790102099439,0
1790102099670,1
1790102099670,0
1790102099864,1
1790102099864,0
1790102100222,0
1790102100222,0
1790102100576,1
1790102100577,0
1790102100987,1
1790102100987,0
1790102101206,0
1790102101206,0
1790102101587,1
1790102101587,0
1790102102044,1
1790102102044,0
1790102102428,0
1790102102428,0
1790102102859,1
1790102102859,0
1790102103299,1
1790102103300,0
1790102103687,0
1790102103688,0
1790102104088,1
1790102104089,0
1790102104568,1
1790102104568,0
1790102105008,0
1790102105008,0
1790102105436,1
1790102105436,0
1790102105830,1
1790102105830,0
1790102106188,0
1790102106188,0
1790102106550,1
1790102106550,0
1790102106905,1
1790102106905,0
1790102107287,0
1790102107288,0
1790102107728,1
1790102107728,0
1790102108185,1
1790102108185,0
1790102108533,0
1790102108534,0
1790102108946,1
1790102108947,0
1790102109172,1
1790102109172,0
1790102109609,0
1790102109609,0
1790102109939,1
1790102109939,0
1790102110285,1
1790102110286,0
1790102110778,1
1790102110778,0
1790102111171,1
1790102111172,0
1790102111670,1
1790102111670,0
1790102112040,0
1790102112040,0
1790102112254,1
1790102112255,0
1790102112689,1
1790102112689,0
1790102113132,1
1790102113132,0
1790102113692,1
1790102113692,0
1790102114059,1
1790102114060,0
1790102114295,0
1790102114295,0
1790102114702,1
1790102114702,0
1790102114970,1
1790102114970,0
1790102115422,0
1790102115422,0
1790102115860,1
1790102115861,0
1790102116154,1
1790102116154,0
1790102116563,0
1790102116563,0
1790102116960,1
1790102116960,0
1790102117354,1
1790102117354,0
1790102117587,0
1790102117587,0
1790102117991,1
1790102117992,0
1790102118387,1
1790102118387,0
1790102118871,0
1790102118871,0
1790102119313,1
1790102119314,0
1790102119691,1
1790102119691,0
1790102120052,0
1790102120052,0
1790102120450,1
1790102120450,0
1790102120956,1
1790102120957,0
1790102121349,1
1790102121349,0
1790102121744,1
1790102121745,0
1790102122170,1
1790102122171,0
1790102122602,0
1790102122602,0
1790102123012,1
1790102123012,0
1790102123370,1
1790102123370,0
1790102123773,0
1790102123773,0
1790102124127,1
1790102124127,0
1790102124354,1
1790102124354,0
1790102124579,0
1790102124580,0
1790102125037,1
1790102125037,0
1790102125270,1
1790102125270,0
1790102125487,0
1790102125487,0
1790102125913,1
1790102125913,0
1790102126408,1
1790102126409,0
1790102126862,0
1790102126863,0
1790102127214,1
1790102127215,0
1790102127437,1
1790102127437,0
1790102127825,0
1790102127826,0
1790102128249,1
1790102128249,0
1790102128635,1
1790102128636,0
1790102129081,0
1790102129081,0
1790102129509,1
1790102129509,0
1790102130021,1
1790102130021,0
1790102130416,0
1790102130417,0
1790102130838,1
1790102130838,0
1790102131195,1
1790102131195,0
1790102131560,0
1790102131560,0
1790102131971,1
1790102131971,0
1790102132337,1
1790102132337,0
1790102132746,0
1790102132746,0
1790102133112,1
1790102133112,0
1790102133520,1
1790102133521,0
1790102133931,0
1790102133931,0
1790102134323,1
1790102134323,0
1790102134754,1
1790102134754,0
1790102135087,0
1790102135088,0
1790102135462,1
1790102135463,0
1790102135837,1
1790102135837,0
1790102136387,0
1790102136387,0
1790102136816,1
1790102136816,0
1790102137187,1
1790102137189,0
1790102137592,1
1790102137593,0
1790102137987,1
1790102137988,0
1790102138387,1
1790102138387,0
1790102138612,0
1790102138612,0
1790102138881,1
1790102138882,0
1790102139278,1
1790102139278,0
1790102139624,0
1790102139624,0
1790102140025,1
1790102140025,0
1790102140429,1
1790102140429,0
1790102140794,0
1790102140794,0
1790102141192,1
1790102141192,0
1790102141643,1
1790102141643,0
1790102142161,0
1790102142162,0
1790102142370,1
1790102142371,0
1790102142746,1
1790102142747,0
1790102143185,0
1790102143185,0
1790102143662,1
1790102143662,0
1790102144106,1
1790102144106,0
1790102144552,0
1790102144552,0
1790102145037,1
1790102145037,0
1790102145388,1
1790102145388,0
1790102145742,0
1790102145742,0
1790102146102,1
1790102146102,0
1790102146516,1
1790102146516,0
1790102146949,0
1790102146950,0
1790102147354,1
1790102147354,0
1790102147753,1
1790102147754,0
1790102148320,0
1790102148320,0
1790102148687,1
1790102148687,0
1790102149139,1
1790102149139,0
1790102149594,0
1790102149594,0
1790102150022,1
1790102150022,0
1790102150469,1
1790102150470,0
1790102150696,0
1790102150696,0
1790102151150,1
1790102151150,0
1790102151512,1
1790102151512,0
1790102151859,0
1790102151859,0
1790102152229,1
1790102152229,0
1790102152463,1
1790102152464,0
1790102152813,0
1790102152813,0
1790102153149,1
1790102153149,0
1790102153504,1
1790102153505,0
1790102154060,0
1790102154061,0
1790102154504,1
1790102154504,0
1790102154877,1
1790102154877,0
1790102155098,0
1790102155098,0
1790102155320,1
1790102155320,0
1790102155713,1
1790102155713,0
1790102156099,0
1790102156099,0
1790102156453,1
1790102156454,0
1790102156850,1
1790102156850,0
1790102157120,0
1790102157120,0
1790102157508,1
1790102157508,0
1790102157870,1
1790102157870,0
1790102158227,0
1790102158227,0
1790102158570,1
1790102158571,0
1790102159054,1
1790102159054,0
1790102159496,0
1790102159496,0
1790102159853,1
1790102159854,0
1790102160294,1
1790102160294,0
1790102160726,0
1790102160727,0
1790102161123,1
1790102161123,0
1790102161491,1
1790102161491,0
1790102161840,0
1790102161840,0
1790102162120,1
1790102162120,0
1790102162337,1
1790102162337,0
1790102162551,0
1790102162551,0
1790102162904,1
1790102162904,0
1790102163268,1
1790102163268,0
1790102163589,0
1790102163589,0
1790102164016,1
1790102164016,0
1790102164418,1
1790102164418,0
1790102164762,0
1790102164762,0
1790102164962,1
1790102164962,0
1790102165330,1
1790102165330,0
1790102165713,0
1790102165713,0
1790102166087,1
1790102166087,0
1790102166539,1
1790102166539,0
1790102166925,0
1790102166925,0
1790102167349,1
1790102167349,0
1790102167744,1
1790102167744,0
1790102168195,0
1790102168195,0
1790102168593,1
1790102168593,0
1790102168923,1
1790102168923,0
1790102169312,0
1790102169312,0
1790102169642,1
1790102169642,0
1790102170018,1
1790102170019,0
1790102170470,0
1790102170471,0
1790102170890,1
1790102170890,0
1790102171238,1
1790102171238,0
1790102171678,0
1790102171678,0
1790102172104,1
1790102172104,0
1790102172447,1
1790102172447,0
1790102172800,0
1790102172800,0
1790102173311,1
1790102173311,0
1790102173746,1
1790102173746,0
1790102174156,0
1790102174156,0
1790102174539,1
1790102174539,0
1790102174973,1
1790102174973,0
1790102175431,0
1790102175431,0
1790102175891,1
1790102175891,0
1790102176466,1
1790102176467,0
1790102176701,1
1790102176701,0
1790102177122,1
1790102177123,0
1790102177566,1
1790102177566,0
1790102178070,0
1790102178070,0
1790102178292,1
1790102178292,0
1790102178732,1
1790102178732,0
1790102179102,0
1790102179102,0
1790102179375,1
1790102179375,0
1790102179803,1
1790102179803,0
1790102180229,0
1790102180229,0
1790102180581,1
1790102180581,0
1790102181202,1
1790102181202,0
1790102181637,0
1790102181637,0
1790102182008,1
1790102182008,0
1790102182358,1
1790102182358,0
1790102182805,0
1790102182805,0
1790102183214,1
1790102183214,0
1790102183653,1
1790102183653,0
1790102184056,0
1790102184056,0
1790102184496,1
1790102184496,0
1790102184937,1
1790102184937,0
1790102185337,0
1790102185338,0
1790102185553,1
1790102185553,0
1790102186126,1
1790102186126,0
1790102186533,0
1790102186533,0
1790102186945,1
1790102186946,0
1790102187387,1
1790102187387,0
1790102187861,0
1790102187861,0
1790102188229,1
1790102188229,0
1790102188733,1
1790102188733,0
1790102188960,0
1790102188960,0
1790102189447,1
1790102189447,0
1790102189669,1
1790102189669,0
1790102190080,0
1790102190080,0
1790102190510,1
1790102190511,0
1790102191118,1
1790102191118,0
1790102191555,0
1790102191556,0
1790102191769,1
1790102191769,0
1790102192160,1
1790102192160,0
1790102192595,0
1790102192596,0
1790102192970,1
1790102192970,0
1790102193460,1
1790102193460,0
1790102193687,0
1790102193687,0
1790102194107,1
1790102194107,0
1790102194508,1
1790102194509,0
1790102194735,0
1790102194735,0
1790102194936,1
1790102194936,0
1790102195323,1
1790102195324,0
1790102195732,0
1790102195732,0
1790102196104,1
1790102196105,0
1790102196328,1
1790102196329,0
1790102196738,0
1790102196739,0
1790102197184,0
1790102197184,0
1790102197655,1
1790102197655,0
1790102198009,0
1790102198009,0
1790102198403,1
1790102198403,0
1790102198811,1
1790102198812,0
1790102199156,0
1790102199156,0
1790102199496,1
1790102199496,0
1790102199880,1
1790102199880,0
1790102200316,0
1790102200317,0
1790102200720,1
1790102200720,0
1790102201087,1
1790102201087,0
1790102201500,0
1790102201500,0
1790102201907,1
1790102201907,0
1790102202437,1
1790102202437,0
1790102202845,0
1790102202846,0
1790102203281,1
1790102203281,0
1790102203474,1
1790102203475,0
1790102203817,0
1790102203818,0
1790102204033,1
1790102204033,0
1790102204550,1
1790102204550,0
1790102204927,0
1790102204927,0
1790102205138,1
1790102205138,0
1790102205503,1
1790102205504,0
1790102205920,0
1790102205920,0
1790102206329,1
1790102206329,0
1790102206820,1
1790102206820,0
1790102207270,0
1790102207270,0
1790102207753,1
1790102207754,0
1790102207970,1
1790102207970,0
1790102208370,0
1790102208370,0
1790102208583,1
1790102208584,0
1790102209147,1
1790102209148,0
1790102209528,0
1790102209528,0
1790102209745,1
1790102209745,0
1790102210153,1
1790102210153,0
1790102210570,0
1790102210570,0
1790102211016,1
1790102211016,0
1790102211359,1
1790102211360,0
1790102211807,0
1790102211807,0
1790102212269,1
1790102212269,0
1790102212620,1
1790102212620,0
1790102213033,0
1790102213033,0
1790102213246,1
1790102213247,0
1790102213835,1
1790102213835,0
1790102214185,0
1790102214185,0
1790102214540,1
1790102214540,0
1790102214754,1
1790102214754,0
1790102215153,0
1790102215153,0
1790102215505,1
1790102215505,0
1790102216064,1
1790102216065,0
1790102216285,0
1790102216285,0
1790102216553,1
1790102216553,0
1790102216947,1
1790102216947,0
1790102217384,0
1790102217385,0
1790102217606,1
1790102217607,0
1790102218183,1
1790102218183,0
1790102218538,0
1790102218538,0
1790102218915,1
1790102218915,0
1790102219253,1
1790102219254,0
1790102219686,0
1790102219686,0
1790102219880,1
1790102219880,0
1790102220336,1
1790102220337,0
1790102220720,0
1790102220720,0
1790102221211,1
1790102221211,0
1790102221424,1
1790102221424,0
1790102221846,0
1790102221847,0
1790102222193,1
1790102222193,0
1790102222794,1
1790102222794,0
1790102223239,0
1790102223239,0
1790102223666,1
1790102223666,0
1790102224053,1
1790102224053,0
1790102224496,0
1790102224496,0
1790102224870,1
1790102224870,0
1790102225188,1
1790102225188,0
1790102225572,0
1790102225573,0
1790102225985,1
1790102225985,0
1790102226362,1
1790102226362,0
1790102226769,0
1790102226769,0
1790102226994,1
1790102226994,0
1790102227520,1
1790102227520,0
1790102227874,0
1790102227875,0
1790102228262,1
1790102228262,0
1790102228453,1
1790102228453,0
1790102228936,0
1790102228936,0
1790102229355,1
1790102229355,0
1790102229917,1
1790102229917,0
1790102230139,0
1790102230139,0
1790102230403,1
1790102230403,0
1790102230747,1
1790102230747,0
1790102230971,0
1790102230971,0
1790102231341,1
1790102231341,0
1790102231895,1
1790102231895,0
1790102232277,0
1790102232277,0
1790102232685,1
1790102232685,0
1790102233096,1
1790102233096,0
1790102233495,0
1790102233495,0
1790102233862,1
1790102233862,0
1790102234386,1
1790102234386,0
1790102234797,0
1790102234797,0
1790102235284,1
1790102235284,0
1790102235658,1
1790102235658,0
1790102236010,0
1790102236010,0
1790102236361,1
1790102236362,0
1790102236912,1
1790102236912,0
1790102237354,0
1790102237354,0
1790102237732,1
1790102237733,0
1790102238099,1
1790102238099,0
1790102238603,0
1790102238604,0
1790102238819,1
1790102238819,0
1790102239296,1
1790102239297,0
1790102239744,0
1790102239744,0
1790102240003,1
1790102240003,0
1790102240220,1
1790102240220,0
1790102240589,0
1790102240589,0
1790102240970,1
1790102240970,0
1790102241582,1
1790102241583,0
1790102241940,0
1790102241940,0
1790102242383,1
1790102242383,0
1790102242750,1
1790102242750,0
1790102243188,0
1790102243189,0
1790102243533,1
1790102243533,0
1790102244056,1
1790102244056,0
1790102244275,0
1790102244275,0
1790102244703,1
1790102244703,0
1790102245070,1
1790102245070,0
1790102245512,0
1790102245512,0
1790102245911,1
1790102245911,0
1790102246466,1
1790102246466,0
1790102246883,0
1790102246883,0
1790102247262,1
1790102247262,0
1790102247633,1
1790102247634,0
1790102248106,0
1790102248106,0
1790102248545,1
1790102248546,0
1790102249091,1
1790102249092,0
1790102249437,0
1790102249437,0
1790102249906,1
1790102249906,0
1790102250311,1
1790102250311,0
1790102250721,0
1790102250722,0
1790102250937,1
1790102250938,0
1790102251450,1
1790102251450,0
1790102251810,0
1790102251810,0
1790102252243,1
1790102252243,0
1790102252592,1
1790102252592,0
1790102252995,0
1790102252995,0
1790102253437,1
1790102253437,0
1790102253779,1
1790102253779,0
1790102254130,0
1790102254130,0
1790102254619,1
1790102254620,0
1790102254830,1
1790102254830,0
1790102255169,0
1790102255169,0
1790102255603,1
1790102255603,0
1790102256175,1
1790102256175,0
1790102256583,0
1790102256583,0
1790102256923,1
1790102256923,0
1790102257142,1
1790102257142,0
1790102257551,0
1790102257551,0
1790102257900,1
1790102257900,0
1790102258453,1
1790102258453,0
1790102258810,0
1790102258810,0
1790102259268,1
1790102259269,0
1790102259711,1
1790102259711,0
1790102260072,0
1790102260072,0
1790102260416,1
1790102260416,0
1790102260945,1
1790102260945,0
1790102261278,0
1790102261278,0
1790102261619,1
1790102261620,0
1790102262066,1
1790102262066,0
1790102262509,0
1790102262509,0
1790102262853,1
1790102262853,0
1790102263403,1
1790102263403,0
1790102263772,0
1790102263772,0
1790102264049,1
1790102264049,0
1790102264413,1
1790102264413,0
1790102264825,0
1790102264825,0
1790102265153,1
1790102265153,0
1790102265542,1
1790102265542,0
1790102265893,0
1790102265893,0
1790102266111,1
1790102266111,0
1790102266457,1
1790102266458,0
1790102266897,0
1790102266897,0
1790102267278,1
1790102267278,0
1790102267803,1
1790102267803,0
1790102268214,0
1790102268214,0
1790102268486,1
1790102268486,0
1790102268853,1
1790102268853,0
1790102269231,0
1790102269231,0
1790102269661,1
1790102269661,0
1790102270182,1
1790102270182,0
1790102270621,0
1790102270621,0
1790102271027,1
1790102271027,0
1790102271441,1
1790102271441,0
1790102271940,0
1790102271940,0
1790102272317,1
1790102272317,0
1790102272785,1
1790102272786,0
1790102273199,0
1790102273199,0
1790102273657,1
1790102273657,0
1790102274053,1
1790102274053,0
1790102274436,0
1790102274437,0
1790102274847,1
1790102274847,0
1790102275427,1
1790102275427,0
1790102275860,0
1790102275860,0
1790102276069,1
1790102276070,0
1790102276284,1
1790102276284,0
1790102276727,1
1790102276728,0
1790102277065,1
1790102277066,0
1790102277626,1
1790102277626,0
1790102278005,0
1790102278005,0
1790102278279,1
1790102278279,0
1790102278471,1
1790102278472,0
1790102278876,0
1790102278876,0
1790102279223,1
1790102279223,0
1790102279826,1
1790102279827,0
1790102280234,0
1790102280234,0
1790102280579,1
1790102280579,0
1790102280794,1
1790102280794,0
1790102281245,0
1790102281246,0
1790102281592,1
1790102281592,0
1790102282145,1
1790102282145,0
1790102282522,0
1790102282523,0
1790102282919,1
1790102282920,0
1790102283268,1
1790102283268,0
1790102283670,0
1790102283670,0
1790102284114,1
1790102284114,0
1790102284695,1
1790102284696,0
1790102285105,0
1790102285106,0
1790102285505,1
1790102285505,0
1790102285913,1
1790102285913,0
1790102286389,0
1790102286390,0
1790102286826,1
1790102286826,0
1790102287303,1
1790102287303,0
1790102287692,0
1790102287693,0
1790102288119,1
1790102288119,0
1790102288313,1
1790102288313,0
1790102288506,0
1790102288506,0
1790102288938,1
1790102288938,0
1790102289557,1
1790102289558,0
1790102290008,0
1790102290008,0
1790102290382,1
1790102290383,0
1790102290789,1
1790102290789,0
1790102291071,0
1790102291071,0
1790102291460,1
1790102291460,0
1790102292010,1
1790102292010,0
1790102292236,0
1790102292236,0
1790102292721,1
1790102292721,0
1790102293091,1
1790102293091,0
1790102293303,0
1790102293303,0
1790102293693,1
1790102293693,0
1790102294090,1
1790102294090,0
1790102294448,0
1790102294449,0
1790102294853,1
1790102294854,0
1790102295274,1
1790102295274,0
1790102295548,0
1790102295548,0
1790102295972,1
1790102295972,0
1790102296302,1
1790102296302,0
1790102296713,0
1790102296713,0
1790102297203,1
1790102297203,0
1790102297622,1
1790102297622,0
1790102297999,0
1790102297999,0
1790102298224,1
1790102298224,0
1790102298795,1
1790102298795,0
1790102299019,0
1790102299019,0
1790102299359,1
1790102299359,0
1790102299701,1
1790102299701,0
1790102300089,0
1790102300089,0
1790102300525,1
1790102300525,0
1790102300865,1
1790102300865,0
1790102301277,0
1790102301277,0
1790102301545,1
1790102301545,0
1790102301911,1
1790102301912,0
1790102302272,0
1790102302272,0
1790102302712,1
1790102302712,0
1790102303286,1
1790102303286,0
1790102303495,0
1790102303495,0
1790102303859,1
1790102303860,0
1790102304069,1
1790102304069,0
1790102304566,0
1790102304566,0
1790102304974,1
1790102304974,0
1790102305468,1
1790102305469,0
1790102305820,0
1790102305820,0
1790102306290,1
1790102306290,0
1790102306641,1
1790102306641,0
1790102307093,0
1790102307093,0
1790102307533,1
1790102307533,0
1790102307928,1
1790102307929,0
1790102308343,0
1790102308343,0
1790102308755,1
1790102308756,0
1790102309153,1
1790102309153,0
1790102309648,0
1790102309648,0
1790102310081,1
1790102310081,0
1790102310578,1
1790102310578,0
1790102310962,0
1790102310962,0
1790102311361,1
1790102311361,0
1790102311715,1
1790102311715,0
1790102312165,0
1790102312166,0
1790102312576,1
1790102312576,0
1790102313076,1
1790102313077,0
1790102313519,0
1790102313519,0
1790102313850,1
1790102313850,0
1790102314187,1
1790102314188,0
1790102314620,0
1790102314620,0
1790102314973,1
1790102314974,0
1790102315545,1
1790102315546,0
1790102315938,0
1790102315938,0
1790102316405,1
1790102316405,0
1790102316816,1
1790102316816,0
1790102317230,0
1790102317230,0
1790102317661,1
1790102317661,0
1790102318056,1
1790102318056,0
1790102318272,0
1790102318272,0
1790102318620,1
1790102318620,0
1790102318835,0
1790102318836,0
1790102319242,0
1790102319243,0
1790102319679,1
1790102319680,0
1790102320215,1
1790102320216,0
1790102320660,0
1790102320660,0
1790102321081,1
1790102321081,0
1790102321510,1
1790102321510,0
1790102321736,0
1790102321736,0
1790102322142,1
1790102322142,0
1790102322741,1
1790102322741,0
1790102323182,0
1790102323182,0
1790102323405,1
1790102323405,0
1790102323729,1
1790102323729,0
1790102323989,0
1790102323989,0
1790102324404,1
1790102324404,0
1790102324949,1
1790102324950,0
1790102325299,0
1790102325299,0
1790102325794,1
1790102325794,0
1790102326171,1
1790102326171,0
1790102326386,0
1790102326386,0
1790102326725,1
1790102326725,0
1790102327117,1
1790102327118,0
1790102327565,0
1790102327566,0
1790102327915,1
1790102327915,0
1790102328323,1
1790102328323,0
1790102328712,0
1790102328712,0
1790102329088,1
1790102329088,0
1790102329608,1
1790102329608,0
1790102330020,1
1790102330022,0
1790102330286,1
1790102330286,0
1790102330724,1
1790102330724,0
1790102331103,0
1790102331103,0
1790102331322,1
1790102331322,0
1790102331916,1
1790102331916,0
1790102332319,0
1790102332319,0
1790102332661,1
1790102332661,0
1790102333035,1
1790102333035,0
1790102333470,0
1790102333470,0
1790102333677,1
1790102333677,0
1790102334236,1
1790102334236,0
1790102334667,0
1790102334667,0
1790102334928,1
1790102334928,0
1790102335320,1
1790102335320,0
1790102335728,0
1790102335728,0
1790102336097,1
1790102336098,0
1790102336702,0
1790102336703,0
1790102337086,0
1790102337086,0
1790102337498,1
1790102337498,0
1790102337940,1
1790102337940,0
1790102338402,0
1790102338402,0
1790102338760,1
1790102338761,0
1790102339275,1
1790102339275,0
1790102339680,0
1790102339680,0
1790102340153,1
1790102340153,0
1790102340586,1
1790102340586,0
1790102341026,0
1790102341026,0
1790102341465,1
1790102341465,0
1790102342075,1
1790102342075,0
1790102342425,0
1790102342426,0
1790102342832,1
1790102342832,0
1790102343265,1
1790102343265,0
1790102343538,0
1790102343538,0
1790102343938,1
1790102343938,0
1790102344268,1
1790102344268,0
1790102344625,0
1790102344626,0
1790102344902,1
1790102344902,0
1790102345269,1
1790102345269,0
1790102345678,0
1790102345678,0
1790102346051,1
1790102346051,0
1790102346640,1
1790102346640,0
1790102346852,0
1790102346852,0
1790102347251,1
1790102347251,0
1790102347602,1
1790102347603,0
1790102348044,0
1790102348045,0
1790102348469,1
1790102348469,0
1790102348961,1
1790102348961,0
1790102349341,0
1790102349341,0
1790102349772,1
1790102349772,0
1790102350186,1
1790102350186,0
1790102350607,0
1790102350607,0
1790102350953,1
1790102350953,0
1790102351474,1
1790102351474,0
1790102351846,0
1790102351846,0
1790102352186,1
1790102352186,0
1790102352567,1
1790102352568,0
1790102353068,0
1790102353068,0
1790102353286,1
1790102353286,0
1790102353765,1
1790102353765,0
1790102354185,0
1790102354185,0
1790102354659,1
1790102354659,0
1790102355024,1
1790102355024,0
1790102355240,0
1790102355241,0
1790102355668,1
1790102355668,0
1790102356173,1
1790102356174,0
1790102356386,0
1790102356386,0
1790102356753,1
1790102356753,0
1790102357123,1
1790102357124,0
1790102357412,0
1790102357412,0
1790102357840,1
1790102357840,0
1790102358368,1
1790102358368,0
1790102358569,0
1790102358569,0
1790102358967,1
1790102358968,0
1790102359337,1
1790102359338,0
1790102359778,0
1790102359778,0
1790102360190,1
1790102360190,0
1790102360700,1
1790102360700,0
1790102361104,0
1790102361105,0
1790102361487,1
1790102361488,0
1790102361893,1
1790102361893,0
1790102362360,0
1790102362360,0
1790102362572,1
1790102362572,0
1790102363096,1
1790102363096,0
1790102363544,0
1790102363544,0
1790102363962,1
1790102363962,0
1790102364369,1
1790102364370,0
1790102364728,0
1790102364728,0
1790102365037,1
1790102365037,0
1790102365587,1
1790102365587,0
1790102365968,0
1790102365969,0
1790102366186,1
1790102366187,0
1790102366395,1
1790102366395,0
1790102366892,0
1790102366892,0
1790102367273,1
1790102367274,0
1790102367602,1
1790102367602,0
1790102367949,0
1790102367949,0
1790102368357,1
1790102368357,0
1790102368752,1
1790102368752,0
1790102368974,0
1790102368974,0
1790102369322,1
1790102369323,0
1790102369852,1
1790102369852,0
1790102370069,0
1790102370069,0
1790102370399,1
1790102370399,0
1790102370811,1
1790102370811,0
1790102371319,0
1790102371320,0
1790102371755,1
1790102371755,0
1790102372086,1
1790102372086,0
1790102372499,0
1790102372500,0
