1790180107136,1
1790180107141,0
1790180107157,1
1790180107330,2
1790180107390,1
1790180107391,0
1790180107677,1
1790180107677,0
1790180108195,1
1790180108195,0
1790180108266,1
1790180108266,0
1790180112133,1
1790180112134,0
1790180112583,1
1790180112583,0
1790180112651,1
1790180112673,0
1790180113294,1
1790180113294,0
1790180113346,1
1790180113369,0
1790180113463,1
1790180113464,0
1790180113512,1
1790180113513,0
1790180113577,1
1790180113578,0
1790180114370,1
1790180114370,0
1790180114440,1
1790180114440,0
1790180116134,1
1790180116134,0
1790180116586,1
1790180116586,0
1790180116648,1
1790180116648,0
1790180120416,1
1790180120417,0
1790180126364,1
1790180126364,0
1790180126827,1
1790180126827,0
1790180126887,1
1790180126887,0
1790180127875,1
1790180127875,0
1790180128587,1
1790180128589,0
1790180128821,1
1790180128821,0
1790180128876,1
1790180128883,0
1790180128934,1
1790180128934,0
1790180129712,1
1790180129712,0
1790180129770,1
1790180129775,0
1790180130234,1
1790180130234,0
1790180130751,1
1790180130754,0
1790180130803,1
1790180130828,0
1790180130860,1
1790180130877,0
1790180132644,1
1790180132644,0
1790180132704,1
1790180132704,0
1790180132764,1
1790180132764,0
1790180132894,1
1790180132894,0
1790180133364,1
1790180133364,0
1790180133424,1
1790180133424,0
1790180133486,1
1790180133486,0
1790180133606,1
1790180133607,0
1790180135434,1
1790180135435,0
1790180135490,1
1790180135509,0
1790180135543,1
1790180135543,0
1790180137448,1
1790180137448,0
1790180137507,1
1790180137508,0
1790180141689,1
1790180141690,0
1790180143599,1
1790180143601,0
1790180144245,1
1790180144245,0
1790180144295,1
1790180144299,0
1790180144344,1
1790180144344,0
1790180146838,1
1790180146838,0
1790180148270,1
1790180148270,0
1790180149907,1
1790180149907,0
1790180149968,1
1790180149981,0
1790180150184,1
1790180150185,0
1790180150251,1
1790180150251,0
1790180150310,1
1790180150310,0
1790180151129,1
1790180151130,0
1790180151690,1
1790180151691,0
1790180151735,1
1790180151739,0
1790180153325,1
1790180153325,0
1790180153384,1
1790180153384,0
1790180153505,1
1790180153505,0
1790180153559,1
1790180153559,0
1790180153619,1
1790180153619,0
1790180153796,1
1790180153796,0
1790180154014,1
1790180154014,0
1790180155189,1
1790180155189,0
1790180155246,1
1790180155246,0
1790180155304,1
1790180155304,0
1790180155638,1
1790180155638,0
1790180156265,1
1790180156266,0
1790180156331,1
1790180156331,0
1790180156381,1
1790180156381,0
1790180157524,1
1790180157524,0
1790180159469,1
1790180159469,0
1790180159528,1
1790180159528,0
1790180159587,1
1790180159587,0
1790180159641,1
1790180159641,0
1790180159935,1
1790180159935,0
1790180160569,1
1790180160569,0
1790180160625,1
1790180160626,0
1790180160682,1
1790180160682,0
1790180160742,1
1790180160742,0
1790180160793,1
1790180160794,0
1790180161723,1
1790180161723,0
1790180161785,1
1790180161785,0
1790180161843,1
1790180161843,0
1790180162478,1
1790180162478,0
1790180162827,1
1790180162827,0
1790180162875,1
1790180162887,0
1790180162923,1
1790180162946,0
1790180163033,1
1790180163033,0
1790180163093,1
1790180163094,0
1790180163272,1
1790180163273,0
1790180164117,1
1790180164117,0
1790180164176,1
1790180164177,0
1790180164415,1
1790180164415,0
1790180164460,1
1790180164480,0
1790180164529,1
1790180164529,0
1790180164579,1
1790180164579,0
1790180164815,1
1790180164815,0
1790180164873,1
1790180164873,0
1790180165330,1
1790180165330,0
1790180165430,1
1790180165430,0
1790180165496,1
1790180165497,0
1790180165550,1
1790180165550,0
1790180165610,1
1790180165610,0
1790180165657,1
1790180165657,0
1790180165717,1
1790180165717,0
1790180165831,1
1790180165831,0
1790180165882,1
1790180165882,0
1790180165936,1
1790180165937,0
1790180166812,1
1790180166812,0
1790180166934,1
1790180166934,0
1790180167391,1
1790180167391,0
1790180167449,1
1790180167449,0
1790180167625,1
1790180167625,0
1790180167685,1
1790180167685,0
1790180167744,1
1790180167744,0
1790180167802,1
1790180167802,0
1790180167861,1
1790180167861,0
1790180167920,1
1790180167921,0
1790180167982,1
1790180167982,0
1790180168451,1
1790180168451,0
1790180168687,1
1790180168688,0
1790180169390,0
1790180169392,0
1790180169441,1
1790180169441,0
1790180169498,1
1790180169498,0
1790180169783,1
1790180169783,0
1790180169825,1
1790180169830,0
1790180170295,1
1790180170295,0
1790180170355,1
1790180170355,0
1790180170939,1
1790180170939,0
1790180170999,1
1790180170999,0
1790180171052,1
1790180171052,0
1790180171111,1
1790180171111,0
1790180171221,1
1790180171221,0
1790180171406,1
1790180171406,0
1790180171458,1
1790180171458,0
1790180173020,1
1790180173020,0
1790180173764,1
1790180173765,0
1790180173822,1
1790180173822,0
1790180173876,1
1790180173876,0
1790180174550,1
1790180174550,0
1790180174790,1
1790180174791,0
1790180175661,1
1790180175661,0
1790180175717,1
1790180175717,0
1790180175890,1
1790180175890,0
1790180176128,1
1790180176129,0
1790180177848,1
1790180177849,0
1790180178132,1
1790180178132,0
1790180178191,1
1790180178191,0
1790180178251,1
1790180178251,0
1790180178376,1
1790180178377,0
1790180178441,1
1790180178441,0
1790180178610,1
1790180178610,0
1790180179014,1
1790180179014,0
1790180179065,1
1790180179066,0
1790180179125,1
1790180179125,0
1790180179240,1
1790180179240,0
1790180179295,1
1790180179295,0
1790180179360,1
1790180179360,0
1790180179422,1
1790180179422,0
1790180179998,1
1790180179998,0
1790180180112,1
1790180180112,0
1790180180509,1
1790180180509,0
1790180180803,1
1790180180803,0
1790180181093,1
1790180181093,0
1790180182244,1
1790180182244,0
1790180182762,1
1790180182762,0
1790180182810,1
1790180182810,0
1790180182939,1
1790180182939,0
1790180182987,1
1790180182987,0
1790180184155,1
1790180184155,0
1790180184214,1
1790180184214,0
1790180184275,1
1790180184275,0
1790180184509,1
1790180184509,0
1790180185267,1
1790180185267,0
1790180185322,1
1790180185322,0
1790180185365,1
1790180185365,0
1790180185425,1
1790180185425,0
1790180185485,1
1790180185488,0
1790180185598,1
1790180185598,0
1790180186165,1
1790180186165,0
1790180186280,1
1790180186280,0
1790180187154,1
1790180187154,0
1790180187218,1
1790180187219,0
1790180187674,1
1790180187674,0
1790180187842,1
1790180187843,0
1790180187894,1
1790180187895,0
1790180189090,1
1790180189090,0
1790180189149,1
1790180189149,0
1790180189201,1
1790180189202,0
1790180189259,1
1790180189259,0
1790180190189,1
1790180190189,0
1790180190256,1
1790180190257,0
1790180190317,1
1790180190317,0
1790180190373,1
1790180190374,0
1790180191000,1
1790180191000,0
1790180191061,1
1790180191070,0
1790180191167,1
1790180191167,0
1790180191236,1
1790180191236,0
1790180191687,1
1790180191687,0
1790180192267,1
1790180192267,0
1790180192319,1
1790180192319,0
1790180192379,1
1790180192379,0
1790180192675,1
1790180192675,0
1790180192719,1
1790180192724,0
1790180192833,1
1790180192833,0
1790180193303,1
1790180193303,0
1790180193364,1
1790180193364,0
1790180193414,1
1790180193414,0
1790180193538,1
1790180193538,0
1790180193592,1
1790180193592,0
1790180193643,1
1790180193643,0
1790180194355,1
1790180194355,0
1790180194478,1
1790180194479,0
1790180194533,1
1790180194533,0
1790180194651,1
1790180194651,0
1790180194711,1
1790180194711,0
1790180194759,1
1790180194759,0
1790180195889,1
1790180195889,0
1790180195947,1
1790180195947,0
1790180196003,1
1790180196004,0
1790180196629,1
1790180196629,0
1790180196698,1
1790180196698,0
1790180196986,1
1790180196986,0
1790180197033,1
1790180197053,0
1790180197086,1
1790180197099,0
1790180198156,1
1790180198156,0
1790180198215,1
1790180198215,0
1790180198275,1
1790180198275,0
1790180198668,1
1790180198668,0
1790180199528,1
1790180199528,0
1790180199587,1
1790180199587,0
1790180199645,1
1790180199645,0
1790180199705,1
1790180199708,0
1790180200344,1
1790180200345,0
1790180200402,1
1790180200402,0
1790180201961,1
1790180201961,0
1790180202664,1
1790180202664,0
1790180202713,1
1790180202715,0
1790180203126,1
1790180203126,0
1790180203241,1
1790180203241,0
1790180203298,1
1790180203298,0
1790180203349,1
1790180203349,0
1790180203405,1
1790180203405,0
1790180203465,1
1790180203465,0
1790180203527,1
1790180203527,0
1790180203576,1
1790180203576,0
1790180203744,1
1790180203744,0
1790180204160,1
1790180204160,0
1790180204220,1
1790180204220,0
1790180205029,0
1790180205030,0
1790180205093,1
1790180205093,0
1790180205146,1
1790180205146,0
1790180205325,1
1790180205326,0
1790180205544,1
1790180205544,0
1790180206464,1
1790180206464,0
1790180206637,1
1790180206637,0
1790180206916,1
1790180206916,0
1790180206977,1
1790180206977,0
1790180207211,1
1790180207211,0
1790180207259,1
1790180207259,0
1790180207324,1
1790180207324,0
1790180207389,1
1790180207389,0
1790180207509,1
1790180207509,0
1790180207984,1
1790180207984,0
1790180208046,1
1790180208046,0
1790180208813,1
1790180208813,0
1790180209046,1
1790180209047,0
1790180209638,1
1790180209638,0
1790180209807,1
1790180209808,0
1790180209868,1
1790180209868,0
1790180210449,1
1790180210449,0
1790180210856,1
1790180210857,0
1790180211086,1
1790180211086,0
1790180211145,1
1790180211145,0
1790180211202,1
1790180211202,0
1790180211901,1
1790180211901,0
1790180212024,1
1790180212024,0
1790180212076,1
1790180212078,0
1790180212125,1
1790180212125,0
1790180212422,1
1790180212422,0
1790180212481,1
1790180212481,0
1790180212535,1
1790180212536,0
1790180212654,1
1790180212654,0
1790180213062,1
1790180213062,0
1790180213230,1
1790180213230,0
1790180214185,1
1790180214185,0
1790180214653,1
1790180214653,0
1790180214707,1
1790180214708,0
1790180214810,1
1790180214810,0
1790180214866,1
1790180214866,0
1790180215282,1
1790180215282,0
1790180216253,1
1790180216253,0
1790180217403,1
1790180217403,0
1790180217468,1
1790180217468,0
1790180218566,1
1790180218566,0
1790180218746,1
1790180218747,0
1790180219044,1
1790180219044,0
1790180219101,1
1790180219101,0
1790180219893,1
1790180219893,0
1790180219957,1
1790180219957,0
1790180220021,1
1790180220021,0
1790180220299,1
1790180220299,0
1790180220412,1
1790180220413,0
1790180220464,1
1790180220464,0
1790180220525,1
1790180220525,0
1790180220697,1
1790180220697,0
1790180220810,1
1790180220810,0
1790180220870,1
1790180220870,0
1790180221201,1
1790180221201,0
1790180221261,1
1790180221261,0
1790180221386,1
1790180221386,0
1790180221439,1
1790180221439,0
1790180221739,1
1790180221739,0
1790180222033,1
1790180222033,0
1790180222611,1
1790180222612,0
1790180222660,1
1790180222666,0
1790180222715,1
1790180222715,0
1790180222775,1
1790180222775,0
1790180223130,1
1790180223131,0
1790180223357,1
1790180223357,0
1790180223411,1
1790180223416,0
1790180223471,1
1790180223471,0
1790180223531,1
1790180223531,0
1790180224221,1
1790180224221,0
1790180224508,1
1790180224508,0
1790180224572,1
1790180224572,0
1790180224804,1
1790180224805,0
1790180224864,1
1790180224864,0
1790180224924,1
1790180224924,0
1790180225751,1
1790180225751,0
1790180225862,1
1790180225862,0
1790180225929,1
1790180225930,0
1790180225989,1
1790180225989,0
1790180226047,1
1790180226048,0
1790180226508,1
1790180226509,0
1790180226560,1
1790180226563,0
1790180226617,1
1790180226618,0
1790180226681,1
1790180226681,0
1790180226846,1
1790180226846,0
1790180227319,1
1790180227319,0
1790180227368,1
1790180227368,0
1790180227945,1
1790180227945,0
1790180228003,1
1790180228003,0
1790180229054,1
1790180229054,0
1790180229109,1
1790180229109,0
1790180229166,1
1790180229166,0
1790180229514,1
1790180229514,0
1790180229787,1
1790180229787,0
1790180229856,1
1790180229856,0
1790180229911,1
1790180229913,0
1790180230206,1
1790180230206,0
1790180230610,1
1790180230610,0
1790180232357,1
1790180232357,0
1790180232474,1
1790180232474,0
1790180233449,1
1790180233449,0
1790180234048,1
1790180234048,0
1790180234103,1
1790180234104,0
1790180234223,1
1790180234223,0
1790180234277,1
1790180234277,0
1790180234331,1
1790180234331,0
1790180234383,1
1790180234394,0
1790180234689,1
1790180234689,0
1790180235544,1
1790180235544,0
1790180235605,1
1790180235606,0
1790180235666,1
1790180235666,0
1790180235769,1
1790180235769,0
1790180236648,1
1790180236648,0
1790180236705,1
1790180236705,0
1790180236759,1
1790180236760,0
1790180237682,1
1790180237682,0
1790180237736,1
1790180237750,0
1790180237801,1
1790180237801,0
1790180237861,1
1790180237861,0
1790180237971,1
1790180237971,0
1790180238025,1
1790180238025,0
1790180238083,1
1790180238083,0
1790180238138,1
1790180238138,0
1790180238200,1
1790180238202,0
1790180239127,1
1790180239127,0
1790180239184,1
1790180239184,0
1790180239232,1
1790180239232,0
1790180239476,1
1790180239476,0
1790180239710,1
1790180239710,0
1790180239763,1
1790180239766,0
1790180239815,1
1790180239815,0
1790180240047,1
1790180240047,0
1790180240100,1
1790180240102,0
1790180240152,1
1790180240152,0
1790180241132,1
1790180241132,0
1790180241186,1
1790180241186,0
1790180241304,1
1790180241304,0
1790180241363,1
1790180241363,0
1790180241423,1
1790180241423,0
1790180241486,1
1790180241488,0
1790180241658,1
1790180241658,0
1790180241832,1
1790180241833,0
1790180241889,1
1790180241889,0
1790180241947,1
1790180241947,0
1790180242014,1
1790180242014,0
1790180242237,1
1790180242237,0
1790180243179,1
1790180243179,0
1790180243508,1
1790180243508,0
1790180243552,1
1790180243558,0
1790180243611,1
1790180243611,0
1790180243895,1
1790180243895,0
1790180243949,1
1790180243949,0
1790180244242,1
1790180244242,0
1790180247334,1
1790180247334,0
1790180247567,1
1790180247567,0
1790180247626,1
1790180247626,0
1790180247684,1
1790180247684,0
1790180247746,1
1790180247746,0
1790180247860,1
1790180247860,0
1790180247913,1
1790180247913,0
1790180247973,1
1790180247973,0
1790180248025,1
1790180248026,0
1790180248432,1
1790180248433,0
1790180248961,1
1790180248961,0
1790180249246,1
1790180249246,0
1790180249531,1
1790180249531,0
1790180250606,1
1790180250606,0
1790180251076,1
1790180251076,0
1790180251492,1
1790180251492,0
1790180251552,1
1790180251552,0
1790180251738,1
1790180251738,0
1790180251796,1
1790180251796,0
1790180251851,1
1790180251851,0
1790180251911,1
1790180251911,0
1790180252595,1
1790180252595,0
1790180252713,1
1790180252713,0
1790180252771,1
1790180252771,0
1790180253049,1
1790180253049,0
1790180253391,1
1790180253391,0
1790180253451,1
1790180253451,0
1790180253510,1
1790180253510,0
1790180254331,1
1790180254331,0
1790180254733,1
1790180254733,0
1790180254794,1
1790180254796,0
1790180255498,1
1790180255498,0
1790180256137,1
1790180256137,0
1790180256650,1
1790180256651,0
1790180256697,1
1790180256699,0
1790180256764,1
1790180256764,0
1790180256817,1
1790180256817,0
1790180258125,1
1790180258125,0
1790180258404,1
1790180258404,0
1790180258464,1
1790180258464,0
1790180258521,1
1790180258522,0
1790180259741,1
1790180259742,0
1790180259791,1
1790180259791,0
1790180260271,1
1790180260272,0
1790180260323,1
1790180260344,0
1790180260444,1
1790180260444,0
1790180260505,1
1790180260505,0
1790180260558,1
1790180260558,0
1790180260853,1
1790180260853,0
1790180260903,1
1790180260903,0
1790180261067,1
1790180261067,0
1790180261492,1
1790180261492,0
1790180261652,1
1790180261652,0
1790180261712,1
1790180261712,0
1790180261764,1
1790180261765,0
1790180261828,1
1790180261828,0
1790180261942,1
1790180261942,0
1790180261998,1
1790180261998,0
1790180262231,1
1790180262231,0
1790180262283,1
1790180262283,0
1790180262343,1
1790180262343,0
1790180262523,1
1790180262523,0
1790180262797,1
1790180262797,0
1790180262856,1
1790180262856,0
1790180262916,1
1790180262916,0
1790180263309,1
1790180263310,0
1790180263371,1
1790180263371,0
1790180263428,1
1790180263428,0
1790180263601,1
1790180263601,0
1790180263713,1
1790180263714,0
1790180263773,1
1790180263773,0
1790180265185,1
1790180265185,0
1790180266114,1
1790180266114,0
1790180266163,1
1790180266165,0
1790180266226,1
1790180266227,0
1790180266639,1
1790180266639,0
1790180266697,1
1790180266697,0
1790180266756,1
1790180266756,0
1790180266976,1
1790180266976,0
1790180267213,1
1790180267213,0
1790180267272,1
1790180267272,0
1790180267322,1
1790180267322,0
1790180267550,1
1790180267550,0
1790180267610,1
1790180267610,0
1790180270166,1
1790180270167,0
1790180271314,1
1790180271314,0
1790180271381,1
1790180271381,0
1790180271433,1
1790180271433,0
1790180271492,1
1790180271492,0
1790180272001,1
1790180272002,0
1790180272856,1
1790180272856,0
1790180272916,1
1790180272916,0
1790180273030,1
1790180273030,0
1790180274083,1
1790180274083,0
1790180274142,1
1790180274142,0
1790180274478,1
1790180274478,0
1790180274596,1
1790180274596,0
1790180274648,1
1790180274648,0
1790180274703,1
1790180274703,0
1790180274823,1
1790180274823,0
1790180274883,1
1790180274883,0
1790180274943,1
1790180274943,0
1790180275858,1
1790180275858,0
1790180276837,1
1790180276837,0
1790180276896,1
1790180276896,0
1790180277238,1
1790180277238,0
1790180277291,1
1790180277291,0
1790180277535,1
1790180277535,0
1790180277593,1
1790180277593,0
1790180277651,1
1790180277651,0
1790180277888,1
1790180277888,0
1790180278053,1
1790180278053,0
1790180278989,1
1790180278989,0
1790180281140,1
1790180281140,0
1790180281672,1
1790180281672,0
1790180281728,1
1790180281728,0
1790180282392,1
1790180282392,0
1790180282451,1
1790180282451,0
1790180283089,1
1790180283090,0
1790180283146,1
1790180283146,0
1790180283192,1
1790180283192,0
1790180283313,1
1790180283313,0
1790180283433,1
1790180283433,0
1790180284407,1
1790180284407,0
1790180285092,1
1790180285092,0
1790180285483,1
1790180285483,0
1790180286288,1
1790180286288,0
1790180286337,1
1790180286337,0
1790180286404,1
1790180286404,0
1790180286465,1
1790180286465,0
1790180287176,1
1790180287176,0
1790180287229,1
1790180287229,0
1790180287295,1
1790180287296,0
1790180287462,1
1790180287462,0
1790180287522,1
1790180287522,0
1790180287584,1
1790180287584,0
1790180287830,1
1790180287830,0
