1790103051391,1
1790103051400,0
1790103051830,0
1790103051830,0
1790103052110,1
1790103052111,0
1790103052563,1
1790103052564,0
1790103053065,1
1790103053065,0
1790103053292,1
1790103053292,0
1790103053813,1
1790103053814,0
1790103054218,1
1790103054220,0
1790103054728,1
1790103054728,0
1790103055115,1
1790103055115,0
1790103055528,1
1790103055529,0
1790103055910,1
1790103055910,0
1790103056472,1
1790103056473,0
1790103056762,0
1790103056762,0
1790103057280,1
1790103057280,0
1790103057741,1
1790103057742,0
1790103058280,1
1790103058280,0
1790103058647,1
1790103058647,0
1790103059101,1
1790103059102,0
1790103059492,1
1790103059492,0
1790103059849,1
1790103059850,0
1790103060527,1
1790103060528,0
1790103060886,1
1790103060886,0
1790103061314,1
1790103061314,0
1790103061798,1
1790103061798,0
1790103062381,1
1790103062381,0
1790103063403,1
1790103063403,0
1790103064193,1
1790103064194,0
1790103064627,1
1790103064628,0
1790103064851,1
1790103064851,0
1790103065243,1
1790103065245,0
1790103065823,1
1790103065824,0
1790103066050,1
1790103066050,0
1790103066391,0
1790103066391,0
1790103067042,1
1790103067042,0
1790103067491,1
1790103067492,0
1790103068111,1
1790103068112,0
1790103068553,1
1790103068553,0
1790103068950,1
1790103068951,0
1790103069406,1
1790103069406,0
1790103069988,1
1790103069989,0
1790103070772,1
1790103070773,0
1790103071179,1
1790103071180,0
1790103071751,1
1790103071751,0
1790103072108,1
1790103072109,0
1790103072618,1
1790103072619,0
1790103073134,1
1790103073134,0
1790103073833,1
1790103073834,0
1790103074279,1
1790103074280,0
1790103074643,1
1790103074644,0
1790103075150,1
1790103075150,0
1790103075494,1
1790103075494,0
1790103075944,1
1790103075944,0
1790103076391,1
1790103076392,0
1790103076712,1
1790103076713,0
1790103077399,1
1790103077400,0
1790103077826,1
1790103077827,0
1790103078325,1
1790103078325,0
1790103078771,1
1790103078771,0
1790103079048,1
1790103079048,0
1790103079260,1
1790103079262,0
1790103079644,1
1790103079644,0
1790103080206,1
1790103080207,0
1790103080796,1
1790103080798,0
1790103081921,1
1790103081924,0
1790103082143,1
1790103082144,0
1790103082547,1
1790103082547,0
1790103082829,1
1790103082829,0
1790103083391,1
1790103083391,0
1790103084006,1
1790103084007,0
1790103084500,1
1790103084501,0
1790103085169,1
1790103085170,0
1790103085559,1
1790103085560,0
1790103085912,1
1790103085913,0
1790103086177,1
1790103086177,0
1790103086531,1
1790103086532,0
1790103087478,1
1790103087478,0
1790103087931,1
1790103087932,0
1790103088498,1
1790103088498,0
1790103089094,1
1790103089094,0
1790103089478,1
1790103089478,0
1790103089860,1
1790103089860,0
1790103090012,1
1790103090012,0
1790103090219,1
1790103090219,0
1790103091278,1
1790103091279,0
1790103091625,1
1790103091625,0
1790103092055,1
1790103092056,0
1790103092619,1
1790103092619,0
1790103093043,1
1790103093044,0
1790103093198,1
1790103093198,0
1790103093722,1
1790103093722,0
1790103094141,1
1790103094141,0
1790103094639,1
1790103094639,0
1790103095225,1
1790103095225,0
1790103095544,0
1790103095545,0
1790103096574,1
1790103096578,0
1790103096730,1
1790103096730,0
1790103097321,1
1790103097322,0
1790103097804,1
1790103097804,0
1790103098202,1
1790103098202,0
1790103098370,1
1790103098370,0
1790103098637,1
1790103098637,0
1790103099241,1
1790103099242,0
1790103099691,1
1790103099692,0
1790103100237,1
1790103100237,0
1790103100846,1
1790103100846,0
1790103101123,1
1790103101123,0
1790103101464,1
1790103101465,0
1790103102499,1
1790103102500,0
1790103102981,1
1790103102981,0
1790103103472,1
1790103103473,0
1790103103691,1
1790103103691,0
1790103104031,1
1790103104031,0
1790103104344,1
1790103104344,0
1790103104908,1
1790103104908,0
1790103105350,1
1790103105351,0
1790103105714,1
1790103105714,0
1790103106166,1
1790103106166,0
1790103106636,1
1790103106636,0
1790103106985,1
1790103106986,0
1790103107503,1
1790103107505,0
1790103107676,1
1790103107677,0
1790103108115,1
1790103108115,0
1790103108267,1
1790103108268,0
1790103108671,1
1790103108672,0
1790103109566,1
1790103109567,0
1790103110112,1
1790103110112,0
1790103110395,1
1790103110396,0
1790103110977,0
1790103110983,0
1790103111675,0
1790103111676,0
1790103112173,1
1790103112173,0
1790103112632,1
1790103112633,0
1790103113027,1
1790103113027,0
1790103113819,1
1790103113819,0
1790103114031,1
1790103114032,0
1790103114248,1
1790103114248,0
1790103114925,1
1790103114925,0
1790103115318,1
1790103115319,0
1790103115836,1
1790103115836,0
1790103116151,1
1790103116151,0
1790103116486,1
1790103116486,0
1790103116994,1
1790103116994,0
1790103117394,1
1790103117394,0
1790103117743,1
1790103117743,0
1790103118110,1
1790103118110,0
1790103118693,1
1790103118693,0
1790103119069,1
1790103119070,0
1790103119698,1
1790103119698,0
1790103120114,1
1790103120114,0
1790103120673,1
1790103120673,0
1790103121211,1
1790103121211,0
1790103121720,1
1790103121721,0
1790103122207,1
1790103122208,0
1790103122346,1
1790103122346,0
1790103123147,1
1790103123147,0
1790103123550,1
1790103123550,0
1790103123820,1
1790103123820,0
1790103124587,1
1790103124587,0
1790103124732,1
1790103124732,0
1790103124891,1
1790103124893,0
1790103125258,1
1790103125259,0
1790103125635,1
1790103125636,0
1790103126097,1
1790103126098,0
1790103126587,1
1790103126587,0
1790103126740,1
1790103126740,0
1790103127085,1
1790103127085,0
1790103127689,1
1790103127690,0
1790103128088,1
1790103128089,0
1790103128497,1
1790103128498,0
1790103128824,1
1790103128824,0
1790103129360,1
1790103129361,0
1790103129733,1
1790103129734,0
1790103130111,1
1790103130111,0
1790103130702,1
1790103130703,0
1790103131384,1
1790103131384,0
1790103131695,1
1790103131696,0
1790103131853,1
1790103131853,0
1790103133116,1
1790103133116,0
1790103133419,1
1790103133419,0
1790103133858,1
1790103133859,0
1790103134014,1
1790103134015,0
1790103134633,1
1790103134634,0
1790103135183,1
1790103135183,0
1790103135760,1
1790103135760,0
1790103136214,1
1790103136215,0
1790103136502,1
1790103136502,0
1790103137043,1
1790103137044,0
1790103137735,1
1790103137735,0
1790103138077,1
1790103138077,0
1790103138440,1
1790103138440,0
1790103138874,1
1790103138876,0
1790103139243,1
1790103139244,0
1790103139619,1
1790103139622,0
1790103140477,0
1790103140478,0
1790103140846,1
1790103140846,0
1790103141649,1
1790103141649,0
1790103142094,1
1790103142094,0
1790103142465,1
1790103142465,0
1790103143089,1
1790103143089,0
1790103143287,1
1790103143287,0
1790103143739,1
1790103143739,0
1790103144063,1
1790103144064,0
1790103144869,1
1790103144870,0
1790103145330,1
1790103145331,0
1790103145602,1
1790103145603,0
1790103146085,1
1790103146085,0
1790103146443,1
1790103146443,0
1790103146704,1
1790103146705,0
1790103147174,1
1790103147174,0
1790103147800,1
1790103147800,0
1790103147949,1
1790103147949,0
1790103148294,1
1790103148295,0
1790103148667,1
1790103148667,0
1790103149389,1
1790103149390,0
1790103149721,1
1790103149721,0
1790103151488,1
1790103151488,0
1790103151756,1
1790103151756,0
1790103152119,1
1790103152119,0
1790103152620,1
1790103152620,0
1790103153462,1
1790103153462,0
1790103154068,1
1790103154068,0
1790103154602,1
1790103154602,0
1790103154973,1
1790103154973,0
1790103155190,1
1790103155191,0
1790103155407,1
1790103155407,0
1790103155853,1
1790103155854,0
1790103156293,1
1790103156293,0
1790103156849,1
1790103156849,0
1790103157304,1
1790103157304,0
1790103157529,1
1790103157529,0
1790103157876,1
1790103157876,0
1790103158233,1
1790103158233,0
1790103158612,1
1790103158612,0
1790103159006,1
1790103159007,0
1790103159541,1
1790103159541,0
1790103159988,1
1790103159988,0
1790103160404,1
1790103160404,0
1790103160859,1
1790103160859,0
1790103161291,1
1790103161292,0
1790103161524,1
1790103161524,0
1790103161934,1
1790103161934,0
1790103162473,1
1790103162473,0
1790103162897,1
1790103162898,0
1790103163126,1
1790103163127,0
1790103163535,1
1790103163536,0
1790103163921,1
1790103163922,0
1790103164310,1
1790103164310,0
1790103164752,1
1790103164752,0
1790103165164,1
1790103165164,0
1790103165659,1
1790103165659,0
1790103166077,1
1790103166077,0
1790103166520,1
1790103166520,0
1790103166920,1
1790103166920,0
1790103167260,1
1790103167260,0
1790103167460,1
1790103167460,0
1790103167795,1
1790103167795,0
1790103168167,1
1790103168174,0
1790103168513,1
1790103168514,0
1790103168862,1
1790103168862,0
1790103169255,1
1790103169255,0
1790103169644,1
1790103169645,0
1790103170028,1
1790103170028,0
1790103170350,1
1790103170350,0
1790103170741,1
1790103170742,0
1790103171176,1
1790103171177,0
1790103171404,1
1790103171404,0
1790103171776,1
1790103171777,0
1790103172060,1
1790103172060,0
1790103172502,1
1790103172502,0
1790103172730,1
1790103172730,0
1790103173103,1
1790103173104,0
1790103173497,1
1790103173497,0
1790103174069,1
1790103174070,0
1790103174467,1
1790103174467,0
1790103174924,1
1790103174924,0
1790103175360,1
1790103175360,0
1790103175802,1
1790103175802,0
1790103176250,1
1790103176250,0
1790103176604,1
1790103176604,0
1790103176956,1
1790103176956,0
1790103177391,1
1790103177391,0
1790103177836,1
1790103177836,0
1790103178279,1
1790103178280,0
1790103178681,1
1790103178681,0
1790103179041,1
1790103179041,0
1790103179398,1
1790103179398,0
1790103179814,1
1790103179815,0
1790103180229,1
1790103180229,0
1790103180780,1
1790103180781,0
1790103181218,1
1790103181219,0
1790103181439,1
1790103181439,0
1790103181877,1
1790103181877,0
1790103182324,1
1790103182324,0
1790103182683,1
1790103182683,0
1790103183043,1
1790103183043,0
1790103183546,1
1790103183546,0
1790103183773,1
1790103183773,0
1790103184239,1
1790103184240,0
1790103184699,1
1790103184700,0
1790103184919,1
1790103184919,0
1790103185351,1
1790103185351,0
1790103185914,1
1790103185914,0
1790103186145,1
1790103186145,0
1790103186539,1
1790103186539,0
1790103186960,1
1790103186960,0
1790103187349,1
1790103187349,0
1790103187741,1
1790103187741,0
1790103188189,1
1790103188190,0
1790103188408,1
1790103188408,0
1790103188878,1
1790103188878,0
1790103189095,1
1790103189095,0
1790103189380,1
1790103189380,0
1790103189793,1
1790103189793,0
1790103190172,1
1790103190172,0
1790103190617,1
1790103190618,0
1790103191064,1
1790103191064,0
1790103191581,1
1790103191582,0
1790103192024,1
1790103192024,0
1790103192410,1
1790103192411,0
1790103192847,1
1790103192848,0
1790103193289,1
1790103193290,0
1790103193678,1
1790103193679,0
1790103193876,1
1790103193876,0
1790103194188,1
1790103194188,0
1790103194393,1
1790103194393,0
1790103194610,1
1790103194610,0
1790103194826,1
1790103194827,0
1790103195041,1
1790103195041,0
1790103195393,1
1790103195393,0
1790103195610,1
1790103195610,0
1790103195825,1
1790103195825,0
1790103196343,1
1790103196344,0
1790103196769,1
1790103196769,0
1790103196992,1
1790103196993,0
1790103197408,1
1790103197408,0
1790103197815,1
1790103197815,0
1790103198167,1
1790103198167,0
1790103198526,1
1790103198526,0
1790103198882,1
1790103198882,0
1790103199158,1
1790103199158,0
1790103199533,1
1790103199533,0
1790103199916,1
1790103199916,0
1790103200327,1
1790103200327,0
1790103200693,1
1790103200693,0
1790103201085,1
1790103201085,0
1790103201305,1
1790103201305,0
1790103201529,1
1790103201529,0
1790103202091,1
1790103202091,0
1790103202310,1
1790103202310,0
1790103202743,1
1790103202743,0
1790103203161,1
1790103203161,0
1790103203576,1
1790103203577,0
1790103203922,1
1790103203922,0
1790103204403,1
1790103204404,0
1790103204849,1
1790103204850,0
1790103205302,1
1790103205302,0
1790103205737,1
1790103205737,0
1790103206122,1
1790103206122,0
1790103206344,1
1790103206344,0
1790103206561,1
1790103206562,0
1790103206777,1
1790103206777,0
1790103207320,1
1790103207320,0
1790103207749,1
1790103207749,0
1790103208162,1
1790103208163,0
1790103208604,1
1790103208604,0
1790103208876,1
1790103208876,0
1790103209214,1
1790103209214,0
1790103209722,1
1790103209722,0
1790103210110,1
1790103210110,0
1790103210524,1
1790103210525,0
1790103210911,1
1790103210911,0
1790103211348,1
1790103211348,0
1790103211787,1
1790103211787,0
1790103212289,1
1790103212289,0
1790103212694,1
1790103212694,0
1790103213073,1
1790103213074,0
1790103213461,1
1790103213462,0
1790103213899,1
1790103213899,0
1790103214338,1
1790103214338,0
1790103214787,1
1790103214787,0
1790103215143,1
1790103215143,0
1790103215492,1
1790103215492,0
1790103216008,1
1790103216008,0
1790103216370,1
1790103216372,0
1790103216732,1
1790103216735,0
1790103217156,1
1790103217156,0
1790103217550,1
1790103217550,0
1790103217897,1
1790103217899,0
1790103218317,1
1790103218318,0
1790103218793,1
1790103218793,0
1790103219242,1
1790103219242,0
1790103219456,1
1790103219456,0
1790103219673,1
1790103219673,0
1790103219887,1
1790103219887,0
1790103220369,1
1790103220369,0
1790103220738,1
1790103220738,0
1790103221118,1
1790103221119,0
1790103221611,1
1790103221611,0
1790103221967,1
1790103221968,0
1790103222473,1
1790103222473,0
1790103222708,1
1790103222709,0
1790103223113,1
1790103223114,0
1790103223472,1
1790103223473,0
1790103223833,1
1790103223833,0
1790103224183,1
1790103224183,0
1790103224641,1
1790103224641,0
1790103225043,1
1790103225043,0
1790103225369,1
1790103225369,0
1790103225832,1
1790103225833,0
1790103226057,1
1790103226057,0
1790103226550,1
1790103226551,0
1790103226997,1
1790103226998,0
1790103227443,1
1790103227443,0
1790103227800,1
1790103227800,0
1790103228249,1
1790103228249,0
1790103228600,1
1790103228600,0
1790103228929,1
1790103228929,0
1790103229292,1
1790103229292,0
1790103229760,1
1790103229760,0
1790103229985,1
1790103229985,0
1790103230308,1
1790103230308,0
1790103230660,1
1790103230661,0
1790103231021,1
1790103231021,0
1790103231428,1
1790103231428,0
1790103231658,1
1790103231658,0
1790103231875,1
1790103231875,0
1790103232352,1
1790103232352,0
1790103232576,1
1790103232576,0
1790103233021,1
1790103233021,0
1790103233407,1
1790103233408,0
1790103233845,1
1790103233846,0
1790103234227,1
1790103234227,0
1790103234671,1
1790103234671,0
1790103235089,1
1790103235089,0
1790103235483,1
1790103235483,0
1790103235834,1
1790103235834,0
1790103236060,1
1790103236060,0
1790103236278,1
1790103236278,0
1790103236501,1
1790103236501,0
1790103236939,1
1790103236939,0
1790103237435,1
1790103237435,0
1790103237885,1
1790103237886,0
1790103238244,1
1790103238244,0
1790103238679,1
1790103238679,0
1790103239039,1
1790103239039,0
1790103239392,1
1790103239392,0
1790103239743,1
1790103239743,0
1790103240093,1
1790103240093,0
1790103240552,1
1790103240552,0
1790103240912,1
1790103240912,0
1790103241352,1
1790103241352,0
1790103241792,1
1790103241792,0
1790103242241,1
1790103242241,0
1790103242622,1
1790103242622,0
1790103242843,1
1790103242843,0
1790103243310,1
1790103243310,0
1790103243693,1
1790103243693,0
1790103243960,1
1790103243960,0
1790103244313,1
1790103244313,0
1790103244770,1
1790103244771,0
1790103245180,1
1790103245180,0
1790103245642,1
1790103245642,0
1790103245921,1
1790103245921,0
1790103246370,1
1790103246370,0
1790103246593,1
1790103246593,0
1790103246999,1
1790103247000,0
1790103247423,1
1790103247423,0
1790103247651,1
1790103247651,0
1790103247991,1
1790103247991,0
1790103248397,1
1790103248398,0
1790103248843,1
1790103248843,0
1790103249284,1
1790103249284,0
1790103249735,1
1790103249735,0
1790103249963,1
1790103249963,0
1790103250304,1
1790103250305,0
1790103250657,1
1790103250658,0
1790103250881,1
1790103250881,0
1790103251160,1
1790103251160,0
1790103251657,1
1790103251658,0
1790103252075,1
1790103252075,0
1790103252293,1
1790103252293,0
1790103252643,1
1790103252643,0
1790103253149,1
1790103253149,0
1790103253360,1
1790103253360,0
1790103253631,1
1790103253631,0
1790103254049,1
1790103254049,0
1790103254272,1
1790103254272,0
1790103254493,1
1790103254493,0
1790103254897,1
1790103254898,0
1790103255343,1
1790103255343,0
1790103255687,1
1790103255687,0
1790103256045,1
1790103256045,0
1790103256449,1
1790103256449,0
1790103256841,1
1790103256842,0
1790103257069,1
1790103257069,0
1790103257514,1
1790103257514,0
1790103257869,1
1790103257870,0
1790103258151,1
1790103258151,0
1790103258370,1
1790103258370,0
1790103258592,1
1790103258592,0
1790103259069,1
1790103259069,0
1790103259516,1
1790103259517,0
1790103259967,1
1790103259967,0
1790103260368,1
1790103260368,0
1790103260789,1
1790103260790,0
1790103261010,1
1790103261010,0
1790103261414,1
1790103261414,0
1790103261941,1
1790103261941,0
1790103262329,1
1790103262330,0
1790103262739,1
1790103262739,0
1790103263159,1
1790103263159,0
1790103263388,1
1790103263389,0
1790103263669,1
1790103263669,0
1790103263872,1
1790103263872,0
1790103264146,1
1790103264146,0
1790103264555,1
1790103264555,0
1790103264776,1
1790103264776,0
1790103265177,1
1790103265177,0
1790103265383,1
1790103265383,0
1790103265793,1
1790103265793,0
1790103266176,1
1790103266176,0
1790103266566,1
1790103266567,0
1790103266913,1
1790103266913,0
1790103267134,1
1790103267135,0
1790103267574,1
1790103267575,0
1790103268010,1
1790103268010,0
1790103268452,1
1790103268452,0
1790103268665,1
1790103268665,0
1790103268997,1
1790103268998,0
1790103269539,1
1790103269539,0
1790103269766,1
1790103269766,0
1790103269985,1
1790103269985,0
1790103270408,1
1790103270408,0
1790103270826,1
1790103270826,0
1790103271195,1
1790103271196,0
1790103271602,1
1790103271603,0
1790103272133,1
1790103272133,0
1790103272535,1
1790103272535,0
1790103272892,1
1790103272893,0
1790103273296,1
1790103273297,0
1790103273743,1
1790103273743,0
1790103274168,1
1790103274168,0
1790103274512,1
1790103274512,0
1790103274739,1
1790103274739,0
1790103275072,1
1790103275072,0
1790103275497,1
1790103275497,0
1790103275936,0
1790103275936,0
1790103276320,1
1790103276320,0
1790103276729,1
1790103276729,0
1790103276944,1
1790103276944,0
1790103277318,1
1790103277318,0
1790103277706,1
1790103277706,0
1790103278276,1
1790103278276,0
1790103278614,1
1790103278614,0
1790103278958,1
1790103278958,0
1790103279365,1
1790103279365,0
1790103279780,1
1790103279780,0
1790103280170,1
1790103280170,0
1790103280611,1
1790103280611,0
1790103281049,1
1790103281049,0
1790103281549,1
1790103281550,0
1790103281995,1
1790103281995,0
1790103282435,1
1790103282435,0
1790103282660,1
1790103282660,0
1790103283249,1
1790103283250,0
1790103283680,1
1790103283680,0
1790103283885,1
1790103283885,0
1790103284254,1
1790103284254,0
1790103284539,1
1790103284539,0
1790103284976,1
1790103284976,0
1790103285402,1
1790103285402,0
1790103285685,1
1790103285686,0
1790103286085,1
1790103286086,0
1790103286585,1
1790103286585,0
1790103286793,1
1790103286793,0
1790103287222,1
1790103287222,0
1790103287660,1
1790103287660,0
1790103288166,1
1790103288167,0
1790103288681,1
1790103288681,0
1790103289010,1
1790103289011,0
1790103289450,1
1790103289450,0
1790103289897,1
1790103289898,0
1790103290335,1
1790103290336,0
1790103290749,1
1790103290749,0
1790103291091,1
1790103291092,0
1790103291447,1
1790103291447,0
1790103291726,1
1790103291726,0
1790103292082,1
1790103292082,0
1790103292433,1
1790103292433,0
1790103292875,1
1790103292875,0
1790103293093,1
1790103293093,0
1790103293416,1
1790103293416,0
1790103293645,1
1790103293645,0
1790103293957,1
1790103293958,0
1790103294347,1
1790103294347,0
1790103294559,1
1790103294560,0
1790103294910,1
1790103294910,0
1790103295260,1
1790103295260,0
1790103295614,1
1790103295614,0
1790103296031,1
1790103296031,0
1790103296389,1
1790103296390,0
1790103296748,1
1790103296748,0
1790103297161,1
1790103297161,0
1790103297574,1
1790103297574,0
1790103297991,1
1790103297991,0
1790103298216,1
1790103298216,0
1790103298595,1
1790103298595,0
1790103298809,1
1790103298810,0
1790103299249,1
1790103299250,0
1790103299749,1
1790103299749,0
1790103300159,1
1790103300160,0
1790103300524,1
1790103300524,0
1790103300847,1
1790103300847,0
1790103301232,1
1790103301233,0
1790103301610,1
1790103301610,0
1790103302053,1
1790103302053,0
1790103302431,1
1790103302431,0
1790103302876,1
1790103302877,0
1790103303226,1
1790103303226,0
1790103303668,1
1790103303668,0
1790103304089,1
1790103304089,0
1790103304478,1
1790103304479,0
1790103304708,1
1790103304709,0
1790103305058,1
1790103305058,0
1790103305481,1
1790103305481,0
1790103305921,1
1790103305922,0
1790103306391,1
1790103306392,0
1790103306815,1
1790103306815,0
1790103307043,1
1790103307043,0
1790103307486,1
1790103307486,0
1790103307926,1
1790103307926,0
1790103308151,1
1790103308151,0
1790103308358,1
1790103308359,0
1790103308846,1
1790103308846,0
1790103309296,1
1790103309296,0
1790103309758,1
1790103309759,0
1790103310196,1
1790103310196,0
1790103310621,1
1790103310622,0
1790103311072,1
1790103311073,0
1790103311513,1
1790103311513,0
1790103312021,1
1790103312021,0
1790103312370,1
1790103312370,0
1790103312594,1
1790103312594,0
1790103313028,1
1790103313028,0
1790103313476,1
1790103313477,0
1790103313859,1
1790103313860,0
1790103314247,1
1790103314247,0
1790103314718,1
1790103314718,0
1790103315075,1
1790103315075,0
1790103315510,1
1790103315510,0
1790103315866,1
1790103315866,0
1790103316215,1
1790103316215,0
1790103316636,1
1790103316637,0
1790103317055,1
1790103317055,0
1790103317555,1
1790103317555,0
1790103317939,1
1790103317939,0
1790103318356,1
1790103318356,0
1790103318743,1
1790103318743,0
1790103319226,1
1790103319226,0
1790103319635,1
1790103319635,0
1790103320084,1
1790103320084,0
1790103320439,1
1790103320439,0
1790103320853,1
1790103320854,0
1790103321133,1
1790103321133,0
1790103321349,1
1790103321349,0
1790103321743,1
1790103321743,0
1790103322100,1
1790103322100,0
1790103322516,1
1790103322516,0
1790103322949,1
1790103322949,0
1790103323170,1
1790103323171,0
1790103323514,1
1790103323514,0
1790103323926,1
1790103323926,0
1790103324359,1
1790103324359,0
1790103324578,1
1790103324578,0
1790103325117,1
1790103325118,0
1790103325482,1
1790103325482,0
1790103325759,1
1790103325760,0
1790103325976,1
1790103325976,0
1790103326387,1
1790103326387,0
1790103326739,1
1790103326739,0
1790103327218,1
1790103327218,0
1790103327570,1
1790103327570,0
1790103327976,1
1790103327976,0
1790103328331,1
1790103328331,0
1790103328543,1
1790103328543,0
1790103328764,1
1790103328764,0
1790103329185,1
1790103329185,0
1790103329570,1
1790103329570,0
1790103330127,1
1790103330127,0
1790103330520,1
1790103330520,0
1790103330935,1
1790103330936,0
1790103331294,1
1790103331295,0
1790103331519,1
1790103331519,0
1790103331865,1
1790103331865,0
1790103332280,1
1790103332280,0
1790103332749,1
1790103332749,0
1790103333248,1
1790103333248,0
1790103333657,1
1790103333657,0
1790103334022,1
1790103334023,0
1790103334238,1
1790103334238,0
1790103334453,1
1790103334453,0
1790103334676,1
1790103334676,0
1790103335056,1
1790103335056,0
1790103335397,1
1790103335398,0
1790103335685,1
1790103335685,0
1790103336028,1
1790103336028,0
1790103336385,1
1790103336385,0
1790103336771,1
1790103336771,0
1790103336991,1
1790103336991,0
1790103337437,1
1790103337437,0
1790103337850,1
1790103337850,0
1790103338383,1
1790103338383,0
1790103338738,1
1790103338738,0
1790103339162,1
1790103339162,0
1790103339598,1
1790103339598,0
1790103339956,1
1790103339956,0
1790103340426,1
1790103340426,0
1790103340812,1
1790103340813,0
1790103341191,1
1790103341191,0
1790103341695,1
1790103341695,0
1790103342101,1
1790103342102,0
1790103342543,1
1790103342543,0
1790103342774,1
1790103342774,0
1790103343144,1
1790103343145,0
1790103343359,1
1790103343360,0
1790103343576,1
1790103343576,0
1790103343914,1
1790103343915,0
1790103344279,1
1790103344279,0
1790103344660,1
1790103344660,0
1790103345047,1
1790103345047,0
1790103345430,1
1790103345430,0
1790103345776,1
1790103345776,0
1790103346126,1
1790103346126,0
1790103346568,1
1790103346568,0
1790103346986,1
1790103346987,0
1790103347402,1
1790103347402,0
1790103347786,1
1790103347786,0
1790103348226,1
1790103348226,0
1790103348672,1
1790103348672,0
1790103349062,1
1790103349063,0
1790103349577,1
1790103349577,0
1790103349987,1
1790103349987,0
1790103350382,1
1790103350383,0
1790103350803,1
1790103350804,0
1790103351243,1
1790103351243,0
1790103351686,1
1790103351687,0
1790103352043,1
1790103352044,0
1790103352396,1
1790103352397,0
1790103352743,1
1790103352743,0
1790103353188,1
1790103353188,0
1790103353620,1
1790103353621,0
1790103354072,1
1790103354072,0
1790103354491,1
1790103354491,0
1790103354909,1
1790103354910,0
1790103355139,1
1790103355140,0
1790103355656,1
1790103355656,0
1790103356021,1
1790103356022,0
1790103356428,1
1790103356429,0
1790103356788,1
1790103356788,0
1790103357134,1
1790103357135,0
1790103357523,1
1790103357523,0
1790103357726,1
1790103357726,0
1790103357952,1
1790103357952,0
1790103358414,1
1790103358414,0
1790103358843,1
1790103358843,0
1790103359289,1
1790103359289,0
1790103359621,1
1790103359621,0
1790103359846,1
1790103359846,0
1790103360056,1
1790103360056,0
1790103360255,1
1790103360255,0
1790103360649,1
1790103360650,0
1790103361085,1
1790103361085,0
1790103361491,1
1790103361491,0
1790103361835,0
1790103361835,0
1790103362193,1
1790103362194,0
1790103362545,1
1790103362545,0
1790103362986,1
1790103362987,0
1790103363507,1
1790103363507,0
1790103363862,1
1790103363862,0
1790103364216,1
1790103364216,0
1790103364650,1
1790103364650,0
1790103365004,1
1790103365004,0
1790103365433,1
1790103365434,0
1790103365843,1
1790103365843,0
1790103366260,1
1790103366260,0
1790103366791,1
1790103366792,0
1790103367208,1
1790103367208,0
1790103367564,1
1790103367564,0
1790103367927,1
1790103367928,0
1790103368426,1
1790103368426,0
1790103368776,1
1790103368776,0
1790103369179,1
1790103369179,0
1790103369393,1
1790103369393,0
1790103369793,1
1790103369793,0
1790103370234,1
1790103370234,0
1790103370668,1
1790103370668,0
1790103371118,1
1790103371118,0
1790103371343,1
1790103371343,0
1790103371557,1
1790103371557,0
1790103372056,1
1790103372057,0
1790103372400,1
1790103372401,0
1790103372787,1
1790103372787,0
1790103373143,1
1790103373143,0
1790103373618,1
1790103373618,0
1790103373969,1
1790103373969,0
1790103374524,1
1790103374524,0
1790103374940,1
1790103374940,0
1790103375351,1
1790103375352,0
1790103375741,1
1790103375741,0
1790103375978,1
1790103375978,0
1790103376380,1
1790103376380,0
1790103376770,1
1790103376770,0
1790103377150,1
1790103377150,0
1790103377709,1
1790103377709,0
1790103378093,1
1790103378093,0
1790103378512,1
1790103378512,0
1790103378726,1
1790103378726,0
1790103378976,1
1790103378976,0
1790103379407,1
1790103379407,0
1790103379843,1
1790103379843,0
1790103380243,1
1790103380243,0
1790103380592,1
1790103380592,0
1790103380876,1
1790103380876,0
1790103381276,1
1790103381276,0
1790103381493,1
1790103381493,0
1790103381869,1
1790103381870,0
1790103382377,1
1790103382377,0
1790103382819,1
1790103382820,0
1790103383204,1
1790103383205,0
1790103383649,1
1790103383650,0
1790103384003,1
1790103384003,0
1790103384362,1
1790103384362,0
1790103384757,1
1790103384757,0
1790103385190,1
1790103385190,0
1790103385601,1
1790103385601,0
1790103385998,1
1790103385998,0
1790103386336,1
1790103386336,0
1790103386692,1
1790103386692,0
1790103387111,1
1790103387111,0
1790103387561,1
1790103387561,0
1790103387964,1
1790103387964,0
1790103388411,1
1790103388411,0
1790103388843,1
1790103388843,0
1790103389401,1
1790103389402,0
1790103389626,1
1790103389627,0
1790103390060,1
1790103390060,0
1790103390418,1
1790103390418,0
1790103390884,1
1790103390884,0
1790103391334,1
1790103391334,0
1790103391843,1
1790103391843,0
1790103392265,1
1790103392265,0
1790103392609,1
1790103392610,0
1790103393017,1
1790103393017,0
1790103393402,1
1790103393402,0
1790103393800,1
1790103393800,0
1790103394209,1
1790103394210,0
1790103394684,1
1790103394685,0
1790103395080,1
1790103395080,0
1790103395459,1
1790103395459,0
1790103395672,1
1790103395673,0
1790103396085,1
1790103396086,0
1790103396507,1
1790103396508,0
1790103396951,1
1790103396951,0
1790103397366,1
1790103397366,0
1790103397839,1
1790103397840,0
1790103398219,1
1790103398220,0
1790103398443,1
1790103398443,0
1790103398877,1
1790103398878,0
1790103399259,1
1790103399260,0
1790103399718,1
1790103399718,0
1790103400080,1
1790103400080,0
1790103400469,1
1790103400469,0
1790103400759,1
1790103400759,0
1790103400976,1
1790103400976,0
1790103401392,1
1790103401392,0
1790103401802,1
1790103401803,0
1790103402226,1
1790103402226,0
1790103402671,1
1790103402671,0
1790103403098,1
1790103403098,0
1790103403519,1
1790103403520,0
1790103403985,1
1790103403985,0
1790103404344,1
1790103404345,0
1790103404701,1
1790103404701,0
1790103404926,1
1790103404926,0
1790103405368,1
1790103405368,0
1790103405780,1
1790103405781,0
1790103406153,1
1790103406154,0
1790103406526,1
1790103406527,0
1790103407026,1
1790103407027,0
1790103407259,1
1790103407259,0
1790103407676,1
1790103407677,0
1790103407903,1
1790103407903,0
1790103408178,1
1790103408178,0
1790103408618,1
1790103408618,0
1790103409072,1
1790103409072,0
1790103409570,1
1790103409570,0
1790103409985,1
1790103409985,0
1790103410456,1
1790103410457,0
1790103410904,1
1790103410904,0
1790103411301,1
1790103411301,0
1790103411509,1
1790103411509,0
1790103411784,1
1790103411784,0
1790103412210,1
1790103412210,0
1790103412588,1
1790103412588,0
1790103413048,1
1790103413048,0
1790103413503,1
1790103413504,0
1790103413945,1
1790103413945,0
1790103414389,1
1790103414389,0
1790103414776,1
1790103414776,0
1790103415226,1
1790103415226,0
1790103415432,1
1790103415433,0
1790103415878,1
1790103415878,0
1790103416308,1
1790103416308,0
1790103416666,1
1790103416666,0
1790103417026,1
1790103417026,0
1790103417243,1
1790103417243,0
1790103417611,1
1790103417611,0
1790103418068,1
1790103418069,0
1790103418359,1
1790103418359,0
1790103418715,1
1790103418715,0
1790103419145,1
1790103419145,0
1790103419501,1
1790103419502,0
1790103419860,1
1790103419860,0
1790103420209,1
1790103420210,0
1790103420550,1
1790103420550,0
1790103420892,1
1790103420893,0
1790103421316,1
1790103421316,0
1790103421747,1
1790103421747,0
1790103422187,1
1790103422188,0
1790103422541,1
1790103422541,0
1790103422978,1
1790103422978,0
1790103423365,1
1790103423365,0
1790103423793,1
1790103423793,0
1790103424219,1
1790103424219,0
1790103424676,1
1790103424676,0
1790103425026,1
1790103425026,0
1790103425409,1
1790103425410,0
1790103425852,1
1790103425852,0
1790103426305,1
1790103426305,0
1790103426707,1
1790103426708,0
1790103427109,1
1790103427110,0
1790103427566,1
1790103427566,0
1790103427793,1
1790103427793,0
1790103428009,1
1790103428009,0
1790103428421,1
1790103428422,0
1790103428657,1
1790103428657,0
1790103429091,1
1790103429092,0
1790103429435,1
1790103429435,0
1790103429842,1
1790103429842,0
1790103430193,1
1790103430193,0
1790103430401,1
1790103430401,0
1790103430789,1
1790103430789,0
1790103431212,1
1790103431212,0
1790103431616,1
1790103431616,0
1790103432090,1
1790103432090,0
1790103432520,1
1790103432520,0
1790103432926,1
1790103432926,0
1790103433310,1
1790103433310,0
1790103433726,1
1790103433726,0
1790103434134,1
1790103434134,0
1790103434551,1
1790103434551,0
1790103434787,1
1790103434787,0
1790103435008,1
1790103435008,0
1790103435568,1
1790103435568,0
1790103435980,1
1790103435981,0
1790103436345,1
1790103436345,0
1790103436787,1
1790103436788,0
1790103437222,1
1790103437222,0
1790103437580,1
1790103437580,0
1790103437971,1
1790103437971,0
1790103438396,1
1790103438397,0
1790103438844,1
1790103438845,0
1790103439215,1
1790103439216,0
1790103439726,1
1790103439726,0
1790103439951,1
1790103439951,0
1790103440168,1
1790103440168,0
1790103440501,1
1790103440502,0
1790103440850,1
1790103440850,0
1790103441351,1
1790103441351,0
1790103441711,1
1790103441711,0
1790103442093,1
1790103442093,0
1790103442303,1
1790103442303,0
1790103442736,1
1790103442736,0
1790103443177,1
1790103443178,0
1790103443681,1
1790103443681,0
1790103444058,1
1790103444058,0
1790103444409,1
1790103444409,0
1790103444911,1
1790103444912,0
1790103445350,1
1790103445351,0
1790103445801,1
1790103445801,0
1790103446026,1
1790103446026,0
1790103446240,1
1790103446240,0
1790103446800,1
1790103446801,0
1790103447009,1
1790103447009,0
1790103447410,1
1790103447411,0
1790103447835,1
1790103447835,0
1790103448247,1
1790103448247,0
1790103448666,1
1790103448666,0
1790103449148,1
1790103449148,0
1790103449510,1
1790103449510,0
1790103449923,1
1790103449923,0
1790103450217,1
1790103450217,0
1790103450433,1
1790103450433,0
1790103450868,1
1790103450868,0
1790103451093,1
1790103451093,0
1790103451325,1
1790103451325,0
1790103451792,1
1790103451792,0
1790103452254,1
1790103452254,0
1790103452643,1
1790103452643,0
1790103453000,1
1790103453000,0
1790103453341,1
1790103453341,0
1790103453734,1
1790103453734,0
1790103453926,1
1790103453926,0
1790103454132,1
1790103454132,0
1790103454630,1
1790103454630,0
1790103455050,1
1790103455050,0
1790103455460,1
1790103455461,0
1790103455916,1
1790103455917,0
1790103456152,1
1790103456152,0
1790103456514,1
1790103456514,0
1790103456959,1
1790103456959,0
1790103457551,1
1790103457551,0
1790103457988,1
1790103457988,0
1790103458358,1
1790103458358,0
1790103458772,1
1790103458772,0
1790103459160,1
1790103459160,0
1790103459562,1
1790103459562,0
1790103459919,1
1790103459919,0
1790103460476,1
1790103460476,0
1790103460868,1
1790103460868,0
1790103461351,1
1790103461351,0
1790103461576,1
1790103461576,0
1790103461786,1
1790103461786,0
1790103462236,1
1790103462237,0
1790103462679,1
1790103462679,0
1790103463226,1
1790103463226,0
1790103463580,1
1790103463580,0
1790103463976,1
1790103463976,0
1790103464335,1
1790103464335,0
1790103464749,1
1790103464750,0
1790103465195,1
1790103465195,0
1790103465745,1
1790103465745,0
1790103466108,1
1790103466109,0
1790103466457,1
1790103466457,0
1790103466829,1
1790103466830,0
1790103467068,1
1790103467068,0
1790103467428,1
1790103467428,0
1790103467876,1
1790103467876,0
1790103468476,1
1790103468476,0
1790103468876,1
1790103468876,0
1790103469220,1
1790103469220,0
1790103469449,1
1790103469449,0
1790103469866,1
1790103469866,0
1790103470292,1
1790103470293,0
1790103470796,1
1790103470796,0
1790103471019,1
1790103471019,0
1790103471437,1
1790103471437,0
1790103471841,1
1790103471841,0
1790103472069,1
1790103472069,0
1790103472451,1
1790103472451,0
1790103472881,1
1790103472881,0
1790103473286,1
1790103473286,0
1790103473675,1
1790103473675,0
1790103474016,1
1790103474016,0
1790103474226,1
1790103474226,0
1790103474568,1
1790103474568,0
1790103474808,1
1790103474808,0
1790103475021,1
1790103475021,0
1790103475439,1
1790103475440,0
1790103475816,1
1790103475816,0
1790103476184,1
1790103476185,0
1790103476663,1
1790103476664,0
1790103477018,1
1790103477018,0
1790103477384,1
1790103477385,0
1790103477833,1
1790103477834,0
1790103478182,1
1790103478182,0
1790103478524,1
1790103478524,0
1790103478921,1
1790103478921,0
1790103479359,1
1790103479359,0
1790103479864,1
1790103479864,0
1790103480076,1
1790103480076,0
1790103480408,1
1790103480408,0
1790103480626,1
1790103480626,0
1790103480826,1
1790103480826,0
1790103481265,1
1790103481265,0
1790103481692,1
1790103481693,0
1790103482035,1
1790103482035,0
1790103482242,1
1790103482243,0
1790103482523,1
1790103482523,0
1790103482759,1
1790103482759,0
1790103482985,1
1790103482985,0
1790103483390,1
1790103483391,0
1790103483824,1
1790103483824,0
1790103484266,1
1790103484266,0
1790103484640,1
1790103484641,0
1790103484859,1
1790103484859,0
1790103485090,1
1790103485090,0
1790103485293,1
1790103485293,0
1790103485694,1
1790103485694,0
1790103485926,1
1790103485926,0
1790103486426,1
1790103486426,0
1790103486851,1
1790103486852,0
1790103487293,1
1790103487293,0
1790103487739,1
1790103487739,0
1790103487973,1
1790103487973,0
1790103488186,1
1790103488187,0
1790103488603,1
1790103488604,0
1790103489003,1
1790103489003,0
1790103489547,1
1790103489548,0
1790103489899,1
1790103489899,0
1790103490248,1
1790103490248,0
1790103490471,1
1790103490471,0
1790103490910,1
1790103490911,0
1790103491353,1
1790103491354,0
1790103491896,1
1790103491896,0
1790103492345,1
1790103492345,0
1790103492821,1
1790103492821,0
1790103493282,1
1790103493282,0
1790103493734,1
1790103493734,0
1790103493926,1
1790103493926,0
1790103494146,1
1790103494146,0
1790103494686,1
1790103494686,0
1790103494909,1
1790103494909,0
1790103495242,1
1790103495242,0
1790103495686,1
1790103495686,0
1790103496084,1
1790103496085,0
1790103496321,1
1790103496321,0
1790103496865,1
1790103496866,0
1790103497226,1
1790103497226,0
1790103497724,1
1790103497725,0
1790103498113,1
1790103498114,0
1790103498559,1
1790103498559,0
1790103498802,1
1790103498802,0
1790103499024,1
1790103499024,0
1790103499547,1
1790103499548,0
1790103499776,1
1790103499776,0
1790103500142,1
1790103500142,0
1790103500477,1
1790103500477,0
1790103500984,1
1790103500985,0
1790103501337,1
1790103501337,0
1790103501759,1
1790103501759,0
1790103502199,1
1790103502199,0
1790103502652,1
1790103502652,0
1790103503109,1
1790103503109,0
1790103503467,1
1790103503468,0
1790103503876,1
1790103503876,0
1790103504226,1
1790103504226,0
1790103504570,1
1790103504570,0
1790103504921,1
1790103504921,0
1790103505259,1
1790103505259,0
1790103505676,1
1790103505676,0
1790103506026,1
1790103506026,0
1790103506502,1
1790103506502,0
1790103506909,1
1790103506909,0
1790103507381,1
1790103507381,0
1790103507819,1
1790103507819,0
1790103508165,1
1790103508166,0
1790103508459,1
1790103508459,0
1790103508789,1
1790103508789,0
1790103509135,1
1790103509135,0
1790103509542,1
1790103509543,0
1790103509960,1
1790103509960,0
1790103510442,1
1790103510442,0
1790103510834,1
1790103510834,0
1790103511220,1
1790103511220,0
1790103511585,1
1790103511585,0
1790103511992,1
1790103511993,0
1790103512209,1
1790103512209,0
1790103512409,1
1790103512409,0
1790103512692,1
1790103512692,0
1790103513063,1
1790103513063,0
1790103513550,1
1790103513550,0
1790103513973,1
1790103513973,0
1790103514393,1
1790103514393,0
1790103514734,1
1790103514734,0
1790103515093,1
1790103515093,0
1790103515622,1
1790103515622,0
1790103516003,1
1790103516003,0
1790103516462,1
1790103516463,0
1790103516866,1
1790103516867,0
1790103517292,1
1790103517292,0
1790103517669,1
1790103517669,0
1790103518110,1
1790103518110,0
1790103518472,1
1790103518472,0
1790103518836,1
1790103518836,0
1790103519159,1
1790103519160,0
1790103519528,1
1790103519528,0
1790103519757,1
1790103519757,0
1790103519976,1
1790103519976,0
1790103520352,1
1790103520352,0
1790103520785,1
1790103520785,0
1790103521059,1
1790103521059,0
1790103521466,1
1790103521466,0
1790103521901,1
1790103521901,0
1790103522351,1
1790103522351,0
1790103522759,1
1790103522760,0
1790103523143,1
1790103523143,0
1790103523526,1
1790103523526,0
1790103523968,1
1790103523968,0
1790103524318,1
1790103524318,0
1790103524689,1
1790103524689,0
1790103525097,1
1790103525097,0
1790103525458,1
1790103525459,0
1790103525839,1
1790103525839,0
1790103526177,1
1790103526177,0
1790103526529,1
1790103526530,0
1790103527059,1
1790103527059,0
1790103527285,1
1790103527285,0
1790103527711,1
1790103527711,0
1790103528079,1
1790103528080,0
1790103528481,1
1790103528481,0
1790103528694,1
1790103528695,0
1790103529132,1
1790103529133,0
1790103529459,1
1790103529459,0
1790103529855,1
1790103529855,0
1790103530242,1
1790103530242,0
1790103530430,1
1790103530430,0
1790103530765,1
1790103530766,0
1790103531138,1
1790103531138,0
1790103531499,1
1790103531499,0
1790103532026,1
1790103532026,0
1790103532474,1
1790103532475,0
1790103532700,1
1790103532700,0
1790103533069,1
1790103533070,0
1790103533591,1
1790103533591,0
1790103533942,1
1790103533942,0
1790103534426,1
1790103534426,0
1790103534828,1
1790103534828,0
1790103535201,1
1790103535201,0
1790103535531,1
1790103535531,0
1790103535950,1
1790103535950,0
1790103536184,1
1790103536184,0
1790103536566,1
1790103536567,0
1790103536954,1
1790103536954,0
1790103537451,1
1790103537451,0
1790103537807,1
1790103537808,0
1790103538153,1
1790103538154,0
1790103538559,1
1790103538559,0
1790103538983,1
1790103538983,0
1790103539365,1
1790103539365,0
1790103539798,1
1790103539798,0
1790103540210,1
1790103540210,0
1790103540666,1
1790103540666,0
1790103540908,1
1790103540908,0
1790103541109,1
1790103541109,0
1790103541466,1
1790103541466,0
1790103541828,1
1790103541828,0
1790103542234,1
1790103542235,0
1790103542457,1
1790103542457,0
1790103542853,1
1790103542853,0
1790103543309,1
1790103543309,0
1790103543689,1
1790103543689,0
1790103544104,1
1790103544104,0
1790103544547,1
1790103544547,0
1790103544942,1
1790103544942,0
1790103545351,1
1790103545352,0
1790103545842,1
1790103545843,0
1790103546281,1
1790103546281,0
1790103546694,1
1790103546694,0
1790103547098,1
1790103547098,0
1790103547459,1
1790103547459,0
1790103547815,1
1790103547815,0
1790103548165,1
1790103548165,0
1790103548541,1
1790103548541,0
1790103548999,1
1790103548999,0
1790103549458,1
1790103549458,0
1790103549807,1
1790103549807,0
1790103550217,1
1790103550217,0
1790103550418,1
1790103550418,0
1790103550851,1
1790103550851,0
1790103551209,1
1790103551209,0
1790103551559,1
1790103551559,0
1790103552042,1
1790103552043,0
1790103552435,1
1790103552435,0
1790103552935,1
1790103552936,0
1790103553300,1
1790103553300,0
1790103553529,1
1790103553529,0
1790103553968,1
1790103553968,0
1790103554399,1
1790103554399,0
1790103554965,1
1790103554965,0
1790103555334,1
1790103555334,0
1790103555561,1
1790103555562,0
1790103555976,1
1790103555976,0
1790103556270,1
1790103556270,0
1790103556714,1
1790103556714,0
1790103557150,1
1790103557151,0
1790103557441,1
1790103557441,0
1790103557844,1
1790103557844,0
1790103558246,1
1790103558247,0
1790103558634,1
1790103558635,0
1790103558867,1
1790103558867,0
1790103559274,1
1790103559274,0
1790103559686,1
1790103559686,0
1790103560159,1
1790103560159,0
1790103560568,1
1790103560568,0
1790103560953,1
1790103560953,0
1790103561342,1
1790103561343,0
1790103561741,1
1790103561742,0
1790103562251,1
1790103562251,0
1790103562632,1
1790103562633,0
1790103563033,1
1790103563033,0
1790103563472,1
1790103563472,0
1790103563892,1
1790103563892,0
1790103564288,1
1790103564288,0
1790103564663,1
1790103564664,0
1790103565078,1
1790103565078,0
1790103565412,1
1790103565413,0
1790103565651,1
1790103565651,0
1790103565879,1
1790103565879,0
1790103566361,1
1790103566361,0
1790103566595,1
1790103566595,0
1790103566818,1
1790103566818,0
1790103567252,1
1790103567252,0
1790103567745,1
1790103567745,0
1790103568202,1
1790103568202,0
1790103568555,1
1790103568555,0
1790103568791,1
1790103568791,0
1790103569183,1
1790103569184,0
1790103569599,1
1790103569599,0
1790103570024,1
1790103570024,0
1790103570468,1
1790103570468,0
1790103570902,1
1790103570902,0
1790103571413,1
1790103571414,0
1790103571813,1
1790103571814,0
1790103572236,1
1790103572236,0
1790103572588,1
1790103572589,0
1790103572952,1
1790103572953,0
1790103573366,1
1790103573366,0
1790103573734,1
1790103573734,0
1790103574128,1
1790103574128,0
1790103574495,1
1790103574495,0
1790103574901,1
1790103574902,0
1790103575307,1
1790103575307,0
1790103575695,1
1790103575695,0
1790103576128,1
1790103576128,0
1790103576476,1
1790103576476,0
1790103576844,1
1790103576845,0
1790103577228,1
1790103577228,0
1790103577757,1
1790103577758,0
1790103578203,1
1790103578203,0
1790103578576,1
1790103578576,0
1790103578974,1
1790103578974,0
1790103579350,1
1790103579350,0
1790103579773,1
1790103579776,0
1790103580007,1
1790103580008,0
1790103580276,1
1790103580277,0
1790103580653,1
1790103580654,0
1790103581001,1
1790103581001,0
1790103581418,1
1790103581418,0
1790103581834,1
1790103581835,0
1790103582191,1
1790103582192,0
1790103582578,1
1790103582578,0
1790103583046,1
1790103583047,0
1790103583546,1
1790103583547,0
1790103583772,1
1790103583772,0
1790103584139,1
1790103584139,0
1790103584581,1
1790103584581,0
1790103585063,1
1790103585063,0
1790103585505,1
1790103585505,0
1790103585948,1
1790103585948,0
1790103586426,1
1790103586426,0
1790103586778,1
1790103586778,0
1790103587131,1
1790103587131,0
1790103587495,1
1790103587495,0
1790103587904,1
1790103587905,0
1790103588326,1
1790103588326,0
1790103588740,1
1790103588741,0
1790103589138,1
1790103589138,0
1790103589709,1
1790103589709,0
1790103590094,1
1790103590094,0
1790103590523,1
1790103590524,0
1790103590979,1
1790103590979,0
1790103591413,1
1790103591413,0
1790103591862,1
1790103591862,0
1790103592073,1
1790103592073,0
1790103592536,1
1790103592536,0
1790103592878,1
1790103592878,0
1790103593235,1
1790103593235,0
1790103593592,1
1790103593592,0
1790103593809,1
1790103593809,0
1790103594142,1
1790103594142,0
1790103594488,1
1790103594489,0
1790103594855,1
1790103594855,0
1790103595403,1
1790103595404,0
1790103595848,1
1790103595849,0
1790103596228,1
1790103596228,0
1790103596442,1
1790103596442,0
1790103596663,1
1790103596664,0
1790103597060,1
1790103597061,0
1790103597457,1
1790103597458,0
1790103597804,1
1790103597804,0
1790103598195,1
1790103598195,0
1790103598472,1
1790103598472,0
1790103598847,1
1790103598847,0
1790103599209,1
1790103599209,0
1790103599559,1
1790103599560,0
1790103599930,1
1790103599930,0
1790103600417,1
1790103600417,0
1790103600855,1
1790103600855,0
1790103601219,1
1790103601219,0
1790103601643,1
1790103601643,0
1790103602075,1
1790103602075,0
1790103602463,1
1790103602463,0
1790103602833,1
1790103602834,0
1790103603195,1
1790103603195,0
1790103603469,1
1790103603469,0
1790103603686,1
1790103603686,0
1790103603892,1
1790103603892,0
1790103604248,1
1790103604248,0
1790103604613,1
1790103604613,0
1790103604971,1
1790103604971,0
1790103605390,1
1790103605390,0
1790103605799,1
1790103605799,0
1790103606161,1
1790103606161,0
1790103606369,1
1790103606369,0
1790103606741,1
1790103606741,0
1790103607118,1
1790103607118,0
1790103607491,1
1790103607492,0
1790103607939,1
1790103607939,0
1790103608309,1
1790103608309,0
1790103608740,1
1790103608740,0
1790103609114,1
1790103609114,0
1790103609567,1
1790103609568,0
1790103609965,1
1790103609966,0
1790103610292,1
1790103610292,0
1790103610672,1
1790103610672,0
1790103611028,1
1790103611028,0
1790103611443,1
1790103611443,0
1790103611893,1
1790103611893,0
1790103612323,1
1790103612324,0
1790103612679,1
1790103612679,0
1790103613109,1
1790103613109,0
1790103613529,1
1790103613529,0
1790103613873,1
1790103613873,0
1790103614207,1
1790103614207,0
1790103614707,1
1790103614707,0
1790103615153,1
1790103615153,0
1790103615526,1
1790103615526,0
1790103615894,1
1790103615894,0
1790103616332,1
1790103616333,0
1790103616779,1
1790103616779,0
1790103617230,1
1790103617230,0
1790103617805,1
1790103617805,0
1790103618042,1
1790103618043,0
1790103618460,1
1790103618461,0
1790103618892,1
1790103618892,0
1790103619392,1
1790103619393,0
1790103619604,1
1790103619604,0
1790103620059,1
1790103620060,0
1790103620436,1
1790103620436,0
1790103620717,1
1790103620717,0
1790103621154,1
1790103621154,0
1790103621584,1
1790103621584,0
1790103621926,1
1790103621926,0
1790103622527,1
1790103622527,0
1790103622976,1
1790103622976,0
1790103623359,1
1790103623359,0
1790103623703,1
1790103623703,0
1790103624167,1
1790103624168,0
1790103624568,1
1790103624568,0
1790103625042,1
1790103625042,0
1790103625456,1
1790103625456,0
1790103625906,1
1790103625906,0
1790103626340,1
1790103626341,0
1790103626757,1
1790103626757,0
1790103626973,1
1790103626974,0
1790103627531,1
1790103627532,0
1790103627942,1
1790103627943,0
1790103628347,1
1790103628347,0
1790103628784,1
1790103628784,0
1790103629236,1
1790103629236,0
1790103629608,1
1790103629608,0
1790103630134,1
1790103630134,0
1790103630325,1
1790103630326,0
1790103630817,1
1790103630818,0
1790103631038,1
1790103631038,0
1790103631473,1
1790103631474,0
1790103631909,1
1790103631909,0
1790103632524,1
1790103632524,0
1790103632967,1
1790103632968,0
1790103633173,1
1790103633174,0
1790103633575,1
1790103633576,0
1790103634003,1
1790103634004,0
1790103634385,1
1790103634385,0
1790103634882,1
1790103634882,0
1790103635093,1
1790103635093,0
1790103635517,1
1790103635518,0
1790103635919,1
1790103635919,0
1790103636140,1
1790103636140,0
1790103636355,1
1790103636355,0
1790103636750,1
1790103636750,0
1790103637149,1
1790103637149,0
1790103637517,1
1790103637518,0
1790103637727,1
1790103637729,0
1790103638122,1
1790103638123,0
1790103638558,1
1790103638559,0
1790103639026,1
1790103639026,0
1790103639385,1
1790103639385,0
1790103639788,1
1790103639788,0
1790103640175,1
1790103640175,0
1790103640497,1
1790103640497,0
1790103640842,1
1790103640842,0
1790103641228,1
1790103641228,0
1790103641670,1
1790103641670,0
1790103642080,1
1790103642080,0
1790103642444,1
1790103642444,0
1790103642851,1
1790103642851,0
1790103643263,1
1790103643263,0
1790103643775,1
1790103643775,0
1790103644168,1
1790103644168,0
1790103644596,1
1790103644596,0
1790103644818,1
1790103644818,0
1790103645151,1
1790103645151,0
1790103645330,1
1790103645330,0
1790103645843,1
1790103645843,0
1790103646209,1
1790103646209,0
1790103646425,1
1790103646426,0
1790103646800,1
1790103646800,0
1790103647215,1
1790103647215,0
1790103647622,1
1790103647622,0
1790103648118,1
1790103648118,0
1790103648557,1
1790103648557,0
1790103649045,1
1790103649045,0
1790103649263,1
1790103649264,0
1790103649657,1
1790103649657,0
1790103649877,1
1790103649877,0
1790103650451,1
1790103650451,0
1790103650821,1
1790103650821,0
1790103651048,1
1790103651048,0
1790103651490,1
1790103651490,0
1790103651893,1
1790103651893,0
1790103652330,1
1790103652330,0
1790103652668,1
1790103652669,0
1790103653114,1
1790103653114,0
1790103653575,1
1790103653576,0
1790103653922,1
1790103653922,0
1790103654313,1
1790103654314,0
1790103654525,1
1790103654526,0
1790103655130,1
1790103655130,0
1790103655460,1
1790103655460,0
1790103655809,1
1790103655809,0
1790103656033,1
1790103656033,0
1790103656437,1
1790103656437,0
1790103656780,1
1790103656780,0
1790103657340,1
1790103657341,0
1790103657559,1
1790103657559,0
1790103657825,1
1790103657825,0
1790103658236,1
1790103658236,0
1790103658669,1
1790103658669,0
1790103658892,1
1790103658892,0
1790103659464,1
1790103659464,0
1790103659809,1
1790103659809,0
1790103660190,1
1790103660190,0
1790103660520,1
1790103660520,0
1790103660958,1
1790103660958,0
1790103661178,1
1790103661178,0
1790103661626,1
1790103661626,0
1790103662002,1
1790103662003,0
1790103662509,1
1790103662509,0
1790103662725,1
1790103662725,0
1790103663157,1
1790103663158,0
1790103663503,1
1790103663503,0
1790103664113,1
1790103664113,0
1790103664550,1
1790103664550,0
1790103664984,1
1790103664986,0
1790103665358,1
1790103665358,0
1790103665792,1
1790103665792,0
1790103666172,1
1790103666172,0
1790103666505,1
1790103666506,0
1790103666884,1
1790103666884,0
1790103667293,1
1790103667293,0
1790103667667,1
1790103667667,0
1790103668073,1
1790103668073,0
1790103668290,1
1790103668290,0
1790103668813,1
1790103668813,0
1790103669135,1
1790103669135,0
1790103669497,1
1790103669498,0
1790103669724,1
1790103669724,0
1790103670211,1
1790103670211,0
1790103670622,1
1790103670622,0
1790103671173,1
1790103671173,0
1790103671401,1
1790103671401,0
1790103671659,1
1790103671659,0
1790103672011,1
1790103672012,0
1790103672234,1
1790103672234,0
1790103672593,1
1790103672593,0
1790103673145,1
1790103673145,0
1790103673527,1
1790103673527,0
1790103673937,1
1790103673937,0
1790103674347,1
1790103674347,0
1790103674747,1
1790103674747,0
1790103675125,1
1790103675125,0
1790103675630,1
1790103675630,0
1790103676048,1
1790103676048,0
1790103676546,1
1790103676547,0
1790103676934,1
1790103676935,0
1790103677274,1
1790103677275,0
1790103677621,1
1790103677621,0
1790103678171,1
1790103678172,0
1790103678609,1
1790103678609,0
1790103678985,1
1790103678985,0
1790103679353,1
1790103679354,0
1790103679859,1
1790103679859,0
1790103680075,1
1790103680075,0
1790103680571,1
1790103680571,0
1790103681009,1
1790103681009,0
1790103681292,1
1790103681292,0
1790103681517,1
1790103681517,0
1790103681882,1
1790103681882,0
1790103682273,1
1790103682273,0
1790103682884,1
1790103682884,0
1790103683227,1
1790103683227,0
1790103683672,1
1790103683673,0
1790103684050,1
1790103684050,0
1790103684492,1
1790103684493,0
1790103684845,1
1790103684845,0
1790103685359,1
1790103685359,0
1790103685575,1
1790103685575,0
1790103685999,1
1790103685999,0
1790103686408,1
1790103686409,0
1790103686847,1
1790103686847,0
1790103687263,1
1790103687263,0
1790103687813,1
1790103687813,0
1790103688228,1
1790103688228,0
1790103688608,1
1790103688608,0
1790103688989,1
1790103688989,0
1790103689445,1
1790103689446,0
1790103689882,1
1790103689882,0
1790103690435,1
1790103690435,0
1790103690780,1
1790103690780,0
1790103691248,1
1790103691249,0
1790103691648,1
1790103691648,0
1790103692049,1
1790103692049,0
1790103692275,1
1790103692275,0
1790103692789,1
1790103692790,0
1790103693140,1
1790103693141,0
1790103693584,1
1790103693584,0
1790103693935,1
1790103693935,0
1790103694331,1
1790103694332,0
1790103694775,1
1790103694775,0
1790103695112,1
1790103695112,0
1790103695449,1
1790103695449,0
1790103695942,1
1790103695942,0
1790103696159,1
1790103696159,0
1790103696509,1
1790103696509,0
1790103696951,1
1790103696951,0
1790103697544,1
1790103697545,0
1790103697956,1
1790103697956,0
1790103698307,1
1790103698307,0
1790103698531,1
1790103698531,0
1790103698921,1
1790103698921,0
1790103699274,1
1790103699275,0
1790103699835,1
1790103699835,0
1790103700172,1
1790103700172,0
1790103700601,1
1790103700601,0
1790103701034,1
1790103701034,0
1790103701417,1
1790103701417,0
1790103701764,1
1790103701764,0
1790103702313,1
1790103702313,0
1790103702652,1
1790103702652,0
1790103703027,1
1790103703027,0
1790103703464,1
1790103703464,0
1790103703903,1
1790103703903,0
1790103704237,1
1790103704238,0
1790103704788,1
1790103704789,0
1790103705176,1
1790103705176,0
1790103705425,1
1790103705425,0
1790103705795,1
1790103705795,0
1790103706207,1
1790103706207,0
1790103706548,1
1790103706548,0
1790103706946,1
1790103706947,0
1790103707296,1
1790103707296,0
1790103707526,1
1790103707526,0
1790103707866,1
1790103707866,0
1790103708293,1
1790103708293,0
1790103708673,1
1790103708673,0
1790103709199,1
1790103709199,0
1790103709604,1
1790103709604,0
1790103709884,1
1790103709884,0
1790103710262,1
1790103710263,0
1790103710600,1
1790103710600,0
1790103711024,0
1790103711024,0
1790103711559,1
1790103711559,0
1790103711982,1
1790103711982,0
1790103712383,1
1790103712384,0
1790103712790,1
1790103712790,0
1790103713292,1
1790103713292,0
1790103713675,1
1790103713675,0
1790103714128,1
1790103714128,0
1790103714540,1
1790103714540,0
1790103715000,1
1790103715000,0
1790103715415,1
1790103715416,0
1790103715794,1
1790103715794,0
1790103716207,1
1790103716207,0
1790103716767,1
1790103716767,0
1790103717206,1
1790103717206,0
1790103717426,1
1790103717426,0
1790103717630,1
1790103717631,0
1790103718055,1
1790103718055,0
1790103718401,1
1790103718402,0
1790103718959,1
1790103718959,0
1790103719334,1
1790103719334,0
1790103719617,1
1790103719617,0
1790103719825,1
1790103719825,0
1790103720221,1
1790103720222,0
1790103720542,1
1790103720542,0
1790103721146,1
1790103721147,0
1790103721555,1
1790103721556,0
1790103721899,1
1790103721900,0
1790103722121,1
1790103722121,0
1790103722581,1
1790103722581,0
1790103722930,1
1790103722930,0
1790103723490,1
1790103723490,0
1790103723859,1
1790103723859,0
1790103724244,1
1790103724245,0
1790103724579,1
1790103724579,0
1790103724992,1
1790103724992,0
1790103725436,1
1790103725436,0
1790103726021,1
1790103726022,0
1790103726467,1
1790103726467,0
1790103726867,1
1790103726867,0
1790103727283,1
1790103727283,0
1790103727736,1
1790103727736,0
1790103728166,1
1790103728167,0
1790103728661,1
1790103728661,0
1790103729039,1
1790103729039,0
1790103729474,1
1790103729474,0
1790103729693,1
1790103729693,0
1790103729902,1
1790103729902,0
1790103730323,1
1790103730324,0
1790103730911,1
1790103730911,0
1790103731351,1
1790103731351,0
1790103731723,1
1790103731723,0
1790103732144,1
1790103732144,0
1790103732425,1
1790103732425,0
1790103732832,1
1790103732832,0
1790103733377,1
1790103733377,0
1790103733591,1
1790103733591,0
1790103734075,1
1790103734075,0
1790103734444,1
1790103734445,0
1790103734659,1
1790103734659,0
1790103735057,1
1790103735057,0
1790103735448,1
1790103735448,0
1790103735780,1
1790103735780,0
1790103736184,1
1790103736184,0
1790103736617,1
1790103736617,0
1790103736897,1
1790103736897,0
1790103737338,1
1790103737338,0
1790103737667,1
1790103737667,0
1790103738080,1
1790103738080,0
1790103738570,1
1790103738570,0
1790103739005,1
1790103739006,0
1790103739384,1
1790103739385,0
1790103739609,1
1790103739609,0
1790103740187,1
1790103740187,0
1790103740375,1
1790103740376,0
1790103740717,1
1790103740717,0
1790103741056,1
1790103741056,0
1790103741457,1
1790103741457,0
1790103741884,1
1790103741884,0
1790103742209,1
1790103742209,0
1790103742627,1
1790103742627,0
1790103742905,1
1790103742905,0
1790103743290,1
1790103743290,0
1790103743632,1
1790103743633,0
1790103744072,1
1790103744072,0
1790103744659,1
1790103744659,0
1790103744875,1
1790103744875,0
1790103745236,1
1790103745236,0
1790103745433,1
1790103745433,0
1790103745925,1
1790103745925,0
1790103746330,1
1790103746330,0
1790103746809,1
1790103746809,0
1790103747150,1
1790103747150,0
1790103747607,1
1790103747607,0
1790103747965,1
1790103747966,0
1790103748404,1
1790103748405,0
1790103748848,1
1790103748848,0
1790103749228,1
1790103749228,0
1790103749630,1
1790103749630,0
1790103750048,1
1790103750049,0
1790103750444,1
1790103750445,0
1790103750942,1
1790103750942,0
1790103751384,1
1790103751384,0
1790103751884,1
1790103751884,0
1790103752263,1
1790103752264,0
1790103752671,1
1790103752672,0
1790103753013,1
1790103753013,0
1790103753450,1
1790103753451,0
1790103753859,1
1790103753859,0
1790103754359,1
1790103754359,0
1790103754798,1
1790103754799,0
1790103755159,1
1790103755159,0
1790103755489,1
1790103755489,0
1790103755925,1
1790103755926,0
1790103756277,1
1790103756278,0
1790103756812,1
1790103756812,0
1790103757184,1
1790103757184,0
1790103757634,1
1790103757635,0
1790103758043,1
1790103758044,0
1790103758444,1
1790103758444,0
1790103758888,1
1790103758888,0
1790103759261,1
1790103759262,0
1790103759475,1
1790103759475,0
1790103759840,1
1790103759841,0
1790103760065,1
1790103760065,0
1790103760468,1
1790103760468,0
1790103760906,1
1790103760907,0
1790103761475,1
1790103761475,0
1790103761914,1
1790103761914,0
1790103762355,1
1790103762355,0
1790103762798,1
1790103762798,0
1790103763025,1
1790103763025,0
1790103763425,1
1790103763425,0
1790103764033,1
1790103764033,0
1790103764474,1
1790103764475,0
1790103764688,1
1790103764688,0
1790103765030,1
1790103765031,0
1790103765307,1
1790103765308,0
1790103765732,1
1790103765732,0
1790103766281,1
1790103766281,0
1790103766617,1
1790103766617,0
1790103767104,1
1790103767104,0
1790103767474,1
1790103767474,0
1790103767692,1
1790103767692,0
1790103768034,1
1790103768034,0
1790103768442,1
1790103768443,0
1790103768887,1
1790103768887,0
1790103769215,1
1790103769215,0
1790103769625,1
1790103769626,0
1790103770016,1
1790103770016,0
1790103770397,1
1790103770397,0
1790103770915,1
1790103770916,0
1790103771325,1
1790103771326,0
1790103771592,1
1790103771592,0
1790103772017,1
1790103772017,0
1790103772380,1
1790103772380,0
1790103772598,1
1790103772598,0
1790103773217,1
1790103773217,0
1790103773625,1
1790103773625,0
1790103773981,1
1790103773981,0
1790103774342,1
1790103774343,0
1790103774769,1
1790103774769,0
1790103774998,1
1790103774998,0
1790103775541,1
1790103775541,0
1790103775980,1
1790103775981,0
1790103776258,1
1790103776259,0
1790103776675,1
1790103776676,0
1790103777078,1
1790103777078,0
1790103777453,1
1790103777453,0
1790103778065,1
1790103778065,0
1790103778435,1
1790103778436,0
1790103778840,1
1790103778840,0
1790103779263,1
1790103779264,0
1790103779718,1
1790103779718,0
1790103780090,1
1790103780091,0
1790103780617,1
1790103780617,0
1790103781011,1
1790103781011,0
1790103781503,1
1790103781504,0
1790103781943,1
1790103781943,0
1790103782370,1
1790103782371,0
1790103782821,1
1790103782822,0
1790103783438,1
1790103783439,0
1790103783783,1
1790103783784,0
1790103784192,1
1790103784192,0
1790103784613,1
1790103784613,0
1790103784892,1
1790103784892,0
1790103785293,1
1790103785294,0
1790103785610,1
1790103785610,0
1790103785963,1
1790103785963,0
1790103786237,1
1790103786237,0
1790103786617,1
1790103786617,0
1790103787017,1
1790103787018,0
1790103787382,1
1790103787383,0
1790103787964,1
1790103787964,0
1790103788190,1
1790103788190,0
1790103788584,1
1790103788584,0
1790103788935,1
1790103788935,0
1790103789363,1
1790103789364,0
1790103789801,1
1790103789801,0
1790103790292,1
1790103790292,0
1790103790648,1
1790103790648,0
1790103791089,1
1790103791090,0
1790103791530,1
1790103791530,0
1790103791925,1
1790103791925,0
1790103792260,1
1790103792260,0
1790103792786,1
1790103792787,0
1790103793172,1
1790103793172,0
1790103793520,1
1790103793521,0
1790103793892,1
1790103793892,0
1790103794363,1
1790103794364,0
1790103794581,1
1790103794581,0
1790103795078,1
1790103795079,0
1790103795487,1
1790103795487,0
1790103795955,1
1790103795955,0
1790103796333,1
1790103796334,0
1790103796561,1
1790103796561,0
1790103796990,1
1790103796990,0
1790103797513,1
1790103797513,0
1790103797725,1
1790103797725,0
1790103798080,1
1790103798080,0
1790103798455,1
1790103798455,0
1790103798733,1
1790103798733,0
1790103799169,1
1790103799169,0
1790103799692,1
1790103799692,0
1790103799916,1
1790103799917,0
1790103800312,1
1790103800312,0
1790103800674,1
1790103800674,0
1790103801125,1
1790103801125,0
1790103801568,1
1790103801568,0
1790103802093,1
1790103802094,0
1790103802496,1
1790103802496,0
1790103802855,1
1790103802856,0
1790103803272,1
1790103803272,0
1790103803743,1
1790103803743,0
1790103803968,1
1790103803968,0
1790103804483,1
1790103804483,0
1790103804927,1
1790103804927,0
1790103805351,1
1790103805352,0
1790103805753,1
1790103805753,0
1790103806100,1
1790103806101,0
1790103806441,1
1790103806441,0
1790103806998,1
1790103806999,0
1790103807381,1
1790103807381,0
1790103807592,1
1790103807592,0
1790103807792,1
1790103807792,0
1790103808275,1
1790103808275,0
1790103808661,1
1790103808661,0
1790103808987,1
1790103808987,0
1790103809336,1
1790103809336,0
1790103809742,1
1790103809742,0
1790103810179,1
1790103810179,0
1790103810378,1
1790103810379,0
1790103810721,1
1790103810721,0
1790103811277,1
1790103811277,0
1790103811498,1
1790103811498,0
1790103811845,1
1790103811845,0
1790103812256,1
1790103812257,0
1790103812758,1
1790103812759,0
1790103813183,1
1790103813183,0
1790103813511,1
1790103813511,0
1790103813908,1
1790103813908,0
