1790180299108,1
1790180299115,0
1790180299117,1
1790180299228,2
1790180299267,3
1790180299289,4
1790180299356,3
1790180299464,2
1790180299530,1
1790180299530,0
1790180299656,1
1790180299656,0
1790180300995,1
1790180300995,0
1790180301225,1
1790180301225,0
1790180301257,1
1790180301291,2
1790180301315,1
1790180301345,2
1790180301368,3
1790180301382,2
1790180301382,1
1790180301398,2
1790180301440,1
1790180301440,0
1790180301581,1
1790180301581,0
1790180302049,1
1790180302049,0
1790180302422,1
1790180302422,0
1790180302451,1
1790180302472,0
1790180302473,1
1790180302473,0
1790180303097,1
1790180303097,0
1790180303653,1
1790180303653,0
1790180303683,1
1790180303713,0
1790180304366,1
1790180304366,0
1790180305017,1
1790180305017,0
1790180305120,0
1790180305120,0
1790180306542,1
1790180306542,0
1790180306570,1
1790180306598,0
1790180306843,1
1790180306843,0
1790180307342,1
1790180307342,0
1790180307690,1
1790180307691,0
1790180307724,1
1790180307749,0
1790180307756,1
1790180307756,0
1790180307811,1
1790180307811,0
1790180308991,1
1790180308992,0
1790180309740,1
1790180309740,0
1790180309760,1
1790180309760,0
1790180309791,1
1790180309816,0
1790180309844,1
1790180309844,0
1790180309870,1
1790180309888,0
1790180309900,1
1790180309900,0
1790180310009,1
1790180310009,0
1790180310643,1
1790180310643,0
1790180311438,1
1790180311438,0
1790180311580,1
1790180311580,0
1790180311604,1
1790180311635,0
1790180311853,1
1790180311853,0
1790180311999,1
1790180311999,0
1790180312038,1
1790180312038,0
1790180312059,1
1790180312059,0
1790180312517,1
1790180312517,0
1790180312550,1
1790180312550,0
1790180312577,1
1790180312577,0
1790180312929,1
1790180312930,0
1790180313327,1
1790180313327,0
1790180313357,1
1790180313357,0
1790180313386,1
1790180313386,0
1790180313415,1
1790180313415,0
1790180313758,1
1790180313758,0
1790180314026,1
1790180314026,0
1790180314048,1
1790180314074,0
1790180314080,1
1790180314116,0
1790180314313,1
1790180314313,0
1790180314736,1
1790180314736,0
1790180315110,1
1790180315110,0
1790180315133,1
1790180315169,0
1790180315423,1
1790180315424,0
1790180315823,1
1790180315824,0
1790180315847,1
1790180315896,0
1790180316068,1
1790180316068,0
1790180316086,1
1790180316131,0
1790180317007,1
1790180317007,0
1790180317040,1
1790180317054,0
1790180317069,1
1790180317069,0
1790180317099,1
1790180317099,0
1790180317158,1
1790180317158,0
1790180317810,1
1790180317810,0
1790180317983,1
1790180317983,0
1790180318763,1
1790180318763,0
1790180318943,1
1790180318944,0
1790180319242,1
1790180319243,0
1790180320356,1
1790180320356,0
1790180320387,1
1790180320422,2
1790180320423,1
1790180320423,0
1790180320446,1
1790180320446,0
1790180320479,1
1790180320479,0
1790180321162,1
1790180321162,0
1790180321184,1
1790180321218,0
1790180321366,1
1790180321366,0
1790180321694,1
1790180321694,0
1790180321863,1
1790180321863,0
1790180322232,1
1790180322232,0
1790180322349,1
1790180322349,0
1790180322620,1
1790180322621,0
1790180322700,1
1790180322700,0
1790180322746,1
1790180322747,0
1790180323457,1
1790180323458,0
1790180323702,1
1790180323703,0
1790180323724,1
1790180323749,0
1790180323815,1
1790180323815,0
1790180323953,1
1790180323953,0
1790180324118,1
1790180324118,0
1790180324150,1
1790180324164,0
1790180324179,1
1790180324179,0
1790180324235,1
1790180324235,0
1790180324249,1
1790180324279,0
1790180324283,1
1790180324283,0
1790180324648,1
1790180324648,0
1790180324677,1
1790180324694,0
1790180324698,1
1790180324698,0
1790180324727,1
1790180324727,0
1790180324761,1
1790180324772,0
1790180324785,1
1790180324814,2
1790180324816,1
1790180324839,2
1790180324863,1
1790180324898,2
1790180324908,1
1790180324920,2
1790180324953,1
1790180324956,2
1790180324990,3
1790180324999,2
1790180325045,1
1790180325045,0
1790180325065,1
1790180325066,0
1790180325260,1
1790180325260,0
1790180325420,1
1790180325420,0
1790180325448,1
1790180325463,0
1790180325468,1
1790180325490,2
1790180325506,1
1790180325506,0
1790180325550,1
1790180325550,0
1790180325897,1
1790180325898,0
1790180325924,1
1790180325943,0
1790180325952,1
1790180325986,0
1790180325987,1
1790180326009,2
1790180326031,1
1790180326034,0
1790180326182,1
1790180326182,0
1790180327120,1
1790180327120,0
1790180327150,1
1790180327163,0
1790180327180,1
1790180327208,0
1790180327211,1
1790180327251,0
1790180327467,1
1790180327467,0
1790180327648,1
1790180327648,0
1790180327805,1
1790180327805,0
1790180327834,1
1790180327848,0
1790180327870,1
1790180327870,0
1790180328181,1
1790180328182,0
1790180328325,1
1790180328325,0
1790180328357,1
1790180328371,0
1790180328387,1
1790180328415,0
1790180328437,1
1790180328437,0
1790180328472,1
1790180328480,0
1790180328794,1
1790180328794,0
1790180328815,1
1790180328837,2
1790180328838,1
1790180328884,0
1790180329413,1
1790180329413,0
1790180329436,1
1790180329457,0
1790180329469,1
1790180329469,0
1790180329571,1
1790180329571,0
1790180329763,1
1790180329763,0
1790180329805,1
1790180329806,0
1790180329890,0
1790180329891,0
1790180330071,1
1790180330071,0
1790180330150,1
1790180330150,0
1790180330183,1
1790180330194,0
1790180330218,1
1790180330218,0
1790180330231,1
1790180330265,0
1790180330322,1
1790180330323,0
1790180330439,1
1790180330439,0
1790180330466,1
1790180330481,0
1790180330498,1
1790180330498,0
1790180330557,1
1790180330557,0
1790180330588,1
1790180330600,0
1790180330834,1
1790180330834,0
1790180330939,1
1790180330939,0
1790180330961,1
1790180330982,0
1790180330990,1
1790180331015,2
1790180331024,1
1790180331072,0
1790180331175,1
1790180331175,0
1790180331407,1
1790180331407,0
1790180331433,1
1790180331450,0
1790180331469,1
1790180331469,0
1790180331485,1
1790180331515,0
1790180331524,1
1790180331545,2
1790180331559,1
1790180331559,0
1790180331601,1
1790180331602,0
1790180331611,1
1790180331651,0
1790180331665,1
1790180331665,0
1790180331836,1
1790180331836,0
1790180331860,1
1790180331883,0
1790180331982,1
1790180331982,0
1790180332126,1
1790180332126,0
1790180332156,1
1790180332170,0
1790180332551,1
1790180332551,0
1790180332581,1
1790180332593,0
1790180332611,1
1790180332611,0
1790180332642,1
1790180332642,0
1790180332792,1
1790180332792,0
1790180333341,1
1790180333341,0
1790180333377,1
1790180333388,2
1790180333427,3
1790180333434,2
1790180333434,1
1790180333434,0
1790180333508,1
1790180333508,0
1790180333591,1
1790180333591,0
1790180333696,1
1790180333696,0
1790180333817,1
1790180333817,0
1790180334245,1
1790180334245,0
1790180334357,1
1790180334357,0
1790180334406,1
1790180334418,0
1790180334436,1
1790180334466,2
1790180334470,1
1790180334470,0
1790180334493,1
1790180334493,0
1790180334555,1
1790180334555,0
1790180334849,1
1790180334849,0
1790180334905,1
1790180334905,0
1790180335403,1
1790180335403,0
1790180335623,1
1790180335623,0
1790180335733,1
1790180335733,0
1790180335764,1
1790180335775,2
1790180335776,1
1790180335821,0
1790180336153,1
1790180336153,0
1790180336967,1
1790180336967,0
1790180336998,1
1790180337009,0
1790180337195,1
1790180337195,0
1790180337324,1
1790180337324,0
1790180337361,1
1790180337368,0
1790180337386,1
1790180337386,0
1790180337487,1
1790180337487,0
1790180337524,1
1790180337530,0
1790180337783,1
1790180337783,0
1790180337805,1
1790180337827,0
1790180338057,1
1790180338057,0
1790180338318,1
1790180338318,0
1790180338341,1
1790180338364,0
1790180338373,1
1790180338408,0
1790180338479,1
1790180338479,0
1790180338591,1
1790180338591,0
1790180339129,1
1790180339129,0
1790180339178,1
1790180339178,0
1790180339197,1
1790180339221,0
1790180339229,1
1790180339246,2
1790180339262,1
1790180339263,0
1790180339283,1
1790180339283,0
1790180340080,1
1790180340080,0
1790180340249,1
1790180340249,0
1790180340271,1
1790180340291,0
1790180340302,1
1790180340302,0
1790180340334,1
1790180340334,0
1790180340536,1
1790180340536,0
1790180340567,1
1790180340579,0
1790180340592,1
1790180340624,0
1790180340743,1
1790180340743,0
1790180340771,1
1790180340785,0
1790180340796,1
1790180340826,2
1790180340827,1
1790180340849,2
1790180340872,1
1790180340872,0
1790180340879,1
1790180340879,0
1790180340907,1
1790180340907,0
1790180341671,1
1790180341671,0
1790180341840,1
1790180341840,0
1790180341864,1
1790180341885,0
1790180341887,1
1790180341915,2
1790180341930,1
1790180341930,0
1790180342298,0
1790180342300,0
1790180342546,1
1790180342547,0
1790180342575,1
1790180342590,0
1790180342601,1
1790180342601,0
1790180342778,1
1790180342778,0
1790180342837,1
1790180342837,0
1790180343541,1
1790180343541,0
1790180344097,1
1790180344097,0
1790180344327,1
1790180344327,0
1790180344359,1
1790180344373,0
1790180344579,1
1790180344580,0
1790180344603,1
1790180344619,0
1790180344925,1
1790180344925,0
1790180345151,1
1790180345152,0
1790180345211,1
1790180345211,0
1790180345240,1
1790180345252,0
1790180345272,1
1790180345272,0
1790180345548,1
1790180345548,0
1790180345578,1
1790180345592,0
1790180345610,1
1790180345611,0
1790180345630,1
1790180345666,0
1790180345913,1
1790180345913,0
1790180346051,1
1790180346051,0
1790180346193,1
1790180346193,0
1790180347007,1
1790180347007,0
1790180347046,1
1790180347061,0
1790180347093,1
1790180347102,0
1790180347276,1
1790180347276,0
1790180347318,1
1790180347328,0
1790180347682,1
1790180347682,0
1790180347700,1
1790180347724,0
1790180347733,1
1790180347763,2
1790180347775,1
1790180347776,0
1790180348151,1
1790180348151,0
1790180348185,1
1790180348207,0
1790180348407,1
1790180348407,0
1790180348429,1
1790180348457,0
1790180348745,1
1790180348745,0
1790180348772,1
1790180348791,0
1790180348809,1
1790180348841,2
1790180348845,1
1790180348845,0
1790180348901,1
1790180348901,0
1790180349225,1
1790180349225,0
1790180349247,1
1790180349278,0
1790180349306,1
1790180349324,0
1790180349327,1
1790180349359,2
1790180349377,1
1790180349387,2
1790180349417,1
1790180349417,0
1790180349592,1
1790180349592,0
1790180349616,1
1790180349628,2
1790180349633,1
1790180349685,0
1790180349779,1
1790180349779,0
1790180350324,1
1790180350324,0
1790180350352,1
1790180350365,0
1790180350844,1
1790180350844,0
1790180351083,1
1790180351083,0
1790180351116,1
1790180351136,0
1790180351261,1
1790180351261,0
1790180351337,1
1790180351337,0
1790180351539,1
1790180351539,0
1790180351566,1
1790180351580,0
1790180351619,1
1790180351620,0
1790180351648,1
1790180351661,0
1790180352081,1
1790180352082,0
1790180352130,1
1790180352135,0
1790180352151,1
1790180352175,0
1790180352305,1
1790180352305,0
1790180352337,1
1790180352352,0
1790180352361,1
1790180352394,2
1790180352404,1
1790180352404,0
1790180352419,1
1790180352449,2
1790180352455,1
1790180352507,0
1790180352646,1
1790180352646,0
1790180352677,1
1790180352700,0
1790180352701,1
1790180352752,0
1790180352752,1
1790180352778,2
1790180352798,1
1790180352803,2
1790180352850,1
1790180352850,0
1790180352950,1
1790180352950,0
1790180352976,1
1790180352990,0
1790180353205,1
1790180353205,0
1790180353232,1
1790180353250,0
1790180353537,1
1790180353537,0
1790180353567,1
1790180353591,0
1790180353598,1
1790180353626,2
1790180353631,1
1790180353631,0
1790180353687,1
1790180353687,0
1790180353821,1
1790180353822,0
1790180353853,1
1790180353866,0
1790180353883,1
1790180353883,0
1790180354074,1
1790180354074,0
1790180354106,1
1790180354123,2
1790180354127,1
1790180354151,2
1790180354167,1
1790180354167,0
1790180354217,1
1790180354217,0
1790180354737,1
1790180354737,0
1790180355078,1
1790180355078,0
1790180355436,1
1790180355436,0
1790180355472,1
1790180355477,0
1790180355496,1
1790180355531,2
1790180355532,1
1790180355533,0
1790180356145,1
1790180356145,0
1790180356183,1
1790180356207,0
1790180356327,1
1790180356327,0
1790180356894,1
1790180356894,0
1790180357004,1
1790180357004,0
1790180357114,1
1790180357114,0
1790180357221,1
1790180357221,0
1790180357453,1
1790180357454,0
1790180357788,1
1790180357788,0
1790180358183,1
1790180358183,0
1790180358212,1
1790180358226,0
1790180358310,1
1790180358310,0
1790180358333,1
1790180358353,0
1790180358370,1
1790180358370,0
1790180358401,1
1790180358401,0
1790180358425,1
1790180358425,0
1790180359043,1
1790180359043,0
1790180359070,1
1790180359088,0
1790180359350,1
1790180359350,0
1790180359538,1
1790180359538,0
1790180359632,1
1790180359632,0
1790180359743,1
1790180359743,0
1790180359867,1
1790180359867,0
1790180360453,1
1790180360453,0
1790180360477,1
1790180360506,0
1790180360514,1
1790180360543,2
1790180360548,1
1790180360548,0
1790180360603,1
1790180360603,0
1790180360622,1
1790180360656,0
1790180360822,1
1790180360822,0
1790180360850,1
1790180360874,0
1790180360876,1
1790180360917,0
1790180361792,1
1790180361792,0
1790180361816,1
1790180361837,2
1790180361842,1
1790180361842,0
1790180362161,1
1790180362162,0
1790180362823,1
1790180362823,0
1790180362846,1
1790180362863,0
1790180362880,1
1790180362880,0
1790180363007,1
1790180363007,0
1790180363264,1
1790180363264,0
1790180363296,1
1790180363321,0
1790180363425,1
1790180363425,0
1790180363515,1
1790180363515,0
1790180363969,1
1790180363969,0
1790180364002,1
1790180364010,0
1790180364024,1
1790180364050,0
1790180364248,1
1790180364248,0
1790180364276,1
1790180364289,0
1790180365307,1
1790180365307,0
1790180365439,1
1790180365439,0
1790180365463,1
1790180365479,2
1790180365486,1
1790180365486,0
1790180365585,1
1790180365585,0
1790180366207,1
1790180366207,0
1790180366237,1
1790180366248,0
1790180366269,1
1790180366269,0
1790180366296,1
1790180366296,0
1790180366604,1
1790180366604,0
1790180366633,1
1790180366643,0
1790180366673,1
1790180366673,0
1790180366898,1
1790180366898,0
1790180367121,1
1790180367121,0
1790180367145,1
1790180367160,0
1790180367225,1
1790180367225,0
1790180367253,1
1790180367265,0
1790180367285,1
1790180367309,0
1790180367315,1
1790180367315,0
1790180367346,1
1790180367346,0
1790180367370,1
1790180367370,0
1790180367457,1
1790180367458,0
1790180367487,1
1790180367497,0
1790180367914,1
1790180367914,0
1790180368285,1
1790180368285,0
1790180368347,1
1790180368347,0
1790180368370,1
1790180368387,0
1790180368399,1
1790180368399,0
1790180368436,1
1790180368436,0
1790180368508,1
1790180368508,0
1790180368818,1
1790180368818,0
1790180368860,1
1790180368863,0
1790180368890,1
1790180368903,0
1790180368929,1
1790180368929,0
1790180368960,1
1790180368960,0
1790180369041,1
1790180369041,0
1790180369242,1
1790180369242,0
1790180369416,1
1790180369416,0
1790180369446,1
1790180369459,0
1790180369476,1
1790180369476,0
1790180369501,1
1790180369501,0
1790180369610,1
1790180369610,0
1790180369638,1
1790180369650,0
1790180369789,1
1790180369789,0
1790180369825,1
1790180369828,0
1790180369849,1
1790180369849,0
1790180369919,1
1790180369919,0
1790180369947,1
1790180369963,0
1790180369974,1
1790180369974,0
1790180370003,1
1790180370003,0
1790180370199,1
1790180370199,0
1790180370222,1
1790180370240,0
1790180370243,1
1790180370243,0
1790180370377,1
1790180370378,0
1790180370813,1
1790180370813,0
1790180370976,1
1790180370976,0
1790180371005,1
1790180371018,0
1790180371035,1
1790180371035,0
1790180371058,1
1790180371058,0
1790180371164,1
1790180371165,0
1790180371197,1
1790180371205,0
1790180371347,1
1790180371347,0
1790180371383,1
1790180371388,0
1790180371409,1
1790180371409,0
1790180371470,1
1790180371471,0
1790180372322,1
1790180372322,0
1790180372338,1
1790180372363,0
1790180372372,1
1790180372372,0
1790180372489,1
1790180372489,0
1790180372519,1
1790180372532,0
1790180372954,1
1790180372955,0
1790180372984,1
1790180373000,0
1790180373643,1
1790180373644,0
1790180373665,1
1790180373684,0
1790180373698,1
1790180373698,0
1790180373720,1
1790180373720,0
1790180373999,1
1790180373999,0
1790180374117,1
1790180374117,0
1790180374365,1
1790180374365,0
1790180374393,1
1790180374405,0
1790180375157,1
1790180375157,0
1790180375360,1
1790180375360,0
1790180375413,1
1790180375413,0
1790180375709,1
1790180375709,0
1790180376498,1
1790180376498,0
1790180376525,1
1790180376538,0
1790180376555,1
1790180376576,0
1790180376773,1
1790180376773,0
1790180376795,1
1790180376817,0
1790180377034,1
1790180377034,0
1790180377064,1
1790180377074,0
1790180377860,1
1790180377860,0
1790180377902,1
1790180377905,0
1790180378177,1
1790180378177,0
1790180378319,1
1790180378319,0
1790180378341,1
1790180378363,0
1790180378431,1
1790180378431,0
1790180378566,1
1790180378566,0
1790180378709,1
1790180378709,0
1790180378831,1
1790180378831,0
1790180378989,1
1790180378989,0
1790180379021,1
1790180379034,0
1790180379045,1
1790180379045,0
1790180379073,1
1790180379073,0
1790180379121,1
1790180379121,0
1790180379347,1
1790180379347,0
1790180379435,1
1790180379435,0
1790180379669,1
1790180379669,0
1790180379735,1
1790180379735,0
1790180379755,1
1790180379776,0
1790180380179,1
1790180380179,0
1790180381232,1
1790180381232,0
1790180381256,1
1790180381281,0
1790180381303,1
1790180381324,0
1790180381333,1
1790180381363,0
1790180381615,1
1790180381616,0
1790180381812,1
1790180381812,0
1790180381902,1
1790180381903,0
1790180382146,1
1790180382146,0
1790180382280,1
1790180382280,0
1790180382641,1
1790180382641,0
1790180382712,1
1790180382712,0
1790180382742,1
1790180382752,0
1790180382769,1
1790180382769,0
1790180382803,1
1790180382803,0
1790180382984,1
1790180382984,0
1790180383005,1
1790180383025,0
1790180383036,1
1790180383036,0
1790180383142,1
1790180383142,0
1790180384027,1
1790180384027,0
1790180384140,1
1790180384140,0
1790180384228,1
1790180384228,0
1790180384446,1
1790180384446,0
1790180385102,1
1790180385102,0
1790180385124,1
1790180385135,2
1790180385145,1
1790180385145,0
1790180385314,1
1790180385314,0
1790180385489,1
1790180385489,0
1790180385608,1
1790180385608,0
1790180385756,1
1790180385756,0
1790180385787,1
1790180385798,0
1790180386186,1
1790180386186,0
1790180386210,1
1790180386227,0
1790180386228,1
1790180386228,0
1790180386596,1
1790180386596,0
1790180386625,1
1790180386636,0
1790180386651,1
1790180386681,0
1790180386789,1
1790180386789,0
1790180386921,1
1790180386921,0
1790180387101,1
1790180387101,0
1790180387320,1
1790180387321,0
