1790180106249,1
1790180106255,0
1790180107048,0
1790180107049,0
1790180107234,1
1790180107234,0
1790180107745,1
1790180107745,0
1790180107911,1
1790180107911,0
1790180109528,1
1790180109528,0
1790180111072,1
1790180111073,0
1790180111133,1
1790180111140,0
1790180111193,1
1790180111193,0
1790180114318,1
1790180114318,0
1790180115375,1
1790180115375,0
1790180115594,1
1790180115594,0
1790180116539,1
1790180116540,0
1790180117008,1
1790180117009,0
1790180117069,1
1790180117080,0
1790180117658,1
1790180117658,0
1790180118629,1
1790180118629,0
1790180118688,1
1790180118693,0
1790180119146,1
1790180119146,0
1790180121151,1
1790180121151,0
1790180121207,1
1790180121207,0
1790180121259,1
1790180121259,0
1790180123287,1
1790180123287,0
1790180124930,1
1790180124931,0
1790180124985,1
1790180125002,0
1790180125041,1
1790180125041,0
1790180127005,1
1790180127005,0
1790180127058,1
1790180127062,0
1790180127947,1
1790180127947,0
1790180128004,1
1790180128004,0
1790180128175,1
1790180128176,0
1790180129153,1
1790180129153,0
1790180129272,1
1790180129273,0
1790180131382,0
1790180131383,0
1790180131441,1
1790180131441,0
1790180131501,1
1790180131502,0
1790180131550,1
1790180131550,0
1790180131615,1
1790180131615,0
1790180132314,1
1790180132315,0
1790180132364,1
1790180132365,0
1790180132419,1
1790180132419,0
1790180132467,1
1790180132468,0
1790180134543,0
1790180134544,0
1790180134599,1
1790180134613,0
1790180136684,1
1790180136684,0
1790180136975,1
1790180136975,0
1790180137569,1
1790180137570,0
1790180138477,1
1790180138477,0
1790180139067,1
1790180139068,0
1790180139533,1
1790180139533,0
1790180140177,1
1790180140177,0
1790180140880,1
1790180140881,0
1790180141442,1
1790180141442,0
1790180141502,1
1790180141503,0
1790180141562,1
1790180141562,0
1790180142455,1
1790180142456,0
1790180142796,1
1790180142797,0
1790180145311,1
1790180145312,0
1790180145348,1
1790180145385,0
1790180145411,1
1790180145412,0
1790180145462,1
1790180145463,0
1790180145864,1
1790180145865,0
1790180145917,1
1790180145925,0
1790180145979,1
1790180145979,0
1790180147189,1
1790180147189,0
1790180147294,1
1790180147294,0
1790180147934,1
1790180147934,0
1790180149349,1
1790180149350,0
1790180151871,1
1790180151871,0
1790180151917,1
1790180151923,0
1790180151966,1
1790180151966,0
1790180152028,1
1790180152028,0
1790180152377,1
1790180152377,0
1790180152437,1
1790180152437,0
1790180152497,1
1790180152497,0
1790180152550,1
1790180152551,0
1790180152621,1
1790180152621,0
1790180152731,1
1790180152731,0
1790180152972,1
1790180152972,0
1790180153029,1
1790180153029,0
1790180153087,1
1790180153087,0
1790180153142,1
1790180153143,0
1790180154891,1
1790180154891,0
1790180155531,1
1790180155531,0
1790180155698,1
1790180155698,0
1790180155747,1
1790180155748,0
1790180155797,1
1790180155797,0
1790180155859,1
1790180155859,0
1790180156613,1
1790180156614,0
1790180157067,1
1790180157067,0
1790180157114,1
1790180157114,0
1790180157745,1
1790180157745,0
1790180158098,1
1790180158099,0
1790180159190,1
1790180159190,0
1790180159353,1
1790180159353,0
1790180159417,1
1790180159418,0
1790180159875,1
1790180159875,0
1790180160450,1
1790180160450,0
1790180160505,1
1790180160505,0
1790180161430,1
1790180161430,0
1790180161497,1
1790180161497,0
1790180161905,1
1790180161905,0
1790180163164,1
1790180163164,0
1790180163223,1
1790180163247,0
1790180163331,1
1790180163331,0
1790180163392,1
1790180163393,0
1790180163451,1
1790180163451,0
1790180164346,1
1790180164346,0
1790180164758,1
1790180164758,0
1790180164933,1
1790180164933,0
1790180165998,1
1790180165998,0
1790180166222,1
1790180166223,0
1790180166874,1
1790180166874,0
1790180168807,1
1790180168807,0
1790180168869,1
1790180168870,0
1790180168929,1
1790180168929,0
1790180168975,1
1790180168976,0
1790180169209,1
1790180169209,0
1790180169261,1
1790180169261,0
1790180170193,1
1790180170194,0
1790180170822,1
1790180170823,0
1790180171924,1
1790180171925,0
1790180171980,1
1790180171980,0
1790180172076,1
1790180172076,0
1790180172142,1
1790180172142,0
1790180172196,0
1790180172196,0
1790180172263,1
1790180172264,0
1790180172389,1
1790180172389,0
1790180172426,1
1790180172435,0
1790180172834,1
1790180172835,0
1790180173124,1
1790180173124,0
1790180173937,1
1790180173937,0
1790180174155,0
1790180174155,0
1790180174275,1
1790180174275,0
1790180174328,1
1790180174328,0
1790180174381,1
1790180174381,0
1790180174435,1
1790180174435,0
1790180174495,1
1790180174495,0
1790180174612,1
1790180174612,0
1790180175254,1
1790180175254,0
1790180175776,1
1790180175776,0
1790180175838,1
1790180175838,0
1790180176703,1
1790180176703,0
1790180177281,1
1790180177281,0
1790180177323,1
1790180177326,0
1790180178076,1
1790180178076,0
1790180179189,1
1790180179189,0
1790180179482,1
1790180179482,0
1790180179530,1
1790180179530,0
1790180181151,1
1790180181151,0
1790180181790,1
1790180181790,0
1790180182702,1
1790180182702,0
1790180182871,1
1790180182871,0
1790180183052,1
1790180183052,0
1790180183107,1
1790180183107,0
1790180183174,1
1790180183175,0
1790180183404,1
1790180183405,0
1790180183633,1
1790180183633,0
1790180183697,1
1790180183697,0
1790180183765,1
1790180183765,0
1790180183871,1
1790180183872,0
1790180183922,1
1790180183923,0
1790180184095,1
1790180184095,0
1790180184573,1
1790180184573,0
1790180184620,1
1790180184621,0
1790180185202,1
1790180185202,0
1790180185537,1
1790180185537,0
1790180186048,1
1790180186048,0
1790180186105,1
1790180186105,0
1790180186343,1
1790180186343,0
1790180186403,1
1790180186403,0
1790180186460,1
1790180186460,0
1790180186518,1
1790180186518,0
1790180186629,1
1790180186629,0
1790180187445,1
1790180187445,0
1790180187507,1
1790180187507,0
1790180187561,1
1790180187561,0
1790180187616,1
1790180187616,0
1790180187956,1
1790180187957,0
1790180188270,1
1790180188270,0
1790180188317,1
1790180188318,0
1790180189380,1
1790180189380,0
1790180189433,1
1790180189433,0
1790180189505,1
1790180189505,0
1790180189670,1
1790180189670,0
1790180189728,1
1790180189728,0
1790180189786,1
1790180189786,0
1790180189845,1
1790180189845,0
1790180189905,1
1790180189907,0
1790180189970,1
1790180189970,0
1790180190019,1
1790180190020,0
1790180190662,1
1790180190662,0
1790180190714,1
1790180190715,0
1790180191122,1
1790180191123,0
1790180191519,1
1790180191519,0
1790180192205,1
1790180192205,0
1790180192617,1
1790180192617,0
1790180192952,1
1790180192952,0
1790180193001,1
1790180193001,0
1790180193071,1
1790180193071,0
1790180193191,1
1790180193191,0
1790180193239,1
1790180193256,0
1790180193758,1
1790180193758,0
1790180193819,1
1790180193819,0
1790180194415,1
1790180194415,0
1790180194591,1
1790180194591,0
1790180194870,1
1790180194870,0
1790180194928,1
1790180194928,0
1790180195101,1
1790180195101,0
1790180195486,1
1790180195486,0
1790180196123,1
1790180196123,0
1790180196814,1
1790180196814,0
1790180196862,1
1790180196894,0
1790180196915,1
1790180196943,0
1790180197146,1
1790180197147,0
1790180197855,1
1790180197855,0
1790180198088,1
1790180198088,0
1790180198394,1
1790180198394,0
1790180198450,1
1790180198450,0
1790180198496,1
1790180198503,0
1790180198558,1
1790180198559,0
1790180198721,1
1790180198721,0
1790180198842,1
1790180198842,0
1790180198892,1
1790180198895,0
1790180199020,1
1790180199020,0
1790180199078,1
1790180199078,0
1790180199127,1
1790180199127,0
1790180199879,1
1790180199880,0
1790180199938,1
1790180199938,0
1790180199999,1
1790180199999,0
1790180200117,1
1790180200117,0
1790180200175,1
1790180200175,0
1790180200233,1
1790180200233,0
1790180200295,1
1790180200295,0
1790180201449,1
1790180201449,0
1790180201511,1
1790180201511,0
1790180201571,1
1790180201571,0
1790180204506,1
1790180204506,0
1790180204567,1
1790180204567,0
1790180204630,1
1790180204630,0
1790180204861,1
1790180204861,0
1790180205600,1
1790180205600,0
1790180205667,1
1790180205667,0
1790180205724,1
1790180205724,0
1790180205781,1
1790180205790,0
1790180205952,1
1790180205952,0
1790180206069,1
1790180206069,0
1790180206394,1
1790180206394,0
1790180208631,1
1790180208632,0
1790180208694,1
1790180208694,0
1790180208746,1
1790180208746,0
1790180208866,1
1790180208866,0
1790180208926,1
1790180208926,0
1790180208992,1
1790180208992,0
1790180209114,1
1790180209114,0
1790180209174,1
1790180209174,0
1790180210215,1
1790180210218,0
1790180210272,1
1790180210273,0
1790180210738,1
1790180210738,0
1790180210915,1
1790180210915,0
1790180210965,1
1790180210965,0
1790180211446,1
1790180211446,0
1790180211850,1
1790180211850,0
1790180212947,1
1790180212947,0
1790180213000,1
1790180213013,0
1790180213524,1
1790180213524,0
1790180213591,1
1790180213591,0
1790180213768,1
1790180213768,0
1790180214359,1
1790180214359,0
1790180214593,1
1790180214593,0
1790180216023,1
1790180216023,0
1790180216079,1
1790180216079,0
1790180216142,1
1790180216143,0
1790180216202,1
1790180216202,0
1790180216547,1
1790180216547,0
1790180217116,1
1790180217116,0
1790180217174,1
1790180217174,0
1790180217234,1
1790180217234,0
1790180217344,1
1790180217344,0
1790180217639,1
1790180217639,0
1790180217867,1
1790180217867,0
1790180218041,1
1790180218041,0
1790180219561,1
1790180219561,0
1790180220362,1
1790180220362,0
1790180220755,1
1790180220755,0
1790180220930,1
1790180220930,0
1790180220983,1
1790180220985,0
1790180221042,1
1790180221042,0
1790180221091,1
1790180221091,0
1790180221506,1
1790180221506,0
1790180221559,1
1790180221559,0
1790180221620,1
1790180221620,0
1790180221679,1
1790180221679,0
1790180222440,1
1790180222440,0
1790180222558,1
1790180222558,0
1790180222999,1
1790180222999,0
1790180223067,1
1790180223067,0
1790180223985,1
1790180223985,0
1790180224629,1
1790180224630,0
1790180225042,1
1790180225042,0
1790180225640,1
1790180225640,0
1790180225694,1
1790180225694,0
1790180226158,1
1790180226158,0
1790180226913,1
1790180226914,0
1790180227428,1
1790180227429,0
1790180227488,1
1790180227488,0
1790180227610,1
1790180227610,0
1790180227670,1
1790180227670,0
1790180227730,1
1790180227730,0
1790180227786,1
1790180227787,0
1790180228070,1
1790180228070,0
1790180228702,1
1790180228702,0
1790180228760,1
1790180228760,0
1790180228820,1
1790180228820,0
1790180228941,1
1790180228941,0
1790180229000,1
1790180229000,0
1790180229461,1
1790180229461,0
1790180229567,1
1790180229568,0
1790180229972,1
1790180229972,0
1790180230729,1
1790180230729,0
1790180230788,1
1790180230788,0
1790180231131,1
1790180231131,0
1790180231191,1
1790180231191,0
1790180231376,1
1790180231376,0
1790180231436,1
1790180231436,0
1790180231487,1
1790180231493,0
1790180231555,1
1790180231555,0
1790180232250,1
1790180232250,0
1790180232301,1
1790180232301,0
1790180232416,1
1790180232417,0
1790180233516,1
1790180233516,0
1790180233569,1
1790180233570,0
1790180233987,1
1790180233987,0
1790180234163,1
1790180234163,0
1790180234450,1
1790180234450,0
1790180234510,1
1790180234510,0
1790180234976,1
1790180234976,0
1790180235257,1
1790180235257,0
1790180235709,1
1790180235709,0
1790180235823,1
1790180235823,0
1790180235883,1
1790180235883,0
1790180235945,1
1790180235945,0
1790180235997,1
1790180236010,0
1790180236353,1
1790180236353,0
1790180236592,1
1790180236592,0
1790180236812,1
1790180236812,0
1790180236874,1
1790180236874,0
1790180236927,1
1790180236927,0
1790180236987,1
1790180236987,0
1790180237048,1
1790180237048,0
1790180238546,1
1790180238546,0
1790180240217,1
1790180240217,0
1790180240262,1
1790180240262,0
1790180240319,1
1790180240319,0
1790180240378,0
1790180240378,0
1790180241598,1
1790180241598,0
1790180244006,1
1790180244007,0
1790180244063,1
1790180244071,0
1790180244126,1
1790180244126,0
1790180244186,1
1790180244186,0
1790180244303,1
1790180244303,0
1790180244356,1
1790180244356,0
1790180244544,1
1790180244544,0
1790180244840,1
1790180244840,0
1790180244900,1
1790180244908,0
1790180244958,1
1790180244958,0
1790180245139,1
1790180245139,0
1790180245363,1
1790180245363,0
1790180246115,1
1790180246115,0
1790180246165,1
1790180246165,0
1790180246678,1
1790180246678,0
1790180247093,1
1790180247093,0
1790180247796,1
1790180247797,0
1790180248263,1
1790180248263,0
1790180248494,1
1790180248494,0
1790180248554,1
1790180248554,0
1790180248614,1
1790180248614,0
1790180248674,1
1790180248674,0
1790180248726,1
1790180248738,0
1790180248782,1
1790180248782,0
1790180249593,1
1790180249593,0
1790180249645,1
1790180249645,0
1790180249705,1
1790180249705,0
1790180250046,1
1790180250047,0
1790180250319,1
1790180250319,0
1790180251017,1
1790180251018,0
1790180251138,1
1790180251138,0
1790180252205,1
1790180252205,0
1790180252541,1
1790180252541,0
1790180254442,1
1790180254442,0
1790180255962,1
1790180255962,0
1790180256020,1
1790180256020,0
1790180256076,1
1790180256076,0
1790180256360,1
1790180256360,0
1790180256418,1
1790180256419,0
1790180256475,1
1790180256475,0
1790180258580,1
1790180258580,0
1790180258806,1
1790180258806,0
1790180258921,1
1790180258921,0
1790180258975,1
1790180258975,0
1790180259038,1
1790180259038,0
1790180259224,1
1790180259224,0
1790180259454,1
1790180259454,0
1790180259859,1
1790180259859,0
1790180259917,1
1790180259917,0
1790180259971,1
1790180259971,0
1790180261371,1
1790180261371,0
1790180261425,1
1790180261425,0
1790180262058,1
1790180262058,0
1790180263259,1
1790180263259,0
1790180264066,1
1790180264067,0
1790180264123,1
1790180264125,0
1790180264177,1
1790180264177,0
1790180264767,1
1790180264767,0
1790180264821,1
1790180264821,0
1790180264881,1
1790180264881,0
1790180265245,1
1790180265245,0
1790180265290,1
1790180265291,0
1790180265359,1
1790180265359,0
1790180265406,1
1790180265411,0
1790180265519,1
1790180265519,0
1790180265586,1
1790180265586,0
1790180265642,1
1790180265642,0
1790180265755,1
1790180265755,0
1790180266580,1
1790180266581,0
1790180266933,1
1790180266934,0
1790180267161,1
1790180267161,0
1790180267666,1
1790180267666,0
1790180267963,1
1790180267963,0
1790180268077,1
1790180268077,0
1790180268128,1
1790180268128,0
1790180268175,1
1790180268175,0
1790180268238,1
1790180268238,0
1790180269201,1
1790180269201,0
1790180269248,1
1790180269248,0
1790180269362,1
1790180269362,0
1790180269417,1
1790180269417,0
1790180269477,1
1790180269477,0
1790180269877,1
1790180269877,0
1790180269932,1
1790180269932,0
1790180270000,1
1790180270000,0
1790180270226,1
1790180270226,0
1790180270690,1
1790180270690,0
1790180270746,1
1790180270746,0
1790180271208,1
1790180271208,0
1790180271769,1
1790180271769,0
1790180271821,1
1790180271821,0
1790180272289,1
1790180272289,0
1790180272630,1
1790180272630,0
1790180272689,1
1790180272689,0
1790180272742,1
1790180272742,0
1790180272967,1
1790180272967,0
1790180273438,1
1790180273438,0
1790180273550,1
1790180273550,0
1790180273618,1
1790180273618,0
1790180274250,1
1790180274250,0
1790180274310,1
1790180274310,0
1790180274361,1
1790180274361,0
1790180275003,1
1790180275003,0
1790180275174,1
1790180275174,0
1790180275231,1
1790180275231,0
1790180275287,1
1790180275287,0
1790180276433,1
1790180276433,0
1790180276484,1
1790180276484,0
1790180276547,1
1790180276547,0
1790180277938,1
1790180277938,0
1790180277995,1
1790180277995,0
1790180278289,1
1790180278289,0
1790180278353,1
1790180278353,0
1790180278413,1
1790180278413,0
1790180278931,1
1790180278931,0
1790180279610,1
1790180279611,0
1790180279669,1
1790180279669,0
1790180280080,1
1790180280080,0
1790180280259,1
1790180280259,0
1790180280478,1
1790180280478,0
1790180280538,1
1790180280538,0
1790180280596,1
1790180280596,0
1790180281199,1
1790180281199,0
1790180281432,1
1790180281432,0
1790180281492,1
1790180281492,0
1790180281548,1
1790180281548,0
1790180281908,1
1790180281908,0
1790180282213,1
1790180282214,0
1790180282332,1
1790180282332,0
1790180283030,1
1790180283030,0
1790180283894,1
1790180283894,0
1790180283956,1
1790180283956,0
1790180284018,1
1790180284018,0
1790180284913,1
1790180284913,0
1790180285538,1
1790180285539,0
1790180285656,1
1790180285656,0
1790180285714,1
1790180285714,0
1790180285771,1
1790180285771,0
1790180286005,1
1790180286005,0
1790180286230,1
1790180286231,0
1790180287879,1
1790180287879,0
1790180287940,1
1790180287940,0
1790180288286,1
1790180288286,0
1790180288341,1
1790180288341,0
