1790180398185,1
1790180398192,0
1790180398424,1
1790180398458,0
1790180398659,1
1790180398660,0
1790180398715,1
1790180398721,0
1790180398777,1
1790180398778,0
1790180398891,1
1790180398891,0
1790180399013,1
1790180399014,0
1790180399068,1
1790180399100,0
1790180399127,1
1790180399127,0
1790180399179,1
1790180399179,0
1790180399245,1
1790180399245,0
1790180399533,1
1790180399534,0
1790180400011,1
1790180400012,0
1790180400530,1
1790180400530,0
1790180400584,1
1790180400585,0
1790180401063,1
1790180401063,0
1790180402039,1
1790180402040,0
1790180402104,1
1790180402104,0
1790180402156,1
1790180402156,0
1790180403724,1
1790180403724,0
1790180405604,1
1790180405604,0
1790180405664,1
1790180405664,0
1790180405722,1
1790180405723,0
1790180406110,1
1790180406110,0
1790180406331,1
1790180406331,0
1790180406692,1
1790180406693,0
1790180406742,1
1790180406744,0
1790180406805,1
1790180406805,0
1790180407433,1
1790180407433,0
1790180407786,1
1790180407786,0
1790180407842,1
1790180407842,0
1790180407910,1
1790180407911,0
1790180409830,1
1790180409830,0
1790180410237,0
1790180410237,0
1790180411545,1
1790180411545,0
1790180411944,1
1790180411944,0
1790180412942,1
1790180412942,0
1790180412990,1
1790180413010,0
1790180413449,1
1790180413449,0
1790180413973,1
1790180413973,0
1790180414211,1
1790180414211,0
1790180414624,1
1790180414625,0
1790180415671,0
1790180415672,0
1790180417107,1
1790180417107,0
1790180417153,1
1790180417175,0
1790180417213,1
1790180417213,0
1790180418343,1
1790180418343,0
1790180418691,1
1790180418691,0
1790180418753,1
1790180418753,0
1790180418814,1
1790180418814,0
1790180419222,1
1790180419222,0
1790180424555,1
1790180424555,0
1790180426222,1
1790180426222,0
1790180426953,1
1790180426953,0
1790180426993,1
1790180427001,0
1790180427053,1
1790180427053,0
1790180427408,1
1790180427408,0
1790180429063,1
1790180429063,0
1790180431685,1
1790180431685,0
1790180432758,1
1790180432758,0
1790180438791,1
1790180438794,0
1790180442037,1
1790180442037,0
1790180442899,1
1790180442900,0
1790180444216,1
1790180444217,0
1790180445159,1
1790180445160,0
1790180445223,1
1790180445224,0
1790180446199,1
1790180446199,0
1790180446255,1
1790180446255,0
1790180446297,1
1790180446299,0
1790180446417,1
1790180446417,0
1790180446479,1
1790180446479,0
1790180446529,1
1790180446529,0
1790180446659,1
1790180446659,0
1790180446716,1
1790180446716,0
1790180446950,1
1790180446950,0
1790180447010,1
1790180447010,0
1790180447079,1
1790180447079,0
1790180447136,1
1790180447136,0
1790180447713,1
1790180447713,0
1790180447944,1
1790180447944,0
1790180448581,1
1790180448581,0
1790180449562,1
1790180449562,0
1790180449611,1
1790180449612,0
1790180450188,1
1790180450188,0
1790180450590,1
1790180450590,0
1790180450759,1
1790180450759,0
1790180451278,1
1790180451278,0
1790180452146,1
1790180452147,0
1790180452206,1
1790180452206,0
1790180452386,1
1790180452386,0
1790180453426,1
1790180453427,0
1790180454355,1
1790180454355,0
1790180454405,1
1790180454405,0
1790180454475,1
1790180454475,0
1790180454528,1
1790180454529,0
1790180454924,1
1790180454925,0
1790180454983,1
1790180454983,0
1790180455967,1
1790180455967,0
1790180456307,1
1790180456308,0
1790180456367,1
1790180456367,0
1790180456422,1
1790180456422,0
1790180457117,1
1790180457117,0
1790180457585,1
1790180457585,0
1790180458861,1
1790180458862,0
1790180458922,1
1790180458922,0
1790180459026,1
1790180459026,0
1790180459077,1
1790180459077,0
1790180459133,1
1790180459133,0
1790180459946,1
1790180459946,0
1790180459999,1
1790180460000,0
1790180460636,1
1790180460637,0
1790180460938,1
1790180460938,0
1790180460990,1
1790180460990,0
1790180464760,1
1790180464761,0
1790180465633,1
1790180465633,0
1790180465681,1
1790180465681,0
1790180465739,1
1790180465739,0
1790180466668,1
1790180466668,0
1790180467641,1
1790180467641,0
1790180467819,1
1790180467820,0
1790180467870,1
1790180467870,0
1790180467921,1
1790180467921,0
1790180467985,1
1790180467985,0
1790180468373,1
1790180468373,0
1790180468427,1
1790180468427,0
1790180468483,1
1790180468483,0
1790180469308,1
1790180469308,0
1790180469368,1
1790180469368,0
1790180471329,0
1790180471332,0
1790180472094,0
1790180472094,0
1790180472493,1
1790180472493,0
1790180472617,1
1790180472617,0
1790180472668,1
1790180472668,0
1790180472780,1
1790180472780,0
1790180472830,1
1790180472830,0
1790180472890,1
1790180472890,0
1790180473122,1
1790180473122,0
1790180473837,1
1790180473837,0
1790180474650,1
1790180474651,0
1790180474920,1
1790180474920,0
1790180474978,1
1790180474978,0
1790180475038,1
1790180475038,0
1790180475103,1
1790180475103,0
1790180475719,1
1790180475719,0
1790180475777,1
1790180475778,0
1790180475901,1
1790180475901,0
1790180475959,1
1790180475959,0
1790180476251,1
1790180476251,0
1790180476832,1
1790180476832,0
1790180477107,1
1790180477108,0
1790180477398,1
1790180477398,0
1790180477457,1
1790180477457,0
1790180478248,1
1790180478248,0
1790180478315,1
1790180478315,0
1790180478369,1
1790180478369,0
1790180479119,1
1790180479119,0
1790180479360,1
1790180479360,0
1790180479425,1
1790180479425,0
1790180479478,1
1790180479478,0
1790180479718,1
1790180479718,0
1790180480473,1
1790180480473,0
1790180480529,1
1790180480529,0
1790180480589,1
1790180480589,0
1790180480827,1
1790180480828,0
1790180480950,1
1790180480950,0
1790180481291,1
1790180481291,0
1790180481337,1
1790180481338,0
1790180481392,1
1790180481393,0
1790180481462,1
1790180481462,0
1790180481745,1
1790180481745,0
1790180483709,1
1790180483709,0
1790180486239,1
1790180486239,0
1790180486635,1
1790180486635,0
1790180487342,1
1790180487343,0
1790180487513,1
1790180487513,0
1790180487570,1
1790180487570,0
1790180487630,1
1790180487631,0
1790180487690,1
1790180487690,0
1790180487810,1
1790180487811,0
1790180488642,1
1790180488642,0
1790180488703,1
1790180488704,0
1790180488758,1
1790180488758,0
1790180488820,1
1790180488820,0
1790180488930,1
1790180488930,0
1790180489182,1
1790180489182,0
1790180489710,1
1790180489711,0
1790180490179,1
1790180490179,0
1790180490223,1
1790180490227,0
1790180490738,1
1790180490738,0
1790180491614,1
1790180491614,0
1790180491801,1
1790180491802,0
1790180491853,1
1790180491855,0
1790180493039,1
1790180493040,0
1790180493091,1
1790180493092,0
1790180493145,1
1790180493145,0
1790180493214,1
1790180493214,0
1790180493270,1
1790180493270,0
1790180493315,1
1790180493315,0
1790180494106,1
1790180494106,0
1790180494449,1
1790180494449,0
1790180494739,1
1790180494739,0
1790180494791,1
1790180494795,0
1790180494850,1
1790180494850,0
1790180495247,1
1790180495247,0
1790180495303,1
1790180495303,0
1790180495360,1
1790180495360,0
1790180496289,1
1790180496290,0
1790180496687,1
1790180496688,0
1790180496869,1
1790180496869,0
1790180497082,1
1790180497082,0
1790180497832,1
1790180497833,0
1790180497892,1
1790180497892,0
1790180498244,1
1790180498244,0
1790180498304,1
1790180498304,0
1790180499106,1
1790180499106,0
1790180499151,1
1790180499151,0
1790180499211,1
1790180499211,0
1790180499839,1
1790180499839,0
1790180499966,1
1790180499966,0
1790180500139,1
1790180500139,0
1790180500382,1
1790180500382,0
1790180502187,1
1790180502187,0
1790180502369,1
1790180502369,0
1790180503461,1
1790180503461,0
1790180503746,1
1790180503746,0
1790180503799,1
1790180503802,0
1790180504369,1
1790180504369,0
1790180506091,1
1790180506091,0
1790180506211,1
1790180506211,0
1790180506276,1
1790180506276,0
1790180506338,1
1790180506338,0
1790180506787,1
1790180506787,0
1790180506846,1
1790180506846,0
1790180506906,1
1790180506906,0
1790180507302,1
1790180507302,0
1790180507362,1
1790180507363,0
1790180507421,1
1790180507421,0
1790180507481,1
1790180507487,0
1790180508710,1
1790180508710,0
1790180509184,1
1790180509184,0
1790180511595,1
1790180511595,0
1790180512064,1
1790180512064,0
1790180512119,1
1790180512119,0
1790180512182,1
1790180512182,0
1790180512643,1
1790180512643,0
1790180514179,1
1790180514179,0
1790180514242,1
1790180514242,0
1790180514297,1
1790180514297,0
1790180514361,1
1790180514361,0
1790180514711,1
1790180514711,0
1790180514771,1
1790180514771,0
1790180515295,1
1790180515296,0
1790180515581,1
1790180515581,0
1790180515640,1
1790180515640,0
1790180515689,1
1790180515689,0
1790180516097,1
1790180516097,0
1790180516152,1
1790180516155,0
1790180516210,1
1790180516211,0
1790180516670,1
1790180516670,0
1790180516731,1
1790180516731,0
1790180516793,1
1790180516793,0
1790180516851,1
1790180516851,0
1790180517084,1
1790180517084,0
1790180517142,1
1790180517142,0
1790180517606,1
1790180517607,0
1790180517670,1
1790180517670,0
1790180518729,1
1790180518729,0
1790180518790,1
1790180518790,0
1790180519124,1
1790180519124,0
1790180519181,1
1790180519181,0
1790180519418,1
1790180519418,0
1790180519477,1
1790180519477,0
1790180519535,1
1790180519535,0
1790180519596,1
1790180519596,0
1790180519651,1
1790180519651,0
1790180519935,1
1790180519935,0
1790180520861,1
1790180520862,0
1790180521045,1
1790180521045,0
1790180521631,1
1790180521631,0
1790180521679,1
1790180521685,0
1790180521728,1
1790180521728,0
1790180521788,1
1790180521788,0
1790180522151,1
1790180522151,0
1790180522449,0
1790180522449,0
1790180522500,1
1790180522500,0
1790180523650,1
1790180523650,0
1790180524035,1
1790180524035,0
1790180524090,1
1790180524091,0
1790180524158,1
1790180524158,0
1790180524204,1
1790180524212,0
1790180524271,1
1790180524271,0
1790180524380,1
1790180524380,0
1790180524436,1
1790180524436,0
1790180524490,1
1790180524490,0
1790180524552,1
1790180524552,0
1790180525142,1
1790180525142,0
1790180526244,1
1790180526245,0
1790180526304,1
1790180526317,0
1790180526945,1
1790180526945,0
1790180527135,0
1790180527135,0
1790180527188,1
1790180527189,0
1790180527248,1
1790180527249,0
1790180527489,1
1790180527489,0
1790180527542,1
1790180527544,0
1790180527590,1
1790180527597,0
1790180527890,1
1790180527890,0
1790180528586,1
1790180528586,0
1790180529625,0
1790180529625,0
1790180530769,1
1790180530769,0
1790180530989,1
1790180530989,0
1790180531044,1
1790180531044,0
1790180531108,1
1790180531108,0
1790180531219,1
1790180531219,0
1790180531274,1
1790180531274,0
1790180531385,1
1790180531385,0
1790180531444,1
1790180531444,0
1790180531732,1
1790180531732,0
1790180532017,1
1790180532017,0
1790180532933,1
1790180532933,0
1790180532980,1
1790180532981,0
1790180533046,1
1790180533046,0
1790180533163,1
1790180533163,0
1790180533219,1
1790180533220,0
1790180533284,1
1790180533284,0
1790180533339,1
1790180533349,0
1790180533628,1
1790180533628,0
1790180533912,1
1790180533913,0
1790180534645,1
1790180534645,0
1790180535578,1
1790180535578,0
1790180535629,1
1790180535639,0
1790180536206,1
1790180536206,0
1790180536785,1
1790180536785,0
1790180537535,1
1790180537535,0
1790180537584,1
1790180537584,0
1790180537648,1
1790180537648,0
1790180538580,1
1790180538581,0
1790180538641,1
1790180538641,0
1790180538689,1
1790180538690,0
1790180538741,1
1790180538741,0
1790180538801,1
1790180538801,0
1790180538964,1
1790180538964,0
1790180539486,1
1790180539486,0
1790180540636,1
1790180540636,0
1790180540699,1
1790180540699,0
1790180541167,1
1790180541167,0
1790180541629,1
1790180541629,0
1790180541743,1
1790180541743,0
1790180541798,1
1790180541798,0
1790180542081,1
1790180542081,0
1790180542722,1
1790180542722,0
1790180544963,1
1790180544963,0
1790180545142,0
1790180545142,0
1790180545435,1
1790180545435,0
1790180545490,1
1790180545490,0
1790180546126,1
1790180546126,0
1790180546179,1
1790180546179,0
1790180546239,1
1790180546239,0
1790180546296,1
1790180546297,0
1790180546347,1
1790180546347,0
1790180546414,1
1790180546414,0
1790180546536,1
1790180546536,0
1790180546587,1
1790180546587,0
1790180546704,1
1790180546704,0
1790180547150,1
1790180547150,0
1790180547913,1
1790180547913,0
1790180547968,1
1790180547968,0
1790180548018,1
1790180548018,0
1790180548138,1
1790180548138,0
1790180548186,1
1790180548204,0
1790180548482,1
1790180548482,0
1790180548531,1
1790180548531,0
1790180548594,1
1790180548594,0
1790180548894,1
1790180548895,0
1790180549238,1
1790180549238,0
1790180549357,1
1790180549357,0
1790180549410,1
1790180549410,0
1790180549464,1
1790180549464,0
1790180549750,1
1790180549750,0
1790180550029,1
1790180550030,0
1790180550087,1
1790180550088,0
1790180550158,1
1790180550158,0
1790180550202,1
1790180550202,0
1790180550491,1
1790180550491,0
1790180550551,1
1790180550551,0
1790180550610,1
1790180550610,0
1790180551003,1
1790180551003,0
1790180551415,1
1790180551415,0
1790180551536,1
1790180551536,0
1790180551580,1
1790180551582,0
1790180551641,1
1790180551641,0
1790180554409,1
1790180554410,0
1790180554696,1
1790180554696,0
1790180554813,1
1790180554813,0
1790180554986,1
1790180554986,0
1790180555263,1
1790180555263,0
1790180555316,1
1790180555316,0
1790180555428,1
1790180555429,0
1790180556064,1
1790180556064,0
1790180556118,1
1790180556118,0
1790180556178,1
1790180556178,0
1790180556235,1
1790180556235,0
1790180556517,1
1790180556517,0
1790180556577,1
1790180556577,0
1790180556847,1
1790180556847,0
1790180557188,1
1790180557189,0
1790180557248,1
1790180557248,0
1790180557316,1
1790180557316,0
1790180557663,1
1790180557664,0
1790180558249,1
1790180558250,0
1790180558538,1
1790180558538,0
1790180558593,1
1790180558593,0
1790180559642,1
1790180559642,0
1790180559700,1
1790180559700,0
1790180560688,1
1790180560688,0
1790180560737,1
1790180560746,0
1790180560797,1
1790180560797,0
1790180560857,1
1790180560857,0
1790180561374,1
1790180561374,0
1790180562011,1
1790180562011,0
1790180563151,1
1790180563151,0
1790180564195,1
1790180564195,0
1790180564662,1
1790180564662,0
1790180565063,1
1790180565063,0
1790180566199,1
1790180566199,0
1790180566259,1
1790180566262,0
1790180566312,1
1790180566312,0
1790180567059,1
1790180567059,0
1790180567343,1
1790180567343,0
1790180567400,1
1790180567400,0
1790180567961,1
1790180567961,0
1790180568531,1
1790180568532,0
1790180569698,1
1790180569698,0
1790180570392,1
1790180570392,0
1790180570460,1
1790180570460,0
1790180570516,1
1790180570516,0
1790180570867,1
1790180570867,0
1790180571321,1
1790180571321,0
1790180571381,1
1790180571381,0
1790180571441,1
1790180571441,0
1790180572032,1
1790180572032,0
1790180572083,1
1790180572084,0
1790180572149,1
1790180572149,0
1790180572319,1
1790180572319,0
1790180572609,1
1790180572609,0
1790180572662,1
1790180572662,0
1790180572727,1
1790180572727,0
1790180574119,1
1790180574119,0
1790180574230,1
1790180574230,0
1790180574276,1
1790180574276,0
1790180574338,1
1790180574338,0
1790180574749,1
1790180574749,0
1790180574966,1
1790180574966,0
1790180575025,1
1790180575025,0
1790180575079,1
1790180575079,0
1790180575128,1
1790180575128,0
1790180575589,1
1790180575589,0
1790180575701,1
1790180575701,0
1790180575758,1
1790180575758,0
1790180576047,1
1790180576047,0
1790180576272,1
1790180576272,0
1790180576740,1
1790180576740,0
1790180576793,1
1790180576793,0
1790180576844,1
1790180576844,0
1790180577360,1
1790180577360,0
1790180577809,1
1790180577809,0
1790180578387,1
1790180578387,0
1790180578793,1
1790180578794,0
1790180578859,1
1790180578859,0
1790180579141,1
1790180579141,0
1790180579201,1
1790180579201,0
1790180579268,1
1790180579268,0
1790180579893,1
1790180579893,0
