1790180591314,1
1790180591321,0
1790180591328,1
1790180591450,2
1790180591476,3
1790180591501,4
1790180591570,3
1790180591680,2
1790180591737,1
1790180591741,0
1790180591880,1
1790180591880,0
1790180593233,1
1790180593233,0
1790180593424,1
1790180593424,0
1790180593455,1
1790180593484,2
1790180593507,1
1790180593524,2
1790180593557,3
1790180593575,2
1790180593575,1
1790180593590,2
1790180593636,1
1790180593637,0
1790180593755,1
1790180593755,0
1790180594186,1
1790180594186,0
1790180594561,1
1790180594561,0
1790180594584,1
1790180594606,0
1790180594618,1
1790180594618,0
1790180595265,1
1790180595265,0
1790180595857,1
1790180595858,0
1790180595884,1
1790180595909,0
1790180596570,1
1790180596570,0
1790180597179,1
1790180597180,0
1790180597293,1
1790180597293,0
1790180598683,1
1790180598683,0
1790180598705,1
1790180598738,0
1790180598989,1
1790180598989,0
1790180599499,1
1790180599499,0
1790180599922,1
1790180599923,0
1790180600470,1
1790180600470,0
1790180601107,1
1790180601107,0
1790180601893,1
1790180601893,0
1790180601920,1
1790180601920,0
1790180601952,1
1790180601976,0
1790180601988,1
1790180601988,0
1790180602025,1
1790180602031,2
1790180602036,1
1790180602036,0
1790180602593,1
1790180602593,0
1790180603549,1
1790180603549,0
1790180603567,1
1790180603593,0
1790180603595,1
1790180603625,2
1790180603637,1
1790180603637,0
1790180603957,1
1790180603957,0
1790180604099,1
1790180604099,0
1790180604132,1
1790180604132,0
1790180604157,1
1790180604157,0
1790180605009,1
1790180605010,0
1790180605411,1
1790180605411,0
1790180605440,1
1790180605440,0
1790180605462,1
1790180605462,0
1790180605492,1
1790180605492,0
1790180605863,1
1790180605863,0
1790180606119,1
1790180606119,0
1790180606138,1
1790180606171,0
1790180606174,1
1790180606214,0
1790180606415,1
1790180606415,0
1790180606826,1
1790180606826,0
1790180607112,1
1790180607113,0
1790180607515,1
1790180607516,0
1790180608164,1
1790180608165,0
1790180608186,1
1790180608227,0
1790180609099,1
1790180609099,0
1790180609131,1
1790180609150,0
1790180609156,1
1790180609156,0
1790180609182,1
1790180609183,0
1790180609244,1
1790180609245,0
1790180610089,1
1790180610090,0
1790180610362,1
1790180610362,0
1790180611083,1
1790180611083,0
1790180611397,1
1790180611398,0
1790180612489,1
1790180612490,0
1790180612525,1
1790180612559,0
1790180612585,1
1790180612585,0
1790180612607,1
1790180612607,0
1790180612637,1
1790180612638,0
1790180613344,1
1790180613344,0
1790180613352,1
1790180613406,0
1790180613552,1
1790180613552,0
1790180613899,1
1790180613899,0
1790180614076,1
1790180614076,0
1790180614428,1
1790180614429,0
1790180614573,1
1790180614573,0
1790180614818,1
1790180614818,0
1790180614900,1
1790180614900,0
1790180614947,1
1790180614947,0
1790180615661,1
1790180615661,0
1790180615897,1
1790180615897,0
1790180615927,1
1790180615941,0
1790180616007,1
1790180616007,0
1790180616148,1
1790180616148,0
1790180616323,1
1790180616323,0
1790180616352,1
1790180616369,0
1790180616384,1
1790180616384,0
1790180616444,1
1790180616444,0
1790180616466,1
1790180616489,0
1790180616497,1
1790180616498,0
1790180616863,1
1790180616863,0
1790180616886,1
1790180616911,0
1790180616920,1
1790180616920,0
1790180616943,1
1790180616943,0
1790180616980,1
1790180616992,0
1790180616999,1
1790180617035,2
1790180617037,1
1790180617059,2
1790180617082,1
1790180617116,2
1790180617130,1
1790180617146,2
1790180617167,3
1790180617174,2
1790180617194,3
1790180617219,2
1790180617266,1
1790180617266,0
1790180617270,1
1790180617270,0
1790180617457,1
1790180617457,0
1790180617622,1
1790180617622,0
1790180617647,1
1790180617666,0
1790180617667,1
1790180617687,2
1790180617712,1
1790180617712,0
1790180617741,1
1790180617742,0
1790180618119,1
1790180618119,0
1790180618139,1
1790180618164,0
1790180618171,1
1790180618197,2
1790180618210,1
1790180618231,2
1790180618255,1
1790180618255,0
1790180618399,1
1790180618400,0
1790180619341,1
1790180619342,0
1790180619370,1
1790180619385,0
1790180619401,1
1790180619430,2
1790180619432,1
1790180619476,0
1790180619690,1
1790180619690,0
1790180619851,1
1790180619851,0
1790180620017,1
1790180620017,0
1790180620044,1
1790180620062,0
1790180620071,1
1790180620071,0
1790180620374,1
1790180620374,0
1790180620518,1
1790180620518,0
1790180620548,1
1790180620563,0
1790180620577,1
1790180620610,0
1790180620639,1
1790180620639,0
1790180620663,1
1790180620684,0
1790180620954,1
1790180620954,0
1790180620988,1
1790180621000,0
1790180621010,1
1790180621047,0
1790180621555,1
1790180621555,0
1790180621594,1
1790180621602,0
1790180621627,1
1790180621627,0
1790180621735,1
1790180621736,0
1790180621938,1
1790180621938,0
1790180621996,1
1790180621996,0
1790180622079,1
1790180622079,0
1790180622283,1
1790180622283,0
1790180622368,1
1790180622368,0
1790180622397,1
1790180622413,0
1790180622414,1
1790180622415,0
1790180622452,1
1790180622457,0
1790180622542,1
1790180622542,0
1790180622654,1
1790180622654,0
1790180622677,1
1790180622701,0
1790180622704,1
1790180622704,0
1790180622760,1
1790180622760,0
1790180622787,1
1790180622804,0
1790180623043,1
1790180623043,0
1790180623151,1
1790180623151,0
1790180623173,1
1790180623191,2
1790180623195,1
1790180623227,2
1790180623238,1
1790180623285,0
1790180623380,1
1790180623380,0
1790180623590,1
1790180623590,0
1790180623620,1
1790180623634,0
1790180623641,1
1790180623641,0
1790180623677,1
1790180623687,0
1790180623696,1
1790180623726,2
1790180623731,1
1790180623731,0
1790180623785,1
1790180623785,0
1790180623806,1
1790180623831,0
1790180623861,1
1790180623861,0
1790180624028,1
1790180624029,0
1790180624050,1
1790180624075,0
1790180624163,1
1790180624163,0
1790180624313,1
1790180624313,0
1790180624333,1
1790180624359,0
1790180624741,1
1790180624741,0
1790180624759,1
1790180624785,0
1790180624796,1
1790180624796,0
1790180624814,1
1790180624814,0
1790180624960,1
1790180624960,0
1790180625485,1
1790180625485,0
1790180625497,1
1790180625526,2
1790180625544,1
1790180625544,0
1790180625550,1
1790180625550,0
1790180625643,1
1790180625643,0
1790180625706,1
1790180625706,0
1790180625819,1
1790180625819,0
1790180625930,1
1790180625930,0
1790180626354,1
1790180626354,0
1790180626468,1
1790180626469,0
1790180626528,1
1790180626529,0
1790180626560,1
1790180626575,0
1790180626589,1
1790180626590,0
1790180626613,1
1790180626614,0
1790180626674,1
1790180626674,0
1790180626961,1
1790180626961,0
1790180627007,1
1790180627010,0
1790180627521,1
1790180627522,0
1790180627748,1
1790180627748,0
1790180627864,1
1790180627864,0
1790180627885,1
1790180627908,0
1790180627918,1
1790180627955,0
1790180628286,1
1790180628286,0
1790180629099,1
1790180629099,0
1790180629127,1
1790180629146,0
1790180629328,1
1790180629328,0
1790180629467,1
1790180629467,0
1790180629493,1
1790180629510,0
1790180629519,1
1790180629519,0
1790180629618,1
1790180629618,0
1790180629645,1
1790180629662,0
1790180629884,1
1790180629885,0
1790180629917,1
1790180629930,0
1790180630154,1
1790180630155,0
1790180630411,1
1790180630411,0
1790180630444,1
1790180630458,0
1790180630474,1
1790180630503,0
1790180630584,1
1790180630585,0
1790180630709,1
1790180630709,0
1790180631258,1
1790180631258,0
1790180631305,1
1790180631305,0
1790180631336,1
1790180631349,0
1790180631352,1
1790180631391,2
1790180631396,1
1790180631396,0
1790180631417,1
1790180631417,0
1790180632222,1
1790180632222,0
1790180632384,1
1790180632384,0
1790180632411,1
1790180632432,0
1790180632437,1
1790180632437,0
1790180632471,1
1790180632471,0
1790180632666,1
1790180632666,0
1790180632682,1
1790180632712,0
1790180632714,1
1790180632757,0
1790180632860,1
1790180632860,0
1790180632883,1
1790180632904,0
1790180632914,1
1790180632945,2
1790180632950,1
1790180632971,2
1790180632995,1
1790180632995,0
1790180633004,1
1790180633004,0
1790180633031,1
1790180633031,0
1790180633788,1
1790180633788,0
1790180633958,1
1790180633958,0
1790180633978,1
1790180634003,0
1790180634004,1
1790180634025,2
1790180634047,1
1790180634047,0
1790180634401,1
1790180634401,0
1790180634674,1
1790180634674,0
1790180634707,1
1790180634722,0
1790180634730,1
1790180634730,0
1790180634934,1
1790180634934,0
1790180634996,1
1790180634996,0
1790180635676,1
1790180635676,0
1790180636235,1
1790180636235,0
1790180636472,1
1790180636472,0
1790180636499,1
1790180636516,0
1790180636725,1
1790180636725,0
1790180636749,1
1790180636769,0
1790180637065,1
1790180637065,0
1790180637280,1
1790180637280,0
1790180637333,0
1790180637333,0
1790180637363,1
1790180637374,0
1790180637380,1
1790180637380,0
1790180637682,1
1790180637682,0
1790180637709,1
1790180637723,0
1790180637731,1
1790180637731,0
1790180637770,1
1790180637788,0
1790180638047,1
1790180638047,0
1790180638183,1
1790180638183,0
1790180638324,1
1790180638324,0
1790180639153,1
1790180639153,0
1790180639179,1
1790180639207,0
1790180639235,1
1790180639250,0
1790180639412,1
1790180639412,0
1790180639463,1
1790180639466,0
1790180639842,1
1790180639842,0
1790180639860,1
1790180639885,0
1790180639890,1
1790180639912,2
1790180639937,1
1790180639937,0
1790180640299,1
1790180640299,0
1790180640322,1
1790180640353,0
1790180640550,1
1790180640550,0
1790180640576,1
1790180640604,0
1790180640889,0
1790180640889,0
1790180640909,1
1790180640932,0
1790180640936,1
1790180640972,2
1790180640987,1
1790180640987,0
1790180641026,1
1790180641026,0
1790180641333,1
1790180641333,0
1790180641341,1
1790180641388,0
1790180641410,1
1790180641431,0
1790180641432,1
1790180641462,2
1790180641485,1
1790180641491,2
1790180641533,1
1790180641533,0
1790180641687,0
1790180641687,0
1790180641707,1
1790180641730,0
1790180641738,1
1790180641784,0
1790180641856,1
1790180641856,0
1790180642400,1
1790180642401,0
1790180642424,1
1790180642447,0
1790180642943,1
1790180642943,0
1790180643196,1
1790180643196,0
1790180643221,1
1790180643250,0
1790180643363,1
1790180643363,0
1790180643443,1
1790180643443,0
1790180643650,1
1790180643650,0
1790180643684,1
1790180643693,0
1790180643741,1
1790180643741,0
1790180643765,1
1790180643784,0
1790180644198,1
1790180644198,0
1790180644260,1
1790180644260,0
1790180644285,1
1790180644302,0
1790180644418,1
1790180644418,0
1790180644449,1
1790180644464,0
1790180644479,1
1790180644508,2
1790180644519,1
1790180644519,0
1790180644534,1
1790180644570,2
1790180644571,1
1790180644627,0
1790180644755,0
1790180644756,0
1790180644790,1
1790180644808,2
1790180644811,1
1790180644864,0
1790180644874,1
1790180644890,2
1790180644911,1
1790180644920,2
1790180644964,1
1790180644964,0
1790180645069,1
1790180645069,0
1790180645084,1
1790180645112,0
1790180645302,1
1790180645302,0
1790180645333,1
1790180645346,0
1790180645631,1
1790180645631,0
1790180645656,1
1790180645679,2
1790180645685,1
1790180645706,2
1790180645726,1
1790180645726,0
1790180645762,1
1790180645762,0
1790180645897,0
1790180645897,0
1790180645918,1
1790180645939,0
1790180645948,1
1790180645948,0
1790180646153,1
1790180646153,0
1790180646184,1
1790180646207,0
1790180646213,1
1790180646241,2
1790180646248,1
1790180646248,0
1790180646300,1
1790180646300,0
1790180646774,1
1790180646774,0
1790180647113,1
1790180647113,0
1790180647485,1
1790180647485,0
1790180647515,1
1790180647530,0
1790180647549,1
1790180647565,2
1790180647585,1
1790180647585,0
1790180648212,1
1790180648213,0
1790180648237,1
1790180648269,0
1790180648381,1
1790180648381,0
1790180648951,1
1790180648951,0
1790180649060,1
1790180649060,0
1790180649180,1
1790180649180,0
1790180649297,1
1790180649297,0
1790180649516,1
1790180649516,0
1790180649852,1
1790180649853,0
1790180650270,1
1790180650270,0
1790180650300,1
1790180650315,0
1790180650419,1
1790180650419,0
1790180650440,1
1790180650464,0
1790180650471,1
1790180650471,0
1790180650505,1
1790180650506,0
1790180650536,1
1790180650536,0
1790180651163,1
1790180651163,0
1790180651195,1
1790180651205,0
1790180651474,1
1790180651474,0
1790180651679,1
1790180651679,0
1790180651749,1
1790180651749,0
1790180651860,1
1790180651860,0
1790180651975,1
1790180651976,0
1790180652576,1
1790180652577,0
1790180652594,1
1790180652616,2
1790180652632,1
1790180652655,2
1790180652675,1
1790180652675,0
1790180652705,1
1790180652706,0
1790180652734,1
1790180652755,0
1790180652944,1
1790180652944,0
1790180652969,1
1790180652997,2
1790180653003,1
1790180653046,0
1790180653879,1
1790180653879,0
1790180653916,1
1790180653927,0
1790180653946,1
1790180653946,0
1790180654260,1
1790180654260,0
1790180654937,1
1790180654938,0
1790180654958,1
1790180654986,0
1790180654995,1
1790180654995,0
1790180655131,1
1790180655131,0
1790180655390,1
1790180655390,0
1790180655420,1
1790180655445,0
1790180655550,1
1790180655550,0
1790180655632,1
1790180655632,0
1790180656083,1
1790180656083,0
1790180656114,1
1790180656124,0
1790180656134,1
1790180656169,0
1790180656364,1
1790180656364,0
1790180656387,1
1790180656406,0
1790180657458,1
1790180657459,0
1790180657587,0
1790180657587,0
1790180657618,1
1790180657632,0
1790180657648,1
1790180657649,0
1790180657764,1
1790180657764,0
1790180658363,1
1790180658363,0
1790180658386,1
1790180658414,0
1790180658419,1
1790180658419,0
1790180658443,1
1790180658443,0
1790180658764,1
1790180658764,0
1790180658794,1
1790180658805,0
1790180658847,1
1790180658847,0
1790180659075,1
1790180659075,0
1790180659303,1
1790180659303,0
1790180659336,1
1790180659347,0
1790180659406,1
1790180659407,0
1790180659444,1
1790180659449,0
1790180659474,1
1790180659488,2
1790180659490,1
1790180659491,0
1790180659523,1
1790180659524,0
1790180659550,1
1790180659550,0
1790180659630,1
1790180659630,0
1790180659649,1
1790180659672,0
1790180660066,1
1790180660066,0
1790180660425,1
1790180660425,0
1790180660485,1
1790180660485,0
1790180660516,1
1790180660529,0
1790180660542,1
1790180660542,0
1790180660576,1
1790180660576,0
1790180660652,1
1790180660652,0
1790180660966,1
1790180660966,0
1790180661020,1
1790180661020,0
1790180661052,1
1790180661066,0
1790180661078,1
1790180661078,0
1790180661102,1
1790180661102,0
1790180661180,1
1790180661180,0
1790180661370,1
1790180661370,0
1790180661538,1
1790180661538,0
1790180661569,1
1790180661579,0
1790180661602,1
1790180661602,0
1790180661615,1
1790180661615,0
1790180661734,1
1790180661734,0
1790180661764,1
1790180661778,0
1790180661941,1
1790180661941,0
1790180661965,1
1790180661986,0
1790180661987,1
1790180661987,0
1790180662084,1
1790180662084,0
1790180662114,1
1790180662129,0
1790180662142,1
1790180662142,0
1790180662171,1
1790180662171,0
1790180662363,1
1790180662363,0
1790180662395,1
1790180662406,0
1790180662424,1
1790180662424,0
1790180662537,1
1790180662537,0
1790180662963,1
1790180662963,0
1790180663141,1
1790180663141,0
1790180663168,1
1790180663186,0
1790180663191,1
1790180663191,0
1790180663226,1
1790180663226,0
1790180663338,1
1790180663338,0
1790180663366,1
1790180663381,0
1790180663512,1
1790180663512,0
1790180663548,1
1790180663554,0
1790180663570,1
1790180663570,0
1790180663631,1
1790180663631,0
1790180664450,1
1790180664450,0
1790180664484,1
1790180664493,0
1790180664505,1
1790180664505,0
1790180664622,1
1790180664622,0
1790180664653,1
1790180664665,0
1790180665103,0
1790180665104,0
1790180665135,1
1790180665145,0
1790180665733,1
1790180665733,0
1790180665757,1
1790180665779,0
1790180665793,1
1790180665793,0
1790180665817,1
1790180665817,0
1790180666103,1
1790180666104,0
1790180666207,1
1790180666207,0
1790180666473,1
1790180666473,0
1790180666499,1
1790180666514,0
1790180667247,1
1790180667247,0
1790180667444,1
1790180667444,0
1790180667493,1
1790180667498,0
1790180667762,1
1790180667762,0
1790180668532,1
1790180668532,0
1790180668558,1
1790180668578,0
1790180668595,1
1790180668620,0
1790180668824,1
1790180668824,0
1790180668855,1
1790180668865,0
1790180669109,1
1790180669109,0
1790180669139,1
1790180669154,0
1790180669902,1
1790180669902,0
1790180669930,1
1790180669943,0
1790180670197,1
1790180670197,0
1790180670346,0
1790180670346,0
1790180670374,1
1790180670388,0
1790180670459,1
1790180670459,0
1790180670602,1
1790180670602,0
1790180670749,1
1790180670749,0
1790180670871,0
1790180670871,0
1790180671033,1
1790180671033,0
1790180671056,1
1790180671074,0
1790180671093,1
1790180671093,0
1790180671120,1
1790180671120,0
1790180671175,1
1790180671175,0
1790180671395,0
1790180671395,0
1790180671494,1
1790180671494,0
1790180671711,1
1790180671711,0
1790180671772,1
1790180671772,0
1790180671801,1
1790180671817,0
1790180672232,1
1790180672232,0
1790180673313,1
1790180673313,0
1790180673326,1
1790180673365,0
1790180673397,1
1790180673412,0
1790180673413,1
1790180673455,0
1790180673658,1
1790180673658,0
1790180673868,1
1790180673868,0
1790180673937,1
1790180673937,0
1790180674198,1
1790180674198,0
1790180674335,1
1790180674335,0
1790180674684,1
1790180674684,0
1790180674770,1
1790180674770,0
1790180674805,1
1790180674811,0
1790180674832,1
1790180674832,0
1790180674846,1
1790180674846,0
1790180675036,1
1790180675036,0
1790180675059,1
1790180675079,0
1790180675092,1
1790180675092,0
1790180675208,1
1790180675208,0
1790180676066,1
1790180676066,0
1790180676178,1
1790180676178,0
1790180676267,1
1790180676267,0
1790180676498,1
1790180676498,0
1790180677186,1
1790180677186,0
1790180677214,1
1790180677228,0
1790180677240,1
1790180677240,0
1790180677412,1
1790180677412,0
1790180677582,1
1790180677582,0
1790180677693,1
1790180677693,0
1790180677826,1
1790180677826,0
1790180677855,1
1790180677868,0
1790180678221,1
1790180678221,0
1790180678251,1
1790180678264,0
1790180678283,1
1790180678283,0
1790180678658,1
1790180678658,0
1790180678690,1
1790180678704,0
1790180678718,1
1790180678745,0
1790180678866,1
1790180678866,0
1790180679000,1
1790180679000,0
1790180679164,1
1790180679164,0
1790180679398,1
1790180679398,0
