1790180105609,1
1790180105614,0
1790180105648,1
1790180105862,0
1790180106106,1
1790180106107,0
1790180106871,1
1790180106871,0
1790180106937,1
1790180106941,0
1790180106992,1
1790180106992,0
1790180107390,1
1790180107390,0
1790180107447,1
1790180107447,0
1790180107629,1
1790180107629,0
1790180108852,1
1790180108853,0
1790180110663,1
1790180110663,0
1790180110728,1
1790180110729,0
1790180110783,0
1790180110783,0
1790180111013,1
1790180111013,0
1790180112531,1
1790180112531,0
1790180112714,1
1790180112714,0
1790180113877,1
1790180113877,0
1790180116194,1
1790180116194,0
1790180116250,1
1790180116250,0
1790180116306,1
1790180116306,0
1790180116414,1
1790180116414,0
1790180116759,1
1790180116759,0
1790180116826,1
1790180116826,0
1790180116886,1
1790180116886,0
1790180117546,1
1790180117547,0
1790180119189,1
1790180119189,0
1790180119250,1
1790180119250,0
1790180119425,1
1790180119425,0
1790180119840,1
1790180119840,0
1790180119881,1
1790180119922,0
1790180119945,1
1790180119968,0
1790180120523,1
1790180120523,0
1790180120927,1
1790180120928,0
1790180122606,0
1790180122606,0
1790180123061,1
1790180123062,0
1790180123792,1
1790180123793,0
1790180125844,1
1790180125844,0
1790180126599,1
1790180126600,0
1790180126652,1
1790180126652,0
1790180126708,1
1790180126708,0
1790180127643,1
1790180127644,0
1790180129824,1
1790180129824,0
1790180132531,0
1790180132531,0
1790180132945,1
1790180132946,0
1790180136229,1
1790180136230,0
1790180136509,1
1790180136509,0
1790180136569,1
1790180136569,0
1790180136630,1
1790180136630,0
1790180136855,1
1790180136855,0
1790180137280,1
1790180137281,0
1790180138027,1
1790180138028,0
1790180138080,1
1790180138080,0
1790180138665,1
1790180138665,0
1790180139470,1
1790180139471,0
1790180140932,1
1790180140932,0
1790180140989,1
1790180140989,0
1790180141162,1
1790180141163,0
1790180141213,1
1790180141213,0
1790180142390,1
1790180142391,0
1790180142500,1
1790180142501,0
1790180142912,1
1790180142913,0
1790180142957,1
1790180142966,0
1790180143018,1
1790180143018,0
1790180144647,1
1790180144647,0
1790180146429,1
1790180146430,0
1790180146493,1
1790180146493,0
1790180146553,1
1790180146553,0
1790180147769,1
1790180147769,0
1790180147821,1
1790180147827,0
1790180150598,1
1790180150598,0
1790180150651,1
1790180150652,0
1790180150770,1
1790180150771,0
1790180150830,1
1790180150831,0
1790180151288,1
1790180151288,0
1790180151340,1
1790180151343,0
1790180151397,1
1790180151397,0
1790180151447,1
1790180151447,0
1790180151511,1
1790180151511,0
1790180151566,1
1790180151574,0
1790180152086,1
1790180152086,0
1790180152144,1
1790180152144,0
1790180152203,1
1790180152203,0
1790180152261,1
1790180152262,0
1790180152903,1
1790180152903,0
1790180153205,1
1790180153205,0
1790180153264,1
1790180153264,0
1790180154487,1
1790180154487,0
1790180154831,1
1790180154832,0
1790180154954,1
1790180154954,0
1790180155009,1
1790180155009,0
1790180155074,1
1790180155074,0
1790180155130,1
1790180155130,0
1790180155415,1
1790180155415,0
1790180155475,1
1790180155475,0
1790180155918,1
1790180155918,0
1790180155977,1
1790180155978,0
1790180156089,1
1790180156089,0
1790180156147,1
1790180156147,0
1790180156445,1
1790180156445,0
1790180156683,1
1790180156683,0
1790180156796,1
1790180156796,0
1790180156849,1
1790180156849,0
1790180156898,1
1790180156899,0
1790180156957,1
1790180156957,0
1790180157288,1
1790180157289,0
1790180157858,1
1790180157858,0
1790180157913,1
1790180157914,0
1790180157978,1
1790180157978,0
1790180158158,1
1790180158158,0
1790180158277,1
1790180158277,0
1790180158331,1
1790180158331,0
1790180159243,1
1790180159243,0
1790180160283,1
1790180160283,0
1790180160407,1
1790180160407,0
1790180160860,1
1790180160860,0
1790180160907,1
1790180160907,0
1790180160962,1
1790180160962,0
1790180161381,1
1790180161381,0
1790180161556,1
1790180161557,0
1790180161610,1
1790180161611,0
1790180162214,1
1790180162214,0
1790180162265,1
1790180162265,0
1790180162310,1
1790180162310,0
1790180162360,1
1790180162360,0
1790180162651,1
1790180162652,0
1790180162713,1
1790180162718,0
1790180162766,1
1790180162766,0
1790180162987,1
1790180162988,0
1790180163842,0
1790180163845,0
1790180164063,0
1790180164063,0
1790180164241,1
1790180164241,0
1790180165212,1
1790180165212,0
1790180165271,1
1790180165271,0
1790180165383,1
1790180165384,0
1790180166525,1
1790180166525,0
1790180167154,1
1790180167154,0
1790180167213,1
1790180167213,0
1790180167273,1
1790180167273,0
1790180167333,1
1790180167333,0
1790180168040,1
1790180168040,0
1790180168099,1
1790180168099,0
1790180168158,1
1790180168158,0
1790180168739,1
1790180168739,0
1790180169096,1
1790180169096,0
1790180169545,1
1790180169545,0
1790180169604,1
1790180169604,0
1790180169656,1
1790180169656,0
1790180170122,1
1790180170122,0
1790180170415,1
1790180170415,0
1790180170645,1
1790180170645,0
1790180170870,1
1790180170870,0
1790180171345,1
1790180171345,0
1790180171740,1
1790180171740,0
1790180171800,1
1790180171800,0
1790180171865,1
1790180171865,0
1790180173520,1
1790180173520,0
1790180173583,1
1790180173583,0
1790180173646,1
1790180173646,0
1790180174097,1
1790180174097,0
1790180174672,1
1790180174672,0
1790180174730,1
1790180174730,0
1790180175080,1
1790180175081,0
1790180175142,1
1790180175142,0
1790180175609,1
1790180175609,0
1790180176186,1
1790180176187,0
1790180176248,1
1790180176248,0
1790180176307,1
1790180176307,0
1790180176360,1
1790180176360,0
1790180176417,1
1790180176417,0
1790180176763,1
1790180176763,0
1790180177044,1
1790180177044,0
1790180177100,1
1790180177100,0
1790180177160,1
1790180177160,0
1790180177386,1
1790180177386,0
1790180177504,1
1790180177504,0
1790180177548,1
1790180177550,0
1790180177608,1
1790180177608,0
1790180177676,1
1790180177676,0
1790180177795,1
1790180177795,0
1790180177914,1
1790180177915,0
1790180177975,1
1790180177975,0
1790180178017,1
1790180178018,0
1790180178502,1
1790180178502,0
1790180179763,1
1790180179764,0
1790180179809,1
1790180179809,0
1790180179880,1
1790180179880,0
1790180179933,1
1790180179937,0
1790180180292,1
1790180180293,0
1790180180575,1
1790180180575,0
1790180180628,1
1790180180628,0
1790180180863,1
1790180180863,0
1790180180913,1
1790180180914,0
1790180180973,1
1790180180974,0
1790180181033,1
1790180181034,0
1790180181266,1
1790180181266,0
1790180181323,1
1790180181324,0
1790180181619,1
1790180181619,0
1790180181679,1
1790180181680,0
1790180181733,1
1790180181733,0
1790180181840,1
1790180181840,0
1790180181905,1
1790180181905,0
1790180181963,1
1790180181963,0
1790180182022,1
1790180182022,0
1790180182078,1
1790180182078,0
1790180182363,1
1790180182363,0
1790180182418,1
1790180182418,0
1790180183575,1
1790180183576,0
1790180184908,1
1790180184909,0
1790180185767,1
1790180185767,0
1790180186003,1
1790180186003,0
1790180186579,1
1790180186579,0
1790180187386,1
1790180187386,0
1790180187727,1
1790180187727,0
1790180187782,1
1790180187782,0
1790180188201,1
1790180188201,0
1790180189556,1
1790180189556,0
1790180189615,1
1790180189615,0
1790180190079,1
1790180190079,0
1790180190135,1
1790180190135,0
1790180190480,1
1790180190480,0
1790180190549,1
1790180190549,0
1790180190600,1
1790180190600,0
1790180191576,1
1790180191576,0
1790180191622,1
1790180191624,0
1790180192149,1
1790180192149,0
1790180192432,1
1790180192433,0
1790180192489,1
1790180192489,0
1790180192555,1
1790180192555,0
1790180192784,1
1790180192784,0
1790180192889,1
1790180192889,0
1790180193474,1
1790180193474,0
1790180193938,1
1790180193938,0
1790180193997,1
1790180193997,0
1790180194813,1
1790180194813,0
1790180195374,1
1790180195374,0
1790180195732,1
1790180195732,0
1790180195785,1
1790180195785,0
1790180195845,1
1790180195845,0
1790180196475,1
1790180196475,0
1790180196580,1
1790180196580,0
1790180197213,1
1790180197213,0
1790180197318,1
1790180197318,0
1790180197374,1
1790180197374,0
1790180197444,1
1790180197444,0
1790180197502,1
1790180197502,0
1790180197552,1
1790180197552,0
1790180197677,1
1790180197677,0
1790180197915,1
1790180197915,0
1790180197974,1
1790180197974,0
1790180198035,1
1790180198035,0
1790180198957,1
1790180198957,0
1790180199468,1
1790180199468,0
1790180200057,1
1790180200058,0
1790180200518,1
1790180200518,0
1790180200979,1
1790180200979,0
1790180201215,1
1790180201215,0
1790180201275,1
1790180201278,0
1790180201331,1
1790180201332,0
1790180201383,1
1790180201384,0
1790180201631,1
1790180201631,0
1790180202077,1
1790180202078,0
1790180202132,1
1790180202132,0
1790180202183,1
1790180202183,0
1790180202243,1
1790180202244,0
1790180202544,1
1790180202544,0
1790180202593,1
1790180202593,0
1790180203186,1
1790180203187,0
1790180203636,1
1790180203636,0
1790180203694,1
1790180203694,0
1790180203807,1
1790180203807,0
1790180203929,1
1790180203929,0
1790180203987,1
1790180203987,0
1790180204044,1
1790180204044,0
1790180204100,1
1790180204100,0
1790180204345,1
1790180204345,0
1790180204400,1
1790180204400,0
1790180204977,1
1790180204977,0
1790180206010,1
1790180206010,0
1790180206344,1
1790180206344,0
1790180206526,1
1790180206526,0
1790180206583,1
1790180206583,0
1790180206855,1
1790180206855,0
1790180207033,1
1790180207033,0
1790180207770,1
1790180207770,0
1790180207837,1
1790180207837,0
1790180207886,1
1790180207886,0
1790180208111,1
1790180208111,0
1790180208158,1
1790180208161,0
1790180208224,1
1790180208224,0
1790180208518,1
1790180208518,0
1790180209346,1
1790180209346,0
1790180209681,1
1790180209681,0
1790180210162,1
1790180210162,0
1790180210323,1
1790180210323,0
1790180210503,1
1790180210503,0
1790180210560,1
1790180210560,0
1790180210615,1
1790180210615,0
1790180210796,1
1790180210796,0
1790180211266,1
1790180211266,0
1790180211610,1
1790180211610,0
1790180211670,1
1790180211670,0
1790180211721,1
1790180211725,0
1790180212191,1
1790180212191,0
1790180212246,1
1790180212246,0
1790180212309,1
1790180212309,0
1790180212366,1
1790180212366,0
1790180212708,1
1790180212708,0
1790180212774,1
1790180212774,0
1790180212826,1
1790180212826,0
1790180213297,1
1790180213297,0
1790180213355,1
1790180213355,0
1790180213415,1
1790180213415,0
1790180214753,1
1790180214753,0
1790180215166,1
1790180215166,0
1790180215459,1
1790180215459,0
1790180215510,1
1790180215510,0
1790180215568,1
1790180215568,0
1790180215628,1
1790180215628,0
1790180216834,1
1790180216834,0
1790180216894,1
1790180216895,0
1790180216951,1
1790180216951,0
1790180217698,1
1790180217698,0
1790180217752,1
1790180217752,0
1790180217811,1
1790180217811,0
1790180217927,1
1790180217927,0
1790180217987,1
1790180217987,0
1790180218100,1
1790180218100,0
1790180218156,1
1790180218156,0
1790180218455,1
1790180218455,0
1790180218630,1
1790180218631,0
1790180218691,1
1790180218691,0
1790180218975,1
1790180218975,0
1790180219155,1
1790180219155,0
1790180219271,1
1790180219271,0
1790180219841,1
1790180219841,0
1790180220077,1
1790180220077,0
1790180220157,1
1790180220157,0
1790180220191,1
1790180220212,0
1790180221153,1
1790180221154,0
1790180222488,1
1790180222488,0
1790180222835,1
1790180222835,0
1790180222950,1
1790180222950,0
1790180224045,1
1790180224045,0
1790180224091,1
1790180224100,0
1790180224161,1
1790180224161,0
1790180225151,1
1790180225151,0
1790180225399,1
1790180225399,0
1790180225459,1
1790180225459,0
1790180225517,1
1790180225517,0
1790180226216,1
1790180226216,0
1790180226449,1
1790180226449,0
1790180228411,1
1790180228412,0
1790180228527,1
1790180228527,0
1790180228593,1
1790180228593,0
1790180228872,1
1790180228872,0
1790180230142,1
1790180230142,0
1790180230323,1
1790180230323,0
1790180230383,1
1790180230383,0
1790180230440,1
1790180230440,0
1790180230493,1
1790180230493,0
1790180230550,1
1790180230550,0
1790180230901,1
1790180230901,0
1790180230966,1
1790180230967,0
1790180231020,1
1790180231022,0
1790180231960,1
1790180231960,0
1790180232940,1
1790180232940,0
1790180233007,1
1790180233007,0
1790180233054,1
1790180233054,0
1790180233114,1
1790180233118,0
1790180233173,1
1790180233173,0
1790180233225,1
1790180233225,0
1790180233638,1
1790180233638,0
1790180233689,1
1790180233689,0
1790180233755,1
1790180233755,0
1790180233809,1
1790180233809,0
1790180234628,1
1790180234629,0
1790180235037,1
1790180235037,0
1790180236064,1
1790180236064,0
1790180236235,1
1790180236235,0
1790180236288,1
1790180236290,0
1790180236413,1
1790180236413,0
1790180236471,1
1790180236471,0
1790180236531,1
1790180236531,0
1790180237163,1
1790180237164,0
1790180237286,1
1790180237287,0
1790180237346,1
1790180237346,0
1790180237406,1
1790180237406,0
1790180237462,1
1790180237462,0
1790180238258,1
1790180238258,0
1790180238318,1
1790180238318,0
1790180239415,1
1790180239415,0
1790180239534,1
1790180239534,0
1790180239592,1
1790180239592,0
1790180240709,1
1790180240709,0
1790180241013,1
1790180241013,0
1790180241071,1
1790180241071,0
1790180241721,1
1790180241721,0
1790180241781,1
1790180241781,0
1790180242057,1
1790180242057,0
1790180242117,1
1790180242118,0
1790180242183,1
1790180242183,0
1790180242363,1
1790180242363,0
1790180242410,1
1790180242418,0
1790180242477,1
1790180242477,0
1790180242545,1
1790180242545,0
1790180242661,1
1790180242661,0
1790180242777,1
1790180242777,0
1790180242831,1
1790180242832,0
1790180242877,1
1790180242877,0
1790180242937,1
1790180242937,0
1790180243397,1
1790180243397,0
1790180243441,1
1790180243446,0
1790180243720,1
1790180243720,0
1790180243780,1
1790180243780,0
1790180244475,1
1790180244475,0
1790180245018,1
1790180245018,0
1790180245070,1
1790180245070,0
1790180245538,1
1790180245538,0
1790180245661,1
1790180245661,0
1790180245704,1
1790180245705,0
1790180245771,1
1790180245771,0
1790180245814,1
1790180245814,0
1790180245940,1
1790180245940,0
1790180246008,1
1790180246016,0
1790180247399,1
1790180247399,0
1790180247454,1
1790180247454,0
1790180247508,1
1790180247508,0
1790180248202,1
1790180248202,0
1790180249807,1
1790180249807,0
1790180249870,1
1790180249870,0
1790180249925,1
1790180249925,0
1790180250487,1
1790180250487,0
1790180250547,1
1790180250547,0
1790180250665,1
1790180250665,0
1790180250716,1
1790180250716,0
1790180250777,1
1790180250777,0
1790180250908,1
1790180250908,0
1790180250965,1
1790180250965,0
1790180251439,1
1790180251439,0
1790180251971,1
1790180251971,0
1790180252269,1
1790180252270,0
1790180253219,1
1790180253219,0
1790180253332,1
1790180253332,0
1790180253627,1
1790180253627,0
1790180253687,1
1790180253693,0
1790180253746,1
1790180253746,0
1790180255010,1
1790180255010,0
1790180255070,1
1790180255071,0
1790180255130,1
1790180255131,0
1790180255206,1
1790180255206,0
1790180255258,1
1790180255258,0
1790180256526,1
1790180256526,0
1790180256995,1
1790180256995,0
1790180257236,1
1790180257236,0
1790180257520,1
1790180257520,0
1790180257584,1
1790180257584,0
1790180258061,1
1790180258061,0
1790180258172,1
1790180258172,0
1790180258866,1
1790180258867,0
1790180259515,1
1790180259515,0
1790180259572,1
1790180259572,0
1790180259631,1
1790180259632,0
1790180259676,1
1790180259676,0
1790180260384,1
1790180260385,0
1790180260618,1
1790180260618,0
1790180260678,1
1790180260679,0
1790180260737,1
1790180260737,0
1790180260964,1
1790180260964,0
1790180261132,1
1790180261132,0
1790180261192,1
1790180261192,0
1790180261247,1
1790180261247,0
1790180261881,1
1790180261881,0
1790180262111,1
1790180262111,0
1790180262636,1
1790180262636,0
1790180262680,1
1790180262680,0
1790180262976,1
1790180262976,0
1790180264413,1
1790180264413,0
1790180264471,1
1790180264471,0
1790180264531,1
1790180264531,0
1790180264707,1
1790180264707,0
1790180264939,1
1790180264940,0
1790180265828,1
1790180265828,0
1790180266287,1
1790180266287,0
1790180266874,1
1790180266874,0
1790180267374,1
1790180267374,0
1790180267727,1
1790180267727,0
1790180267782,1
1790180267782,0
1790180267842,1
1790180267842,0
1790180268017,1
1790180268017,0
1790180268292,1
1790180268292,0
1790180268341,1
1790180268341,0
1790180268393,1
1790180268393,0
1790180268784,1
1790180268785,0
1790180268845,1
1790180268845,0
1790180268902,1
1790180268902,0
1790180269016,1
1790180269017,0
1790180269080,1
1790180269090,0
1790180269537,1
1790180269537,0
1790180269701,1
1790180269701,0
1790180270281,1
1790180270281,0
1790180270339,1
1790180270339,0
1790180270459,1
1790180270459,0
1790180270510,1
1790180270510,0
1790180270570,1
1790180270570,0
1790180270806,1
1790180270806,0
1790180270862,1
1790180270865,0
1790180271550,1
1790180271550,0
1790180271610,1
1790180271610,0
1790180271664,1
1790180271664,0
1790180272061,1
1790180272061,0
1790180272119,1
1790180272119,0
1790180272173,1
1790180272173,0
1790180272571,1
1790180272571,0
1790180273089,1
1790180273089,0
1790180273142,1
1790180273142,0
1790180273202,1
1790180273202,0
1790180273251,1
1790180273251,0
1790180273496,1
1790180273496,0
1790180273678,1
1790180273678,0
1790180273738,1
1790180273738,0
1790180273798,1
1790180273798,0
1790180273851,1
1790180273852,0
1790180274200,1
1790180274200,0
1790180274533,1
1790180274533,0
1790180275333,1
1790180275333,0
1790180275401,1
1790180275401,0
1790180275451,1
1790180275452,0
1790180275918,1
1790180275918,0
1790180275982,1
1790180275982,0
1790180276033,1
1790180276033,0
1790180276083,1
1790180276083,0
1790180276133,1
1790180276141,0
1790180276197,1
1790180276197,0
1790180276305,1
1790180276305,0
1790180276658,1
1790180276658,0
1790180276718,1
1790180276722,0
1790180277008,1
1790180277008,0
1790180277053,1
1790180277053,0
1790180277120,1
1790180277120,0
1790180277171,1
1790180277171,0
1790180277358,1
1790180277358,0
1790180277832,1
1790180277832,0
1790180278524,1
1790180278524,0
1790180278872,1
1790180278872,0
1790180279390,1
1790180279390,0
1790180279448,1
1790180279448,0
1790180279490,1
1790180279492,0
1790180279959,1
1790180279959,0
1790180280139,1
1790180280139,0
1790180280199,1
1790180280199,0
1790180280659,1
1790180280659,0
1790180280719,1
1790180280719,0
1790180280779,1
1790180280779,0
1790180280834,1
1790180280834,0
1790180280900,1
1790180280900,0
1790180280949,1
1790180280950,0
1790180281071,1
1790180281071,0
1790180281254,1
1790180281254,0
1790180281312,1
1790180281312,0
1790180282568,1
1790180282568,0
1790180282628,1
1790180282628,0
1790180282688,1
1790180282688,0
1790180282974,1
1790180282974,0
1790180283603,1
1790180283603,0
1790180284183,1
1790180284183,0
1790180284238,1
1790180284238,0
1790180284296,1
1790180284296,0
1790180284745,1
1790180284745,0
1790180284789,1
1790180284791,0
1790180284848,1
1790180284848,0
1790180285196,1
1790180285196,0
1790180285264,1
1790180285264,0
1790180285321,1
1790180285322,0
1790180285383,1
1790180285383,0
1790180286061,1
1790180286061,0
1790180286111,1
1790180286111,0
1790180286870,1
1790180286870,0
1790180287346,1
1790180287347,0
1790180288000,1
1790180288001,0
1790180288061,1
1790180288061,0
1790180288120,1
1790180288120,0
1790180288172,1
1790180288172,0
