1790180398973,1
1790180398979,0
1790180399773,0
1790180399774,0
1790180399962,1
1790180399962,0
1790180400472,1
1790180400472,0
1790180400646,1
1790180400646,0
1790180402283,1
1790180402283,0
1790180403830,1
1790180403830,0
1790180403888,1
1790180403900,0
1790180403955,1
1790180403955,0
1790180408083,1
1790180408084,0
1790180408304,1
1790180408304,0
1790180409215,1
1790180409215,0
1790180409655,1
1790180409655,0
1790180409714,1
1790180409724,0
1790180410284,1
1790180410284,0
1790180411280,1
1790180411281,0
1790180411325,1
1790180411347,0
1790180411776,1
1790180411776,0
1790180413805,1
1790180413805,0
1790180413853,1
1790180413862,0
1790180413914,1
1790180413914,0
1790180415954,1
1790180415954,0
1790180417323,1
1790180417324,0
1790180417385,1
1790180417385,0
1790180418632,1
1790180418632,0
1790180419665,1
1790180419665,0
1790180419731,1
1790180419732,0
1790180421927,1
1790180421927,0
1790180424086,1
1790180424086,0
1790180424142,1
1790180424142,0
1790180425022,1
1790180425022,0
1790180425082,1
1790180425083,0
1790180425142,1
1790180425142,0
1790180425203,0
1790180425203,0
1790180427166,1
1790180427166,0
1790180427224,1
1790180427233,0
1790180429289,1
1790180429289,0
1790180429575,1
1790180429575,0
1790180430144,1
1790180430144,0
1790180431626,1
1790180431626,0
1790180432697,1
1790180432698,0
1790180433961,1
1790180433962,0
1790180434000,1
1790180434036,0
1790180434072,1
1790180434072,0
1790180434126,1
1790180434126,0
1790180434946,1
1790180434946,0
1790180437438,1
1790180437439,0
1790180437710,1
1790180437710,0
1790180437764,1
1790180437769,0
1790180437817,1
1790180437817,0
1790180438269,1
1790180438270,0
1790180438325,1
1790180438346,0
1790180438375,1
1790180438375,0
1790180438434,1
1790180438434,0
1790180439588,1
1790180439589,0
1790180439696,1
1790180439696,0
1790180441757,1
1790180441758,0
1790180444277,1
1790180444278,0
1790180444331,1
1790180444331,0
1790180444393,1
1790180444393,0
1790180444446,1
1790180444447,0
1790180444787,1
1790180444788,0
1790180444841,1
1790180444841,0
1790180444902,1
1790180444903,0
1790180444956,1
1790180444957,0
1790180445008,1
1790180445015,0
1790180445114,1
1790180445114,0
1790180445339,1
1790180445339,0
1790180445402,1
1790180445402,0
1790180445462,1
1790180445462,0
1790180445510,1
1790180445515,0
1790180447251,1
1790180447252,0
1790180447882,1
1790180447882,0
1790180448056,1
1790180448056,0
1790180448109,1
1790180448110,0
1790180448174,1
1790180448174,0
1790180448229,1
1790180448229,0
1790180448975,1
1790180448975,0
1790180449443,1
1790180449443,0
1790180449497,1
1790180449497,0
1790180450134,1
1790180450134,0
1790180450475,1
1790180450475,0
1790180451578,1
1790180451578,0
1790180451737,1
1790180451737,0
1790180451796,1
1790180451796,0
1790180452269,1
1790180452270,0
1790180452843,1
1790180452844,0
1790180452898,1
1790180452898,0
1790180453837,1
1790180453837,0
1790180453883,1
1790180453884,0
1790180454300,1
1790180454301,0
1790180455549,1
1790180455549,0
1790180455617,1
1790180455617,0
1790180455729,1
1790180455729,0
1790180455797,1
1790180455798,0
1790180455855,1
1790180455857,0
1790180456781,1
1790180456781,0
1790180457184,1
1790180457184,0
1790180457350,1
1790180457350,0
1790180458441,1
1790180458441,0
1790180458681,1
1790180458681,0
1790180459309,1
1790180459309,0
1790180461227,1
1790180461227,0
1790180461285,1
1790180461285,0
1790180461347,1
1790180461347,0
1790180461408,1
1790180461408,0
1790180461633,1
1790180461633,0
1790180461693,1
1790180461693,0
1790180462626,1
1790180462626,0
1790180463266,1
1790180463266,0
1790180464359,1
1790180464360,0
1790180464413,1
1790180464413,0
1790180464527,1
1790180464527,0
1790180464590,1
1790180464590,0
1790180464647,1
1790180464648,0
1790180464694,1
1790180464694,0
1790180464821,1
1790180464821,0
1790180464870,1
1790180464870,0
1790180465269,1
1790180465269,0
1790180465579,1
1790180465579,0
1790180466385,1
1790180466385,0
1790180466608,1
1790180466609,0
1790180466724,1
1790180466724,0
1790180466780,1
1790180466780,0
1790180466840,1
1790180466840,0
1790180466898,1
1790180466899,0
1790180466951,1
1790180466952,0
1790180467066,1
1790180467066,0
1790180467699,0
1790180467701,0
1790180468192,0
1790180468192,0
1790180468254,1
1790180468254,0
1790180469130,1
1790180469130,0
1790180469712,1
1790180469712,0
1790180469772,1
1790180469772,0
1790180470536,1
1790180470537,0
1790180471625,1
1790180471625,0
1790180471923,1
1790180471923,0
1790180471985,1
1790180471985,0
1790180473593,1
1790180473593,0
1790180474236,1
1790180474236,0
1790180475157,1
1790180475157,0
1790180475310,1
1790180475310,0
1790180475494,1
1790180475494,0
1790180475554,1
1790180475554,0
1790180475605,1
1790180475605,0
1790180475842,1
1790180475842,0
1790180476074,1
1790180476074,0
1790180476130,1
1790180476130,0
1790180476192,1
1790180476192,0
1790180476309,1
1790180476309,0
1790180476370,1
1790180476370,0
1790180476521,1
1790180476521,0
1790180476996,1
1790180476996,0
1790180477058,1
1790180477058,0
1790180477627,1
1790180477627,0
1790180477970,1
1790180477970,0
1790180478474,1
1790180478474,0
1790180478534,1
1790180478534,0
1790180478775,1
1790180478775,0
1790180478837,1
1790180478837,0
1790180478890,1
1790180478890,0
1790180478952,1
1790180478952,0
1790180479068,1
1790180479069,0
1790180479895,1
1790180479895,0
1790180479954,1
1790180479954,0
1790180480003,1
1790180480003,0
1790180480065,1
1790180480065,0
1790180480416,1
1790180480416,0
1790180480706,1
1790180480706,0
1790180480768,1
1790180480768,0
1790180481803,1
1790180481803,0
1790180481860,1
1790180481860,0
1790180481919,1
1790180481920,0
1790180482083,1
1790180482083,0
1790180482147,1
1790180482147,0
1790180482207,1
1790180482207,0
1790180482257,1
1790180482257,0
1790180482323,1
1790180482323,0
1790180482378,1
1790180482379,0
1790180482439,1
1790180482439,0
1790180483074,1
1790180483074,0
1790180483127,1
1790180483127,0
1790180483532,1
1790180483532,0
1790180483927,1
1790180483927,0
1790180484628,1
1790180484628,0
1790180485026,1
1790180485026,0
1790180485353,1
1790180485353,0
1790180485407,1
1790180485407,0
1790180485470,1
1790180485470,0
1790180485580,1
1790180485580,0
1790180485637,1
1790180485641,0
1790180486134,1
1790180486134,0
1790180486184,1
1790180486184,0
1790180486749,1
1790180486750,0
1790180486930,1
1790180486930,0
1790180487222,1
1790180487222,0
1790180487276,1
1790180487276,0
1790180487459,1
1790180487459,0
1790180487870,1
1790180487871,0
1790180488524,1
1790180488525,0
1790180489236,1
1790180489236,0
1790180489296,1
1790180489328,0
1790180489356,1
1790180489380,0
1790180489582,1
1790180489582,0
1790180490288,1
1790180490288,0
1790180490519,1
1790180490519,0
1790180490797,1
1790180490797,0
1790180490857,1
1790180490858,0
1790180490916,1
1790180490916,0
1790180490978,1
1790180490978,0
1790180491149,1
1790180491149,0
1790180491270,1
1790180491270,0
1790180491334,1
1790180491334,0
1790180491437,1
1790180491437,0
1790180491495,1
1790180491495,0
1790180491562,1
1790180491562,0
1790180492329,1
1790180492329,0
1790180492385,1
1790180492385,0
1790180492442,1
1790180492442,0
1790180492572,1
1790180492572,0
1790180492628,1
1790180492628,0
1790180492685,1
1790180492685,0
1790180492739,1
1790180492739,0
1790180493872,1
1790180493872,0
1790180493932,1
1790180493932,0
1790180493984,1
1790180493984,0
1790180496918,1
1790180496918,0
1790180496965,1
1790180496965,0
1790180497020,1
1790180497020,0
1790180497254,1
1790180497254,0
1790180498021,1
1790180498021,0
1790180498069,1
1790180498069,0
1790180498125,1
1790180498125,0
1790180498184,1
1790180498186,0
1790180498357,1
1790180498357,0
1790180498480,1
1790180498480,0
1790180498824,1
1790180498824,0
1790180501086,1
1790180501086,0
1790180501142,1
1790180501142,0
1790180501201,1
1790180501201,0
1790180501321,1
1790180501321,0
1790180501376,1
1790180501377,0
1790180501436,1
1790180501437,0
1790180501556,1
1790180501556,0
1790180501598,1
1790180501609,0
1790180502662,1
1790180502662,0
1790180502713,1
1790180502715,0
1790180503190,1
1790180503190,0
1790180503349,1
1790180503349,0
1790180503405,1
1790180503405,0
1790180503853,1
1790180503853,0
1790180504254,1
1790180504254,0
1790180505342,1
1790180505342,0
1790180505396,1
1790180505408,0
1790180505928,1
1790180505928,0
1790180505984,1
1790180505984,0
1790180506159,1
1790180506162,0
1790180506727,1
1790180506727,0
1790180506967,1
1790180506967,0
1790180508429,1
1790180508429,0
1790180508481,1
1790180508483,0
1790180508538,1
1790180508538,0
1790180508593,1
1790180508594,0
1790180508955,1
1790180508955,0
1790180509538,1
1790180509538,0
1790180509587,1
1790180509588,0
1790180509645,1
1790180509645,0
1790180509750,1
1790180509750,0
1790180510038,1
1790180510038,0
1790180510271,1
1790180510272,0
1790180510449,1
1790180510449,0
1790180511949,1
1790180511949,0
1790180512754,1
1790180512755,0
1790180513157,1
1790180513157,0
1790180513327,1
1790180513327,0
1790180513387,1
1790180513387,0
1790180513441,1
1790180513441,0
1790180513502,1
1790180513502,0
1790180513895,1
1790180513895,0
1790180513951,1
1790180513951,0
1790180514010,1
1790180514010,0
1790180514069,1
1790180514069,0
1790180514831,1
1790180514831,0
1790180514946,1
1790180514946,0
1790180515410,1
1790180515410,0
1790180515466,1
1790180515466,0
1790180516385,1
1790180516385,0
1790180517027,1
1790180517028,0
1790180517432,1
1790180517432,0
1790180518026,1
1790180518026,0
1790180518085,1
1790180518085,0
1790180518554,1
1790180518554,0
1790180519304,1
1790180519304,0
1790180519820,1
1790180519820,0
1790180519870,1
1790180519873,0
1790180519995,1
1790180519995,0
1790180520055,1
1790180520055,0
1790180520115,1
1790180520115,0
1790180520173,1
1790180520173,0
1790180520464,1
1790180520464,0
1790180521105,1
1790180521105,0
1790180521164,1
1790180521164,0
1790180521225,1
1790180521225,0
1790180521344,1
1790180521345,0
1790180521395,1
1790180521395,0
1790180521849,1
1790180521849,0
1790180521976,1
1790180521976,0
1790180522388,1
1790180522388,0
1790180523130,1
1790180523130,0
1790180523193,1
1790180523193,0
1790180523533,1
1790180523533,0
1790180523592,1
1790180523592,0
1790180523757,1
1790180523757,0
1790180523813,1
1790180523813,0
1790180523866,1
1790180523866,0
1790180523910,1
1790180523910,0
1790180524611,1
1790180524611,0
1790180524671,1
1790180524671,0
1790180524796,1
1790180524796,0
1790180525893,1
1790180525893,0
1790180525953,1
1790180525953,0
1790180526363,1
1790180526363,0
1790180526542,1
1790180526542,0
1790180526828,1
1790180526829,0
1790180526887,1
1790180526887,0
1790180527372,1
1790180527372,0
1790180527653,1
1790180527654,0
1790180528122,1
1790180528122,0
1790180528244,1
1790180528244,0
1790180528296,1
1790180528296,0
1790180528359,1
1790180528359,0
1790180528411,1
1790180528414,0
1790180528751,1
1790180528752,0
1790180528980,1
1790180528980,0
1790180529205,1
1790180529205,0
1790180529265,1
1790180529265,0
1790180529331,1
1790180529331,0
1790180529389,1
1790180529389,0
1790180529448,1
1790180529448,0
1790180530933,1
1790180530933,0
1790180532591,1
1790180532591,0
1790180532650,1
1790180532651,0
1790180532704,1
1790180532704,0
1790180532758,1
1790180532758,0
1790180533963,1
1790180533963,0
1790180536387,1
1790180536387,0
1790180536437,1
1790180536455,0
1790180536498,1
1790180536498,0
1790180536554,1
1790180536554,0
1790180536668,1
1790180536668,0
1790180536733,1
1790180536733,0
1790180536911,1
1790180536911,0
1790180537194,1
1790180537194,0
1790180537246,1
1790180537260,0
1790180537310,1
1790180537310,0
1790180537482,1
1790180537482,0
1790180537700,1
1790180537701,0
1790180538461,0
1790180538462,0
1790180538521,1
1790180538521,0
1790180539027,1
1790180539028,0
1790180539427,1
1790180539427,0
1790180540120,1
1790180540121,0
1790180540590,1
1790180540590,0
1790180540807,1
1790180540807,0
1790180540877,1
1790180540877,0
1790180540930,1
1790180540930,0
1790180540994,1
1790180540994,0
1790180541050,1
1790180541058,0
1790180541108,1
1790180541108,0
1790180541916,1
1790180541917,0
1790180541978,1
1790180541978,0
1790180542029,1
1790180542029,0
1790180542376,1
1790180542376,0
1790180542662,1
1790180542662,0
1790180543350,1
1790180543350,0
1790180543462,1
1790180543462,0
1790180544515,1
1790180544516,0
1790180544861,1
1790180544861,0
1790180546761,1
1790180546761,0
1790180548243,1
1790180548244,0
1790180548303,1
1790180548303,0
1790180548356,1
1790180548356,0
1790180548649,1
1790180548649,0
1790180548709,1
1790180548711,0
1790180548767,1
1790180548768,0
1790180550833,1
1790180550834,0
1790180551066,1
1790180551066,0
1790180551179,1
1790180551179,0
1790180551239,1
1790180551239,0
1790180551304,1
1790180551305,0
1790180551466,1
1790180551466,0
1790180551682,1
1790180551683,0
1790180552094,1
1790180552095,0
1790180552154,1
1790180552154,0
1790180552214,1
1790180552214,0
1790180553597,1
1790180553597,0
1790180553651,1
1790180553663,0
1790180554289,1
1790180554289,0
1790180555488,1
1790180555488,0
1790180556296,1
1790180556296,0
1790180556345,1
1790180556358,0
1790180556397,1
1790180556404,0
1790180556967,1
1790180556967,0
1790180557017,1
1790180557017,0
1790180557079,1
1790180557079,0
1790180557428,1
1790180557428,0
1790180557487,1
1790180557487,0
1790180557549,1
1790180557550,0
1790180557606,1
1790180557606,0
1790180557727,1
1790180557727,0
1790180557791,1
1790180557791,0
1790180557845,1
1790180557845,0
1790180557956,1
1790180557956,0
1790180558768,1
1790180558768,0
1790180559123,1
1790180559124,0
1790180559354,1
1790180559354,0
1790180559880,1
1790180559880,0
1790180560175,1
1790180560176,0
1790180560288,1
1790180560288,0
1790180560347,1
1790180560347,0
1790180560407,1
1790180560407,0
1790180560467,1
1790180560467,0
1790180561434,1
1790180561434,0
1790180561489,1
1790180561489,0
1790180561609,1
1790180561609,0
1790180561669,1
1790180561669,0
1790180561728,1
1790180561728,0
1790180562124,1
1790180562124,0
1790180562181,1
1790180562181,0
1790180562234,1
1790180562234,0
1790180562453,1
1790180562453,0
1790180562911,1
1790180562911,0
1790180562971,1
1790180562971,0
1790180563447,1
1790180563447,0
1790180564020,1
1790180564020,0
1790180564083,1
1790180564083,0
1790180564542,1
1790180564543,0
1790180564896,1
1790180564896,0
1790180564943,1
1790180564943,0
1790180565007,1
1790180565007,0
1790180565232,1
1790180565232,0
1790180565719,1
1790180565719,0
1790180565837,1
1790180565837,0
1790180565896,1
1790180565896,0
1790180566537,1
1790180566538,0
1790180566593,1
1790180566593,0
1790180566645,1
1790180566645,0
1790180567283,1
1790180567283,0
1790180567449,1
1790180567449,0
1790180567513,1
1790180567513,0
1790180567569,1
1790180567569,0
1790180568697,1
1790180568697,0
1790180568765,1
1790180568765,0
1790180568825,1
1790180568825,0
1790180570220,1
1790180570220,0
1790180570282,1
1790180570282,0
1790180570570,1
1790180570570,0
1790180570628,1
1790180570631,0
1790180570690,1
1790180570691,0
1790180571222,1
1790180571222,0
1790180571914,1
1790180571914,0
1790180571974,1
1790180571974,0
1790180572376,1
1790180572376,0
1790180572549,1
1790180572549,0
1790180572783,1
1790180572784,0
1790180572846,1
1790180572846,0
1790180572902,1
1790180572902,0
1790180573499,1
1790180573499,0
1790180573718,1
1790180573718,0
1790180573775,1
1790180573775,0
1790180573829,1
1790180573829,0
1790180574180,1
1790180574180,0
1790180574466,1
1790180574466,0
1790180574576,1
1790180574576,0
1790180575250,1
1790180575250,0
1790180576101,1
1790180576101,0
1790180576161,1
1790180576161,0
1790180576210,1
1790180576210,0
1790180577135,1
1790180577136,0
1790180577762,1
1790180577762,0
1790180577874,1
1790180577874,0
1790180577923,1
1790180577923,0
1790180577980,1
1790180577980,0
1790180578218,1
1790180578218,0
1790180578446,1
1790180578446,0
1790180580066,1
1790180580067,0
1790180580120,1
1790180580120,0
1790180580468,1
1790180580468,0
1790180580528,1
1790180580528,0
