1790180299085,1
1790180299093,0
1790180299213,1
1790180299321,2
1790180299337,3
1790180299346,2
1790180299385,3
1790180299431,4
1790180299460,3
1790180299475,4
1790180299512,5
1790180299528,4
1790180299534,5
1790180299568,6
1790180299591,7
1790180299603,6
1790180299604,5
1790180299654,4
1790180299732,3
1790180299732,2
1790180299732,1
1790180299732,0
1790180299736,1
1790180299812,0
1790180299928,1
1790180299929,0
1790180300185,1
1790180300185,0
1790180300205,1
1790180300231,0
1790180300437,1
1790180300437,0
1790180300916,1
1790180300916,0
1790180300947,1
1790180300961,0
1790180300969,1
1790180300969,0
1790180301758,1
1790180301758,0
1790180302669,1
1790180302669,0
1790180302695,1
1790180302717,2
1790180302718,1
1790180302718,0
1790180302750,1
1790180302750,0
1790180302911,1
1790180302911,0
1790180303006,1
1790180303006,0
1790180303181,1
1790180303181,0
1790180303211,1
1790180303226,0
1790180303237,1
1790180303237,0
1790180303265,1
1790180303265,0
1790180303540,1
1790180303541,0
1790180303711,1
1790180303711,0
1790180303746,1
1790180303754,0
1790180303774,1
1790180303774,0
1790180303798,1
1790180303798,0
1790180304687,1
1790180304687,0
1790180304711,1
1790180304730,0
1790180305561,1
1790180305561,0
1790180305620,1
1790180305621,0
1790180305652,1
1790180305665,0
1790180306450,1
1790180306450,0
1790180306709,1
1790180306709,0
1790180306824,1
1790180306824,0
1790180307010,1
1790180307010,0
1790180308257,1
1790180308257,0
1790180308284,1
1790180308309,2
1790180308320,1
1790180308321,0
1790180308881,1
1790180308881,0
1790180309047,1
1790180309047,0
1790180309071,1
1790180309092,0
1790180309099,1
1790180309099,0
1790180309128,1
1790180309128,0
1790180309307,1
1790180309307,0
1790180310499,1
1790180310500,0
1790180310523,1
1790180310523,0
1790180310753,1
1790180310753,0
1790180311553,1
1790180311553,0
1790180311883,1
1790180311883,0
1790180313073,1
1790180313073,0
1790180313100,1
1790180313123,2
1790180313127,1
1790180313127,0
1790180313306,1
1790180313306,0
1790180314094,1
1790180314094,0
1790180315898,1
1790180315898,0
1790180316313,1
1790180316314,0
1790180316687,1
1790180316687,0
1790180316712,1
1790180316742,0
1790180318222,1
1790180318222,0
1790180318848,1
1790180318848,0
1790180320404,1
1790180320404,0
1790180320779,1
1790180320779,0
1790180320809,1
1790180320830,0
1790180321460,1
1790180321460,0
1790180321918,1
1790180321919,0
1790180321935,1
1790180321971,0
1790180322408,1
1790180322409,0
1790180322444,1
1790180322453,0
1790180322473,1
1790180322497,0
1790180322527,1
1790180322551,0
1790180322564,1
1790180322594,2
1790180322595,1
1790180322595,0
1790180322638,1
1790180322639,0
1790180322671,1
1790180322687,0
1790180322778,1
1790180322778,0
1790180322807,1
1790180322822,0
1790180322829,1
1790180322859,2
1790180322866,1
1790180322866,0
1790180323129,1
1790180323129,0
1790180323241,1
1790180323241,0
1790180323555,1
1790180323555,0
1790180324032,1
1790180324032,0
1790180324061,1
1790180324077,0
1790180324342,1
1790180324342,0
1790180324530,1
1790180324530,0
1790180324621,1
1790180324621,0
1790180324869,1
1790180324870,0
1790180325281,1
1790180325281,0
1790180325310,1
1790180325326,0
1790180325380,1
1790180325381,0
1790180325864,1
1790180325865,0
1790180326329,1
1790180326329,0
1790180326362,1
1790180326378,0
1790180326381,1
1790180326381,0
1790180326409,1
1790180326424,0
1790180326614,1
1790180326614,0
1790180326641,1
1790180326661,0
1790180327097,1
1790180327097,0
1790180327270,1
1790180327270,0
1790180327294,1
1790180327314,0
1790180327324,1
1790180327361,0
1790180327675,1
1790180327675,0
1790180327897,1
1790180327897,0
1790180328502,1
1790180328503,0
1790180328532,1
1790180328553,0
1790180328594,1
1790180328599,0
1790180328622,1
1790180328643,0
1790180328651,1
1790180328652,0
1790180328679,1
1790180328698,0
1790180329051,1
1790180329051,0
1790180329076,1
1790180329096,0
1790180329399,1
1790180329399,0
1790180329530,1
1790180329530,0
1790180329550,1
1790180329575,0
1790180331317,1
1790180331317,0
1790180331721,1
1790180331721,0
1790180331755,1
1790180331768,0
1790180331779,1
1790180331812,2
1790180331818,1
1790180331818,0
1790180332244,0
1790180332246,0
1790180332734,0
1790180332735,0
1790180332810,1
1790180332810,0
1790180332850,1
1790180332859,0
1790180332872,1
1790180332901,2
1790180332905,1
1790180332905,0
1790180333081,1
1790180333081,0
1790180333112,1
1790180333126,0
1790180333140,1
1790180333140,0
1790180333531,1
1790180333531,0
1790180333560,1
1790180333586,0
1790180334522,1
1790180334522,0
1790180334869,1
1790180334869,0
1790180335073,1
1790180335073,0
1790180335131,1
1790180335132,0
1790180335160,1
1790180335179,0
1790180335218,1
1790180335225,0
1790180335241,1
1790180335272,0
1790180335277,1
1790180335277,0
1790180335373,1
1790180335373,0
1790180335706,1
1790180335706,0
1790180336097,1
1790180336097,0
1790180336234,1
1790180336234,0
1790180336265,1
1790180336278,0
1790180336303,1
1790180336322,0
1790180336329,1
1790180336369,0
1790180336646,1
1790180336646,0
1790180336670,1
1790180336694,0
1790180336733,1
1790180336738,0
1790180336761,1
1790180336785,0
1790180336886,1
1790180336886,0
1790180337159,1
1790180337159,0
1790180337303,1
1790180337303,0
1790180337439,1
1790180337439,0
1790180337469,1
1790180337485,0
1790180337857,1
1790180337858,0
1790180337886,1
1790180337902,0
1790180337916,1
1790180337916,0
1790180338288,1
1790180338288,0
1790180338396,1
1790180338396,0
1790180338433,1
1790180338442,0
1790180338450,1
1790180338486,0
1790180338561,1
1790180338561,0
1790180338926,1
1790180338926,0
1790180338958,1
1790180338972,0
1790180338987,1
1790180339016,0
1790180339101,1
1790180339102,0
1790180339157,1
1790180339157,0
1790180339309,1
1790180339309,0
1790180339325,1
1790180339353,2
1790180339354,1
1790180339383,2
1790180339398,1
1790180339449,0
1790180339529,1
1790180339529,0
1790180340506,1
1790180340506,0
1790180341750,1
1790180341750,0
1790180341950,1
1790180341950,0
1790180342271,1
1790180342271,0
1790180342353,1
1790180342353,0
1790180342389,1
1790180342399,0
1790180342410,1
1790180342438,2
1790180342444,1
1790180342444,0
1790180342484,1
1790180342484,0
1790180342857,1
1790180342858,0
1790180342901,1
1790180342905,0
1790180342920,1
1790180342920,0
1790180342957,1
1790180342957,0
1790180343017,1
1790180343018,0
1790180343116,1
1790180343116,0
1790180343349,1
1790180343349,0
1790180343582,1
1790180343582,0
1790180343613,1
1790180343627,0
1790180343873,1
1790180343873,0
1790180344304,1
1790180344304,0
1790180344387,1
1790180344387,0
1790180344416,1
1790180344429,0
1790180344975,1
1790180344975,0
1790180345003,1
1790180345020,0
1790180345037,1
1790180345061,0
1790180345068,1
1790180345089,2
1790180345113,1
1790180345113,0
1790180345119,1
1790180345119,0
1790180345510,1
1790180345510,0
1790180345686,1
1790180345686,0
1790180345830,1
1790180345830,0
1790180345854,1
1790180345882,0
1790180345887,1
1790180345887,0
1790180346084,1
1790180346084,0
1790180346113,1
1790180346125,0
1790180346135,1
1790180346135,0
1790180346158,1
1790180346184,0
1790180346599,1
1790180346599,0
1790180346800,1
1790180346800,0
1790180346874,1
1790180346874,0
1790180346987,1
1790180346987,0
1790180347335,1
1790180347335,0
1790180347365,1
1790180347391,0
1790180347539,1
1790180347539,0
1790180347568,1
1790180347594,0
1790180347964,1
1790180347964,0
1790180347979,1
1790180348006,0
1790180348009,1
1790180348009,0
1790180348312,1
1790180348312,0
1790180348375,1
1790180348375,0
1790180348459,1
1790180348459,0
1790180348580,1
1790180348580,0
1790180349478,1
1790180349478,0
1790180349559,1
1790180349559,0
1790180350095,1
1790180350095,0
1790180350237,1
1790180350237,0
1790180350272,1
1790180350294,0
1790180350560,1
1790180350560,0
1790180351373,1
1790180351373,0
1790180351429,1
1790180351429,0
1790180351452,1
1790180351481,2
1790180351483,1
1790180351511,2
1790180351523,1
1790180351523,0
1790180351700,1
1790180351700,0
1790180351730,1
1790180351744,0
1790180351761,1
1790180351800,0
1790180351937,1
1790180351937,0
1790180351963,1
1790180351979,0
1790180351988,1
1790180351988,0
1790180352024,1
1790180352042,0
1790180352625,1
1790180352625,0
1790180352833,1
1790180352834,0
1790180354017,1
1790180354017,0
1790180354247,1
1790180354247,0
1790180354274,1
1790180354292,0
1790180354309,1
1790180354334,0
1790180354528,1
1790180354529,0
1790180355307,1
1790180355307,0
1790180355329,1
1790180355358,0
1790180355368,1
1790180355381,2
1790180355399,1
1790180355454,0
1790180355557,1
1790180355557,0
1790180355588,1
1790180355607,0
1790180355821,0
1790180355821,0
1790180355958,1
1790180355958,0
1790180355988,1
1790180355998,0
1790180356008,1
1790180356008,0
1790180356215,1
1790180356215,0
1790180356238,1
1790180356260,0
1790180356264,1
1790180356264,0
1790180356295,1
1790180356315,0
1790180356496,1
1790180356496,0
1790180356525,1
1790180356540,0
1790180356554,1
1790180356577,2
1790180356596,1
1790180356596,0
1790180356695,1
1790180356696,0
1790180356728,1
1790180356737,0
1790180356942,1
1790180356942,0
1790180356974,1
1790180356996,0
1790180357472,1
1790180357472,0
1790180357511,1
1790180357527,0
1790180357677,1
1790180357677,0
1790180357708,1
1790180357719,0
1790180357815,1
1790180357815,0
1790180357850,1
1790180357869,0
1790180357869,1
1790180357890,2
1790180357910,1
1790180357910,0
1790180357920,1
1790180357920,0
1790180358062,1
1790180358062,0
1790180358484,1
1790180358484,0
1790180358575,1
1790180358575,0
1790180358844,1
1790180358844,0
1790180358874,1
1790180358894,0
1790180358903,1
1790180358903,0
1790180358931,1
1790180358944,0
1790180359093,1
1790180359093,0
1790180359233,1
1790180359233,0
1790180359266,1
1790180359273,0
1790180359837,1
1790180359837,0
1790180360033,1
1790180360034,0
1790180360066,1
1790180360077,0
1790180360093,1
1790180360121,2
1790180360130,1
1790180360149,2
1790180360185,1
1790180360214,2
1790180360240,1
1790180360240,0
1790180360241,1
1790180360271,2
1790180360295,3
1790180360295,2
1790180360341,1
1790180360341,0
1790180360575,1
1790180360575,0
1790180361113,1
1790180361113,0
1790180361138,1
1790180361168,0
1790180361436,1
1790180361436,0
1790180361519,1
1790180361519,0
1790180361547,1
1790180361565,0
1790180361577,1
1790180361594,2
1790180361619,1
1790180361620,0
1790180361678,1
1790180361678,0
1790180361708,1
1790180361734,0
1790180361738,1
1790180361784,0
1790180361861,1
1790180361861,0
1790180362191,1
1790180362191,0
1790180362687,1
1790180362687,0
1790180363243,1
1790180363244,0
1790180363352,1
1790180363353,0
1790180363382,1
1790180363402,2
1790180363407,1
1790180363407,0
1790180363455,1
1790180363455,0
1790180363485,1
1790180363500,0
1790180363544,1
1790180363544,0
1790180363573,1
1790180363587,0
1790180363718,1
1790180363718,0
1790180363850,1
1790180363850,0
1790180364295,1
1790180364295,0
1790180364325,1
1790180364339,0
1790180364356,1
1790180364385,0
1790180364416,1
1790180364440,0
1790180364445,1
1790180364477,2
1790180364481,1
1790180364481,0
1790180364505,1
1790180364532,0
1790180364636,1
1790180364636,0
1790180364787,1
1790180364787,0
1790180365122,1
1790180365122,0
1790180365544,1
1790180365544,0
1790180365568,1
1790180365602,0
1790180365843,1
1790180365843,0
1790180366117,1
1790180366118,0
1790180366492,1
1790180366492,0
1790180366513,1
1790180366532,0
1790180366543,1
1790180366543,0
1790180366970,1
1790180366970,0
1790180367000,1
1790180367011,0
1790180367030,1
1790180367053,2
1790180367054,1
1790180367055,0
1790180367091,1
1790180367091,0
1790180367171,1
1790180367171,0
1790180367427,1
1790180367427,0
1790180368007,1
1790180368007,0
1790180368027,1
1790180368047,0
1790180368265,1
1790180368265,0
1790180368484,1
1790180368484,0
1790180368544,1
1790180368544,0
1790180368576,1
1790180368586,0
1790180368713,1
1790180368713,0
1790180369015,1
1790180369015,0
1790180370089,1
1790180370089,0
1790180370162,1
1790180370162,0
1790180370302,1
1790180370303,0
1790180370318,1
1790180370348,0
1790180370637,1
1790180370637,0
1790180370667,1
1790180370682,0
1790180370694,1
1790180370694,0
1790180370726,1
1790180370736,0
1790180370753,1
1790180370777,0
1790180370786,1
1790180370786,0
1790180370840,1
1790180370840,0
1790180370874,1
1790180370885,0
1790180370930,1
1790180370930,0
1790180371150,1
1790180371150,0
1790180371502,1
1790180371502,0
1790180371532,1
1790180371551,2
1790180371553,1
1790180371553,0
1790180371590,1
1790180371590,0
1790180371624,1
1790180371624,0
1790180371646,1
1790180371672,0
1790180371789,1
1790180371789,0
1790180371815,1
1790180371842,0
1790180371844,1
1790180371844,0
1790180371987,1
1790180371987,0
1790180372151,1
1790180372151,0
1790180372213,1
1790180372213,0
1790180372243,1
1790180372258,2
1790180372260,1
1790180372301,0
1790180372398,1
1790180372398,0
1790180372550,1
1790180372551,0
1790180372579,1
1790180372592,2
1790180372594,1
1790180372627,2
1790180372637,1
1790180372637,0
1790180372642,1
1790180372642,0
1790180372759,1
1790180372759,0
1790180372793,1
1790180372799,0
1790180372817,1
1790180372817,0
1790180373015,1
1790180373015,0
1790180373222,1
1790180373222,0
1790180373274,1
1790180373274,0
1790180373301,1
1790180373317,0
1790180373330,1
1790180373363,0
1790180374675,1
1790180374675,0
1790180374825,1
1790180374825,0
1790180374877,1
1790180374877,0
1790180374958,1
1790180374958,0
1790180375107,1
1790180375107,0
1790180375126,1
1790180375148,0
1790180375187,1
1790180375187,0
1790180375510,1
1790180375511,0
1790180375533,1
1790180375555,0
1790180375559,1
1790180375594,2
1790180375596,1
1790180375596,0
1790180375730,1
1790180375730,0
1790180375767,1
1790180375771,0
1790180375902,1
1790180375903,0
1790180376070,1
1790180376070,0
1790180376104,1
1790180376111,0
1790180376130,1
1790180376130,0
1790180376303,1
1790180376303,0
1790180376583,1
1790180376583,0
1790180376719,1
1790180376719,0
1790180376750,1
1790180376762,0
1790180377237,1
1790180377237,0
1790180377260,1
1790180377284,0
1790180377748,1
1790180377748,0
1790180377779,1
1790180377795,0
1790180377808,1
1790180377836,0
1790180377838,1
1790180377838,0
1790180378095,1
1790180378095,0
1790180378400,1
1790180378400,0
1790180378966,1
1790180378966,0
1790180379465,1
1790180379465,0
1790180379695,1
1790180379695,0
1790180379905,1
1790180379905,0
1790180380438,1
1790180380438,0
1790180380462,1
1790180380486,0
1790180380487,1
1790180380527,0
1790180380844,1
1790180380844,0
1790180380981,1
1790180380981,0
1790180381010,1
1790180381028,0
1790180381281,1
1790180381281,0
1790180381556,1
1790180381556,0
1790180382119,1
1790180382119,0
1790180382462,1
1790180382462,0
1790180382490,1
1790180382503,0
1790180382520,1
1790180382520,0
1790180382689,1
1790180382689,0
1790180382911,1
1790180382911,0
1790180382941,1
1790180382957,0
1790180382959,1
1790180382959,0
1790180383223,1
1790180383223,0
1790180383254,1
1790180383264,0
1790180383283,1
1790180383283,0
1790180383313,1
1790180383313,0
1790180383364,1
1790180383364,0
1790180383516,1
1790180383517,0
1790180383547,1
1790180383558,0
1790180383565,1
1790180383565,0
1790180384258,1
1790180384258,0
1790180384301,1
1790180384301,0
1790180384330,1
1790180384341,0
1790180384370,1
1790180384370,0
1790180384387,1
1790180384387,0
1790180384547,1
1790180384547,0
1790180384657,1
1790180384657,0
1790180384681,1
1790180384698,0
1790180384711,1
1790180384740,0
1790180384741,1
1790180384742,0
1790180384960,1
1790180384961,0
1790180385023,1
1790180385023,0
1790180385044,1
1790180385063,0
1790180385175,1
1790180385175,0
1790180385298,1
1790180385298,0
1790180385517,1
1790180385518,0
1790180385547,1
1790180385559,0
1790180385577,1
1790180385603,0
1790180385848,1
1790180385849,0
1790180386081,1
1790180386081,0
1790180386338,1
1790180386339,0
1790180386538,1
1790180386539,0
1790180386563,1
1790180386593,0
1790180386710,1
1790180386710,0
1790180386739,1
1790180386751,0
1790180386761,1
1790180386761,0
1790180387074,1
1790180387074,0
