1790180591373,1
1790180591378,0
1790180591383,1
1790180591608,2
1790180591628,1
1790180591629,0
1790180591905,1
1790180591905,0
1790180591921,1
1790180591973,0
1790180591991,1
1790180591991,0
1790180592021,1
1790180592047,2
1790180592059,1
1790180592060,0
1790180592235,1
1790180592235,0
1790180592266,1
1790180592285,0
1790180592293,1
1790180592293,0
1790180592311,1
1790180592312,0
1790180592340,1
1790180592341,0
1790180592927,1
1790180592928,0
1790180593769,1
1790180593769,0
1790180593798,1
1790180593817,0
1790180593826,1
1790180593826,0
1790180593855,1
1790180593855,0
1790180593918,1
1790180593918,0
1790180594026,1
1790180594026,0
1790180594048,1
1790180594073,0
1790180594075,1
1790180594075,0
1790180594645,1
1790180594646,0
1790180594728,1
1790180594728,0
1790180595296,1
1790180595296,0
1790180595620,1
1790180595620,0
1790180595760,1
1790180595760,0
1790180595798,1
1790180595806,0
1790180596544,1
1790180596544,0
1790180596699,1
1790180596699,0
1790180596717,1
1790180596736,2
1790180596742,1
1790180596743,0
1790180597032,1
1790180597034,0
1790180597835,1
1790180597836,0
1790180597860,1
1790180597888,0
1790180598468,1
1790180598469,0
1790180598657,1
1790180598657,0
1790180599467,1
1790180599467,0
1790180599749,1
1790180599750,0
1790180599785,1
1790180599800,0
1790180600071,1
1790180600072,0
1790180600090,1
1790180600127,2
1790180600139,1
1790180600151,2
1790180600184,3
1790180600188,2
1790180600188,1
1790180600188,0
1790180600205,1
1790180600205,0
1790180601079,1
1790180601079,0
1790180601459,1
1790180601460,0
1790180601482,1
1790180601514,2
1790180601517,1
1790180601517,0
1790180601973,1
1790180601974,0
1790180603017,1
1790180603017,0
1790180604320,1
1790180604321,0
1790180604509,1
1790180604509,0
1790180605363,1
1790180605363,0
1790180606097,1
1790180606097,0
1790180606233,1
1790180606233,0
1790180606254,1
1790180606279,0
1790180606284,1
1790180606285,0
1790180606390,1
1790180606390,0
1790180606581,1
1790180606582,0
1790180606935,1
1790180606935,0
1790180606971,1
1790180606971,0
1790180607251,1
1790180607252,0
1790180608319,1
1790180608320,0
1790180608342,1
1790180608342,0
1790180608373,1
1790180608373,0
1790180608433,1
1790180608434,0
1790180608460,1
1790180608460,0
1790180608824,1
1790180608824,0
1790180609025,1
1790180609025,0
1790180609079,1
1790180609079,0
1790180609269,1
1790180609269,0
1790180609297,1
1790180609326,0
1790180609330,1
1790180609330,0
1790180609648,1
1790180609648,0
1790180609667,1
1790180609667,0
1790180609698,1
1790180609698,0
1790180609715,1
1790180609715,0
1790180610125,1
1790180610126,0
1790180610990,1
1790180610990,0
1790180611019,1
1790180611019,0
1790180611056,1
1790180611056,0
1790180611452,1
1790180611453,0
1790180611475,1
1790180611475,0
1790180611495,1
1790180611495,0
1790180611651,1
1790180611651,0
1790180611681,1
1790180611723,0
1790180613126,1
1790180613127,0
1790180613159,1
1790180613159,0
1790180613179,1
1790180613179,0
1790180613239,1
1790180613239,0
1790180613269,1
1790180613269,0
1790180613399,1
1790180613399,0
1790180613409,1
1790180613434,2
1790180613460,1
1790180613468,2
1790180613501,3
1790180613506,2
1790180613507,1
1790180613507,0
1790180613534,1
1790180613553,0
1790180613794,1
1790180613794,0
1790180613825,1
1790180613837,0
1790180613845,1
1790180613867,2
1790180613882,1
1790180613924,0
1790180614190,1
1790180614190,0
1790180614312,1
1790180614312,0
1790180614336,1
1790180614355,0
1790180614925,1
1790180614925,0
1790180615093,1
1790180615093,0
1790180615154,1
1790180615154,0
1790180615187,1
1790180615197,0
1790180615204,1
1790180615223,2
1790180615242,1
1790180615285,0
1790180615361,1
1790180615361,0
1790180615383,1
1790180615402,0
1790180615603,1
1790180615603,0
1790180615639,1
1790180615648,0
1790180615691,1
1790180615691,0
1790180615722,1
1790180615735,0
1790180615867,1
1790180615867,0
1790180615982,1
1790180615982,0
1790180616035,1
1790180616035,0
1790180616064,1
1790180616081,0
1790180616083,1
1790180616083,0
1790180616114,1
1790180616114,0
1790180616294,1
1790180616294,0
1790180616573,1
1790180616573,0
1790180616604,1
1790180616619,0
1790180616624,1
1790180616651,2
1790180616662,1
1790180616664,0
1790180616711,1
1790180616711,0
1790180616771,0
1790180616771,0
1790180616801,1
1790180616817,0
1790180617246,1
1790180617246,0
1790180617718,1
1790180617718,0
1790180617778,1
1790180617778,0
1790180618007,1
1790180618007,0
1790180618035,1
1790180618052,0
1790180618057,1
1790180618096,0
1790180618247,1
1790180618247,0
1790180618338,1
1790180618338,0
1790180618371,1
1790180618382,0
1790180618654,1
1790180618654,0
1790180618692,1
1790180618700,0
1790180618718,1
1790180618740,2
1790180618742,1
1790180618742,0
1790180618784,1
1790180618784,0
1790180618884,1
1790180618884,0
1790180618915,1
1790180618930,0
1790180618935,1
1790180618973,0
1790180619043,1
1790180619043,0
1790180619461,1
1790180619462,0
1790180619576,1
1790180619576,0
1790180619662,1
1790180619662,0
1790180620128,1
1790180620128,0
1790180620155,1
1790180620172,0
1790180620199,1
1790180620219,0
1790180620734,1
1790180620734,0
1790180621041,1
1790180621041,0
1790180621074,1
1790180621088,0
1790180621096,1
1790180621096,0
1790180621113,1
1790180621139,0
1790180621454,1
1790180621454,0
1790180621481,1
1790180621498,0
1790180621510,1
1790180621542,0
1790180621788,1
1790180621788,0
1790180621965,1
1790180621965,0
1790180622192,1
1790180622192,0
1790180622226,1
1790180622237,0
1790180622251,1
1790180622279,0
1790180622481,1
1790180622481,0
1790180622631,1
1790180622631,0
1790180622737,1
1790180622737,0
1790180622854,1
1790180622854,0
1790180623067,1
1790180623067,0
1790180623257,1
1790180623257,0
1790180623285,1
1790180623303,2
1790180623303,1
1790180623345,0
1790180624078,1
1790180624079,0
1790180624108,1
1790180624122,0
1790180624137,1
1790180624164,0
1790180624367,1
1790180624367,0
1790180624659,1
1790180624659,0
1790180624683,1
1790180624703,0
1790180624843,1
1790180624843,0
1790180624871,1
1790180624886,0
1790180625100,1
1790180625100,0
1790180625373,1
1790180625373,0
1790180625393,1
1790180625412,2
1790180625414,1
1790180625414,0
1790180625443,1
1790180625454,2
1790180625480,1
1790180625562,0
1790180625606,1
1790180625606,0
1790180625738,1
1790180625739,0
1790180625766,1
1790180625783,0
1790180625791,1
1790180625825,0
1790180625910,1
1790180625910,0
1790180625967,1
1790180625967,0
1790180625997,1
1790180626013,0
1790180626019,1
1790180626044,2
1790180626054,1
1790180626054,0
1790180626068,1
1790180626095,0
1790180626097,1
1790180626097,0
1790180626156,1
1790180626156,0
1790180626182,1
1790180626199,0
1790180626220,1
1790180626244,0
1790180626446,1
1790180626446,0
1790180627039,1
1790180627040,0
1790180627068,1
1790180627083,0
1790180627096,1
1790180627096,0
1790180627120,1
1790180627138,0
1790180627299,1
1790180627299,0
1790180627438,1
1790180627438,0
1790180627466,1
1790180627482,0
1790180627583,1
1790180627583,0
1790180627610,1
1790180627626,0
1790180627644,1
1790180627668,2
1790180627670,1
1790180627670,0
1790180627786,1
1790180627786,0
1790180627815,1
1790180627832,0
1790180627938,1
1790180627938,0
1790180627975,1
1790180627980,0
1790180628005,1
1790180628024,0
1790180628048,1
1790180628048,0
1790180628082,1
1790180628090,0
1790180628113,1
1790180628132,0
1790180628139,1
1790180628160,2
1790180628178,1
1790180628190,2
1790180628221,1
1790180628221,0
1790180628300,1
1790180628300,0
1790180628331,1
1790180628344,0
1790180628896,1
1790180628896,0
1790180629542,1
1790180629542,0
1790180629937,1
1790180629938,0
1790180630049,1
1790180630049,0
1790180630327,1
1790180630327,0
1790180630731,1
1790180630731,0
1790180630909,1
1790180630909,0
1790180630933,1
1790180630951,0
1790180631137,1
1790180631137,0
1790180631784,1
1790180631784,0
1790180631820,1
1790180631828,0
1790180632046,1
1790180632046,0
1790180632071,1
1790180632093,0
1790180632249,1
1790180632249,0
1790180632278,1
1790180632291,0
1790180632295,1
1790180632333,0
1790180632769,1
1790180632769,0
1790180632802,1
1790180632811,0
1790180633051,1
1790180633051,0
1790180633185,1
1790180633186,0
1790180633207,1
1790180633229,0
1790180633245,1
1790180633245,0
1790180633349,1
1790180633349,0
1790180633402,1
1790180633402,0
1790180633679,1
1790180633679,0
1790180633899,1
1790180633899,0
1790180633934,1
1790180633943,0
1790180634299,1
1790180634299,0
1790180634591,1
1790180634591,0
1790180634763,1
1790180634763,0
1790180634797,1
1790180634804,0
1790180634827,1
1790180634848,0
1790180635130,1
1790180635130,0
1790180635193,1
1790180635193,0
1790180635500,1
1790180635501,0
1790180635550,1
1790180635571,2
1790180635575,1
1790180635602,2
1790180635624,3
1790180635625,2
1790180635648,3
1790180635679,2
1790180635680,1
1790180635680,0
1790180635707,1
1790180635734,0
1790180635817,1
1790180635817,0
1790180635846,1
1790180635871,0
1790180635876,1
1790180635876,0
1790180636321,1
1790180636321,0
1790180636580,1
1790180636581,0
1790180636868,1
1790180636869,0
1790180637086,1
1790180637086,0
1790180637308,1
1790180637308,0
1790180637419,1
1790180637419,0
1790180637447,1
1790180637472,0
1790180637472,1
1790180637493,2
1790180637512,1
1790180637512,0
1790180637619,1
1790180637619,0
1790180637846,1
1790180637846,0
1790180637883,1
1790180637899,0
1790180637912,1
1790180637937,2
1790180637940,1
1790180637993,0
1790180638084,1
1790180638084,0
1790180638112,1
1790180638125,0
1790180638378,1
1790180638378,0
1790180638604,1
1790180638604,0
1790180638638,1
1790180638645,0
1790180638700,1
1790180638700,0
1790180638759,1
1790180638759,0
1790180638782,1
1790180638799,0
1790180638811,1
1790180638850,2
1790180638853,1
1790180638853,0
1790180638959,1
1790180638959,0
1790180638991,1
1790180639014,0
1790180639266,1
1790180639266,0
1790180639779,1
1790180639779,0
1790180639950,1
1790180639950,0
1790180640018,1
1790180640018,0
1790180640044,1
1790180640059,0
1790180640177,1
1790180640177,0
1790180640262,1
1790180640263,0
1790180640622,1
1790180640622,0
1790180640647,1
1790180640665,0
1790180640682,1
1790180640682,0
1790180640796,1
1790180640796,0
1790180640829,1
1790180640842,0
1790180640851,1
1790180640894,0
1790180640995,1
1790180640995,0
1790180641383,1
1790180641384,0
1790180641537,1
1790180641537,0
1790180641759,1
1790180641759,0
1790180641831,1
1790180641831,0
1790180641918,1
1790180641918,0
1790180641943,1
1790180641960,0
1790180641969,1
1790180641969,0
1790180641990,1
1790180641990,0
1790180642050,1
1790180642050,0
1790180642289,1
1790180642289,0
1790180642459,1
1790180642459,0
1790180642482,1
1790180642501,0
1790180642507,1
1790180642535,2
1790180642553,1
1790180642553,0
1790180642738,1
1790180642738,0
1790180642775,1
1790180642792,0
1790180642798,1
1790180642798,0
1790180642829,1
1790180642829,0
1790180643001,1
1790180643001,0
1790180643031,1
1790180643055,0
1790180643062,1
1790180643062,0
1790180643092,1
1790180643092,0
1790180643279,1
1790180643279,0
1790180643296,1
1790180643331,0
1790180643332,1
1790180643332,0
1790180643981,1
1790180643981,0
1790180644171,1
1790180644171,0
1790180644316,1
1790180644316,0
1790180644348,1
1790180644362,0
1790180644375,1
1790180644390,2
1790180644402,1
1790180644402,0
1790180644982,1
1790180644982,0
1790180645006,1
1790180645033,2
1790180645034,1
1790180645079,0
1790180645388,1
1790180645388,0
1790180645404,1
1790180645420,2
1790180645441,1
1790180645441,0
1790180645481,1
1790180645481,0
1790180645510,1
1790180645521,0
1790180645571,1
1790180645571,0
1790180645597,1
1790180645623,0
1790180645730,1
1790180645730,0
1790180645816,1
1790180645816,0
1790180645836,1
1790180645861,0
1790180645977,1
1790180645977,0
1790180646068,1
1790180646068,0
1790180646122,1
1790180646122,0
1790180646406,1
1790180646406,0
1790180646520,1
1790180646520,0
1790180646551,1
1790180646574,0
1790180646581,1
1790180646627,0
1790180647024,1
1790180647024,0
1790180647679,1
1790180647679,0
1790180647853,1
1790180647853,0
1790180647914,0
1790180647914,0
1790180648439,1
1790180648440,0
1790180648471,1
1790180648496,0
1790180648498,1
1790180648537,0
1790180648976,1
1790180648976,0
1790180649094,1
1790180649094,0
1790180649118,1
1790180649148,0
1790180649155,1
1790180649155,0
1790180649487,1
1790180649487,0
1790180649607,1
1790180649607,0
1790180650561,1
1790180650561,0
1790180650622,1
1790180650622,0
1790180650652,1
1790180650663,0
1790180650803,1
1790180650803,0
1790180651414,1
1790180651414,0
1790180651501,1
1790180651501,0
1790180651533,1
1790180651543,0
1790180651554,1
1790180651592,2
1790180651595,1
1790180651596,0
1790180651622,1
1790180651622,0
1790180651787,1
1790180651787,0
1790180651800,1
1790180651829,0
1790180651832,1
1790180651880,0
1790180652287,1
1790180652287,0
1790180652764,1
1790180652764,0
1790180652795,1
1790180652808,0
1790180652823,1
1790180652823,0
1790180652855,1
1790180652876,0
1790180652878,1
1790180652912,2
1790180652929,1
1790180652929,0
1790180653101,1
1790180653101,0
1790180653128,1
1790180653148,0
1790180653157,1
1790180653191,2
1790180653201,1
1790180653201,0
1790180653562,1
1790180653563,0
1790180653736,1
1790180653736,0
1790180654242,1
1790180654243,0
1790180654311,1
1790180654311,0
1790180654336,1
1790180654364,0
1790180654389,1
1790180654389,0
1790180654418,1
1790180654431,0
1790180654444,1
1790180654487,0
1790180654763,1
1790180654764,0
1790180654817,1
1790180654817,0
1790180654850,1
1790180654871,0
1790180654881,1
1790180654904,2
1790180654918,1
1790180654972,0
1790180655301,1
1790180655301,0
1790180655327,1
1790180655356,0
1790180655870,1
1790180655871,0
1790180655927,1
1790180655927,0
1790180655952,1
1790180655967,0
1790180656488,1
1790180656488,0
1790180656623,1
1790180656623,0
1790180656652,1
1790180656665,0
1790180656968,1
1790180656968,0
1790180657002,1
1790180657019,0
1790180657134,1
1790180657134,0
1790180657164,1
1790180657188,0
1790180657194,1
1790180657228,0
1790180657281,1
1790180657281,0
1790180657312,1
1790180657333,2
1790180657334,1
1790180657373,2
1790180657390,1
1790180657402,2
1790180657433,1
1790180657433,0
1790180657441,1
1790180657441,0
1790180657469,1
1790180657497,0
1790180657505,1
1790180657528,2
1790180657547,1
1790180657560,2
1790180657591,1
1790180657594,0
1790180657791,1
1790180657791,0
1790180657825,1
1790180657831,0
1790180657967,1
1790180657967,0
1790180657995,1
1790180658016,0
1790180658306,1
1790180658306,0
1790180658568,1
1790180658568,0
1790180658590,1
1790180658609,0
1790180658824,1
1790180658825,0
1790180658885,1
1790180658885,0
1790180658915,1
1790180658930,0
1790180658941,1
1790180658969,2
1790180658970,1
1790180658970,0
1790180658987,1
1790180658987,0
1790180659015,1
1790180659015,0
1790180659045,1
1790180659060,0
1790180659708,1
1790180659708,0
1790180659730,1
1790180659752,0
1790180659758,1
1790180659758,0
1790180660097,1
1790180660097,0
1790180660882,1
1790180660882,0
1790180660914,1
1790180660924,0
1790180660938,1
1790180660938,0
1790180661211,1
1790180661211,0
1790180661231,1
1790180661250,0
1790180661291,1
1790180661291,0
1790180661313,1
1790180661331,0
1790180661351,1
1790180661351,0
1790180661397,1
1790180661397,0
1790180661427,1
1790180661437,0
1790180661645,1
1790180661645,0
1790180661906,1
1790180661906,0
1790180662053,1
1790180662053,0
1790180662515,1
1790180662515,0
1790180662567,1
1790180662567,0
1790180662711,1
1790180662711,0
1790180662725,1
1790180662755,2
1790180662760,1
1790180662800,0
1790180663382,1
1790180663383,0
1790180663410,1
1790180663426,0
1790180663444,1
1790180663467,2
1790180663470,1
1790180663470,0
1790180663491,1
1790180663491,0
1790180664104,1
1790180664104,0
1790180664317,1
1790180664317,0
1790180664424,1
1790180664424,0
1790180664564,1
1790180664564,0
1790180664592,1
1790180664605,0
1790180664833,1
1790180664833,0
1790180664893,1
1790180664893,0
1790180665209,1
1790180665209,0
1790180665504,1
1790180665504,0
1790180665522,1
1790180665543,0
1790180665551,1
1790180665551,0
1790180665575,1
1790180665575,0
1790180665890,1
1790180665890,0
1790180666007,1
1790180666008,0
1790180666035,1
1790180666048,0
1790180666070,1
1790180666070,0
1790180666184,1
1790180666184,0
1790180666271,1
1790180666271,0
1790180666295,1
1790180666310,0
1790180666324,1
1790180666324,0
1790180666353,1
1790180666353,0
1790180666648,1
1790180666648,0
1790180666764,1
1790180666764,0
1790180667003,1
1790180667004,0
1790180667028,1
1790180667045,0
1790180667164,1
1790180667164,0
1790180667846,1
1790180667846,0
1790180667876,1
1790180667889,0
1790180667904,1
1790180667904,0
1790180667923,1
1790180667924,0
1790180667983,1
1790180667984,0
1790180668095,1
1790180668095,0
1790180668507,1
1790180668507,0
1790180668745,1
1790180668745,0
1790180669018,1
1790180669018,0
1790180669277,1
1790180669277,0
1790180669444,1
1790180669445,0
1790180669467,1
1790180669486,0
1790180669500,1
1790180669500,0
1790180669516,1
1790180669516,0
1790180669577,1
1790180669577,0
1790180669708,1
1790180669708,0
1790180669741,1
1790180669753,0
1790180669764,1
1790180669764,0
1790180669962,1
1790180669962,0
1790180669994,1
1790180670004,0
1790180670021,1
1790180670021,0
1790180670046,1
1790180670046,0
1790180670077,1
1790180670077,0
1790180670093,1
1790180670125,0
1790180670314,1
1790180670314,0
1790180670402,1
1790180670402,0
1790180670694,1
1790180670694,0
1790180670722,1
1790180670733,0
1790180670780,1
1790180670780,0
1790180670814,1
1790180670825,0
1790180670830,1
1790180670830,0
1790180670951,1
1790180670951,0
1790180670972,1
1790180670992,0
1790180671313,1
1790180671313,0
1790180671343,1
1790180671354,0
1790180671373,1
1790180671373,0
1790180671570,1
1790180671570,0
1790180671600,1
1790180671613,0
1790180671621,1
1790180671621,0
1790180671652,1
1790180671652,0
1790180671826,1
1790180671827,0
1790180672092,1
1790180672093,0
1790180672117,1
1790180672133,0
1790180672149,1
1790180672172,2
1790180672177,1
1790180672177,0
1790180672202,1
1790180672202,0
1790180672279,1
1790180672279,0
1790180672369,1
1790180672369,0
1790180672392,1
1790180672410,0
1790180672421,1
1790180672451,0
1790180672460,1
1790180672460,0
1790180672622,1
1790180672622,0
1790180672802,1
1790180672802,0
1790180673196,1
1790180673196,0
1790180673222,1
1790180673237,0
1790180673257,1
1790180673257,0
1790180673283,1
1790180673283,0
1790180673460,1
1790180673460,0
1790180673481,1
1790180673504,2
1790180673505,1
1790180673505,0
1790180673533,1
1790180673533,0
1790180673558,1
1790180673575,2
1790180673576,1
1790180673617,0
1790180673640,1
1790180673640,0
1790180673809,1
1790180673809,0
1790180673832,1
1790180673859,0
1790180673952,1
1790180673953,0
1790180673983,1
1790180673994,0
1790180674016,1
1790180674016,0
1790180674046,1
1790180674046,0
1790180674137,1
1790180674137,0
1790180674361,1
1790180674361,0
1790180674712,1
1790180674712,0
1790180674883,1
1790180674883,0
1790180675119,1
1790180675119,0
1790180675148,1
1790180675162,0
1790180675173,1
1790180675201,0
1790180675395,1
1790180675395,0
1790180675480,1
1790180675480,0
1790180675513,1
1790180675520,0
1790180675717,1
1790180675717,0
1790180675745,1
1790180675756,0
1790180675786,1
1790180675798,0
1790180675803,1
1790180675836,2
1790180675838,1
1790180675866,2
1790180675877,1
1790180675877,0
1790180675888,1
1790180675888,0
1790180675917,1
1790180675917,0
1790180676008,1
1790180676008,0
1790180676033,1
1790180676051,0
1790180676631,1
1790180676631,0
1790180676656,1
1790180676672,0
1790180676687,1
1790180676687,0
1790180676833,1
1790180676833,0
1790180677148,1
1790180677148,0
1790180677444,1
1790180677444,0
1790180677465,1
1790180677487,0
1790180677496,1
1790180677496,0
1790180677524,1
1790180677524,0
1790180677724,1
1790180677724,0
1790180677753,1
1790180677764,0
1790180677784,1
1790180677784,0
1790180677937,1
1790180677937,0
1790180677957,1
1790180677982,0
1790180677987,1
1790180678019,2
1790180678023,1
1790180678023,0
1790180678049,1
1790180678049,0
1790180678341,1
1790180678341,0
1790180678366,1
1790180678382,0
1790180678749,1
1790180678749,0
1790180678967,1
1790180678967,0
1790180679285,1
1790180679286,0
1790180679310,1
1790180679327,0
1790180679344,1
1790180679365,0
1790180679368,1
1790180679368,0
