1790102380490,1
1790102380498,0
1790102380903,0
1790102380904,0
1790102381150,1
1790102381150,0
1790102381574,1
1790102381575,0
1790102382005,1
1790102382005,0
1790102382202,1
1790102382202,0
1790102382631,1
1790102382632,0
1790102382994,1
1790102382994,0
1790102383445,1
1790102383445,0
1790102383792,1
1790102383792,0
1790102384186,1
1790102384186,0
1790102384539,1
1790102384539,0
1790102384977,1
1790102384977,0
1790102385202,0
1790102385203,0
1790102385612,1
1790102385612,0
1790102386033,1
1790102386033,0
1790102386469,1
1790102386469,0
1790102386794,1
1790102386794,0
1790102387198,1
1790102387199,0
1790102387556,1
1790102387556,0
1790102387878,1
1790102387878,0
1790102388402,1
1790102388402,0
1790102388712,1
1790102388712,0
1790102389096,1
1790102389097,0
1790102389519,1
1790102389519,0
1790102389962,1
1790102389962,0
1790102390638,1
1790102390639,0
1790102391188,1
1790102391188,0
1790102391558,1
1790102391558,0
1790102391752,1
1790102391752,0
1790102392120,1
1790102392121,0
1790102392465,1
1790102392466,0
1790102392653,1
1790102392655,0
1790102392898,0
1790102392898,0
1790102393298,1
1790102393298,0
1790102393698,1
1790102393698,0
1790102394160,1
1790102394160,0
1790102394580,1
1790102394581,0
1790102394976,1
1790102394976,0
1790102395403,1
1790102395403,0
1790102395775,1
1790102395776,0
1790102396324,1
1790102396325,0
1790102396603,1
1790102396604,0
1790102397074,1
1790102397074,0
1790102397408,1
1790102397409,0
1790102397857,1
1790102397858,0
1790102398271,1
1790102398271,0
1790102398756,1
1790102398757,0
1790102399137,1
1790102399137,0
1790102399464,1
1790102399464,0
1790102399862,1
1790102399862,0
1790102400102,1
1790102400102,0
1790102400519,1
1790102400519,0
1790102400888,1
1790102400889,0
1790102401409,1
1790102401409,0
1790102401653,1
1790102401653,0
1790102402077,1
1790102402078,0
1790102402342,1
1790102402342,0
1790102402535,1
1790102402536,0
1790102402880,1
1790102402880,0
1790102403295,1
1790102403297,0
1790102403752,1
1790102403753,0
1790102404225,1
1790102404226,0
1790102404569,1
1790102404570,0
1790102405006,1
1790102405008,0
1790102405199,1
1790102405200,0
1790102405568,1
1790102405568,0
1790102405825,1
1790102405825,0
1790102406300,1
1790102406301,0
1790102406768,1
1790102406768,0
1790102407157,1
1790102407157,0
1790102407450,1
1790102407450,0
1790102407929,1
1790102407930,0
1790102408351,1
1790102408351,0
1790102408519,1
1790102408519,0
1790102408730,1
1790102408731,0
1790102409371,1
1790102409372,0
1790102409788,1
1790102409788,0
1790102410210,1
1790102410210,0
1790102410565,1
1790102410566,0
1790102410940,1
1790102410941,0
1790102411279,1
1790102411280,0
1790102411708,1
1790102411709,0
1790102412205,1
1790102412205,0
1790102412559,1
1790102412559,0
1790102413047,1
1790102413048,0
1790102413402,1
1790102413402,0
1790102413795,1
1790102413796,0
1790102414162,1
1790102414162,0
1790102414279,1
1790102414279,0
1790102414717,1
1790102414717,0
1790102415055,1
1790102415056,0
1790102415413,1
1790102415413,0
1790102415873,1
1790102415873,0
1790102416584,1
1790102416584,0
1790102416712,1
1790102416714,0
1790102417204,1
1790102417205,0
1790102417594,1
1790102417595,0
1790102417713,1
1790102417713,0
1790102418234,1
1790102418234,0
1790102418865,1
1790102418865,0
1790102419385,1
1790102419386,0
1790102419995,1
1790102419996,0
1790102420398,1
1790102420399,0
1790102420585,1
1790102420586,0
1790102420896,1
1790102420896,0
1790102421304,1
1790102421304,0
1790102421640,1
1790102421640,0
1790102421982,1
1790102421983,0
1790102422309,1
1790102422310,0
1790102422683,1
1790102422683,0
1790102422998,1
1790102422999,0
1790102423286,1
1790102423286,0
1790102423402,1
1790102423402,0
1790102423777,1
1790102423778,0
1790102423909,1
1790102423909,0
1790102424221,1
1790102424222,0
1790102424530,1
1790102424530,0
1790102424682,1
1790102424683,0
1790102425029,1
1790102425030,0
1790102425439,1
1790102425440,0
1790102425868,1
1790102425869,0
1790102426223,1
1790102426224,0
1790102426561,1
1790102426562,0
1790102426899,1
1790102426900,0
1790102427307,1
1790102427308,0
1790102427612,1
1790102427612,0
1790102428059,1
1790102428060,0
1790102428463,0
1790102428468,0
1790102428948,0
1790102428948,0
1790102429205,1
1790102429205,0
1790102429362,1
1790102429362,0
1790102429785,1
1790102429785,0
1790102429902,1
1790102429902,0
1790102430272,1
1790102430272,0
1790102430652,1
1790102430652,0
1790102431036,1
1790102431036,0
1790102431266,1
1790102431267,0
1790102431544,1
1790102431545,0
1790102431753,1
1790102431754,0
1790102432144,1
1790102432145,0
1790102432484,1
1790102432486,0
1790102432792,1
1790102432793,0
1790102433131,1
1790102433131,0
1790102433372,1
1790102433372,0
1790102433732,1
1790102433733,0
1790102434070,1
1790102434070,0
1790102434276,1
1790102434277,0
1790102434581,1
1790102434582,0
1790102434918,1
1790102434918,0
1790102435235,1
1790102435235,0
1790102435623,1
1790102435624,0
1790102436019,1
1790102436019,0
1790102436369,1
1790102436369,0
1790102436501,1
1790102436502,0
1790102437018,1
1790102437018,0
1790102437282,1
1790102437283,0
1790102437801,1
1790102437801,0
1790102437926,1
1790102437926,0
1790102438052,1
1790102438053,0
1790102438359,1
1790102438359,0
1790102438698,1
1790102438698,0
1790102439071,1
1790102439072,0
1790102439457,1
1790102439457,0
1790102439581,1
1790102439582,0
1790102439897,1
1790102439897,0
1790102440356,1
1790102440357,0
1790102440661,1
1790102440661,0
1790102440991,1
1790102440991,0
1790102441201,1
1790102441202,0
1790102441614,1
1790102441614,0
1790102441953,1
1790102441953,0
1790102442424,1
1790102442424,0
1790102442535,1
1790102442535,0
1790102442911,1
1790102442911,0
1790102443385,1
1790102443385,0
1790102443537,1
1790102443537,0
1790102443997,1
1790102443997,0
1790102444304,1
1790102444305,0
1790102444646,1
1790102444646,0
1790102444983,1
1790102444983,0
1790102445300,1
1790102445300,0
1790102445693,1
1790102445694,0
1790102446038,1
1790102446038,0
1790102446379,1
1790102446380,0
1790102446718,1
1790102446719,0
1790102447139,1
1790102447139,0
1790102447465,1
1790102447466,0
1790102447796,1
1790102447796,0
1790102448335,1
1790102448335,0
1790102448641,1
1790102448643,0
1790102448987,1
1790102448987,0
1790102449425,1
1790102449427,0
1790102449543,1
1790102449544,0
1790102449878,1
1790102449879,0
1790102450208,1
1790102450208,0
1790102450360,1
1790102450360,0
1790102450812,1
1790102450812,0
1790102451163,1
1790102451163,0
1790102451421,1
1790102451421,0
1790102451676,1
1790102451676,0
1790102452011,1
1790102452011,0
1790102452117,1
1790102452117,0
1790102452665,1
1790102452665,0
1790102452972,1
1790102452972,0
1790102453495,1
1790102453496,0
1790102453745,1
1790102453745,0
1790102454087,1
1790102454087,0
1790102454426,1
1790102454427,0
1790102454608,1
1790102454608,0
1790102454935,1
1790102454935,0
1790102455371,1
1790102455371,0
1790102455494,1
1790102455495,0
1790102455813,1
1790102455813,0
1790102456344,1
1790102456345,0
1790102456717,1
1790102456717,0
1790102457107,1
1790102457108,0
1790102457877,1
1790102457877,0
1790102458066,1
1790102458066,0
1790102458375,1
1790102458376,0
1790102458735,1
1790102458735,0
1790102459089,1
1790102459089,0
1790102459482,1
1790102459482,0
1790102459852,1
1790102459852,0
1790102460239,1
1790102460239,0
1790102460659,1
1790102460659,0
1790102460880,1
1790102460880,0
1790102461052,1
1790102461052,0
1790102461450,1
1790102461451,0
1790102461862,1
1790102461862,0
1790102462329,1
1790102462329,0
1790102462744,1
1790102462744,0
1790102462935,1
1790102462935,0
1790102463250,1
1790102463251,0
1790102463577,1
1790102463577,0
1790102463928,1
1790102463928,0
1790102464319,1
1790102464319,0
1790102464745,1
1790102464745,0
1790102465122,1
1790102465122,0
1790102465540,1
1790102465540,0
1790102465950,1
1790102465950,0
1790102466370,1
1790102466371,0
1790102466569,1
1790102466569,0
1790102466951,1
1790102466952,0
1790102467385,1
1790102467385,0
1790102467772,1
1790102467772,0
1790102467972,1
1790102467972,0
1790102468344,1
1790102468344,0
1790102468674,1
1790102468675,0
1790102469038,1
1790102469039,0
1790102469461,1
1790102469461,0
1790102469848,1
1790102469849,0
1790102470250,1
1790102470251,0
1790102470648,1
1790102470648,0
1790102471070,1
1790102471070,0
1790102471430,1
1790102471430,0
1790102471769,1
1790102471777,0
1790102471965,1
1790102471966,0
1790102472268,1
1790102472269,0
1790102472588,1
1790102472588,0
1790102472842,1
1790102472842,0
1790102473162,1
1790102473163,0
1790102473502,1
1790102473502,0
1790102473835,1
1790102473835,0
1790102474194,1
1790102474194,0
1790102474522,1
1790102474522,0
1790102474882,1
1790102474882,0
1790102475244,1
1790102475244,0
1790102475439,1
1790102475439,0
1790102475785,1
1790102475786,0
1790102476016,1
1790102476016,0
1790102476415,1
1790102476415,0
1790102476607,1
1790102476607,0
1790102476959,1
1790102476959,0
1790102477313,1
1790102477313,0
1790102477784,1
1790102477784,0
1790102478155,1
1790102478155,0
1790102478570,1
1790102478571,0
1790102478981,1
1790102478981,0
1790102479394,0
1790102479394,0
1790102479820,1
1790102479821,0
1790102480128,1
1790102480128,0
1790102480455,1
1790102480455,0
1790102480823,1
1790102480824,0
1790102481250,1
1790102481250,0
1790102481669,1
1790102481670,0
1790102482052,1
1790102482053,0
1790102482407,1
1790102482408,0
1790102482733,1
1790102482733,0
1790102483113,1
1790102483113,0
1790102483494,1
1790102483494,0
1790102483956,1
1790102483957,0
1790102484377,1
1790102484377,0
1790102484568,1
1790102484568,0
1790102484985,1
1790102484985,0
1790102485383,1
1790102485383,0
1790102485703,1
1790102485704,0
1790102486024,1
1790102486024,0
1790102486459,1
1790102486459,0
1790102486654,1
1790102486654,0
1790102487068,1
1790102487068,0
1790102487497,1
1790102487498,0
1790102487670,1
1790102487670,0
1790102488079,1
1790102488079,0
1790102488540,1
1790102488540,0
1790102488739,1
1790102488740,0
1790102489100,1
1790102489100,0
1790102489488,1
1790102489489,0
1790102489839,1
1790102489839,0
1790102490173,1
1790102490173,0
1790102490586,1
1790102490587,0
1790102490768,1
1790102490768,0
1790102491134,1
1790102491134,0
1790102491318,1
1790102491318,0
1790102491524,1
1790102491524,0
1790102491900,1
1790102491900,0
1790102492242,1
1790102492243,0
1790102492654,1
1790102492655,0
1790102493064,1
1790102493064,0
1790102493502,1
1790102493502,0
1790102493911,1
1790102493912,0
1790102494261,1
1790102494262,0
1790102494652,1
1790102494652,0
1790102495059,1
1790102495059,0
1790102495402,1
1790102495402,0
1790102495593,1
1790102495593,0
1790102495835,1
1790102495835,0
1790102496010,1
1790102496010,0
1790102496200,1
1790102496200,0
1790102496368,1
1790102496368,0
1790102496535,1
1790102496535,0
1790102496866,1
1790102496866,0
1790102497052,1
1790102497052,0
1790102497233,1
1790102497233,0
1790102497659,1
1790102497659,0
1790102498077,1
1790102498077,0
1790102498277,1
1790102498277,0
1790102498655,1
1790102498655,0
1790102499030,1
1790102499030,0
1790102499364,1
1790102499364,0
1790102499689,1
1790102499689,0
1790102499985,1
1790102499985,0
1790102500210,1
1790102500210,0
1790102500552,1
1790102500552,0
1790102500913,1
1790102500914,0
1790102501277,1
1790102501277,0
1790102501604,1
1790102501605,0
1790102501960,1
1790102501960,0
1790102502154,1
1790102502154,0
1790102502335,1
1790102502335,0
1790102502794,1
1790102502794,0
1790102502994,1
1790102502994,0
1790102503385,1
1790102503385,0
1790102503744,1
1790102503744,0
1790102504083,1
1790102504083,0
1790102504412,1
1790102504413,0
1790102504797,1
1790102504797,0
1790102505185,1
1790102505185,0
1790102505611,1
1790102505611,0
1790102506021,1
1790102506022,0
1790102506382,1
1790102506382,0
1790102506553,1
1790102506553,0
1790102506733,1
1790102506733,0
1790102506917,1
1790102506918,0
1790102507382,1
1790102507383,0
1790102507769,1
1790102507769,0
1790102508150,1
1790102508150,0
1790102508571,1
1790102508571,0
1790102508799,1
1790102508799,0
1790102509121,1
1790102509122,0
1790102509550,1
1790102509550,0
1790102509901,1
1790102509901,0
1790102510272,1
1790102510272,0
1790102510618,1
1790102510619,0
1790102511033,1
1790102511033,0
1790102511443,1
1790102511444,0
1790102511886,1
1790102511886,0
1790102512238,1
1790102512239,0
1790102512604,1
1790102512604,0
1790102512952,1
1790102512953,0
1790102513368,1
1790102513368,0
1790102513755,1
1790102513756,0
1790102514165,1
1790102514165,0
1790102514491,1
1790102514493,0
1790102514802,1
1790102514803,0
1790102515232,1
1790102515233,0
1790102515559,1
1790102515559,0
1790102515877,1
1790102515878,0
1790102516259,1
1790102516259,0
1790102516626,1
1790102516626,0
1790102516937,1
1790102516938,0
1790102517318,1
1790102517318,0
1790102517724,1
1790102517724,0
1790102518102,1
1790102518102,0
1790102518295,1
1790102518296,0
1790102518468,1
1790102518468,0
1790102518653,1
1790102518653,0
1790102519075,1
1790102519075,0
1790102519429,1
1790102519429,0
1790102519785,1
1790102519785,0
1790102520189,1
1790102520189,0
1790102520511,1
1790102520512,0
1790102520947,1
1790102520947,0
1790102521145,1
1790102521146,0
1790102521499,1
1790102521501,0
1790102521846,1
1790102521846,0
1790102522188,1
1790102522188,0
1790102522432,1
1790102522432,0
1790102522779,1
1790102522780,0
1790102523162,1
1790102523162,0
1790102523485,1
1790102523485,0
1790102523879,1
1790102523879,0
1790102524061,1
1790102524062,0
1790102524451,1
1790102524451,0
1790102524862,1
1790102524862,0
1790102525260,1
1790102525261,0
1790102525585,1
1790102525585,0
1790102525984,1
1790102525984,0
1790102526300,1
1790102526300,0
1790102526624,1
1790102526624,0
1790102526943,1
1790102526944,0
1790102527321,1
1790102527321,0
1790102527511,1
1790102527511,0
1790102527826,1
1790102527827,0
1790102528153,1
1790102528153,0
1790102528468,1
1790102528468,0
1790102528847,1
1790102528848,0
1790102529038,1
1790102529038,0
1790102529218,1
1790102529218,0
1790102529615,1
1790102529615,0
1790102529799,1
1790102529799,0
1790102530149,1
1790102530149,0
1790102530494,1
1790102530494,0
1790102530907,1
1790102530907,0
1790102531252,1
1790102531253,0
1790102531631,1
1790102531631,0
1790102531981,1
1790102531981,0
1790102532359,1
1790102532359,0
1790102532689,1
1790102532690,0
1790102532868,1
1790102532868,0
1790102533051,1
1790102533051,0
1790102533236,1
1790102533236,0
1790102533646,1
1790102533647,0
1790102534090,1
1790102534091,0
1790102534491,1
1790102534491,0
1790102534810,1
1790102534810,0
1790102535162,1
1790102535162,0
1790102535521,1
1790102535521,0
1790102535844,1
1790102535844,0
1790102536168,1
1790102536169,0
1790102536485,1
1790102536485,0
1790102536864,1
1790102536864,0
1790102537187,1
1790102537187,0
1790102537588,1
1790102537589,0
1790102538005,1
1790102538006,0
1790102538408,1
1790102538408,0
1790102538738,1
1790102538738,0
1790102538918,1
1790102538918,0
1790102539296,1
1790102539296,0
1790102539648,1
1790102539648,0
1790102539868,1
1790102539868,0
1790102540173,1
1790102540174,0
1790102540606,1
1790102540607,0
1790102540985,1
1790102540985,0
1790102541389,1
1790102541390,0
1790102541618,1
1790102541618,0
1790102542027,1
1790102542028,0
1790102542225,1
1790102542225,0
1790102542593,1
1790102542593,0
1790102542972,1
1790102542973,0
1790102543172,1
1790102543172,0
1790102543485,1
1790102543485,0
1790102543831,1
1790102543831,0
1790102544239,1
1790102544239,0
1790102544646,1
1790102544647,0
1790102545056,1
1790102545056,0
1790102545251,1
1790102545252,0
1790102545560,1
1790102545561,0
1790102545886,1
1790102545886,0
1790102546077,1
1790102546077,0
1790102546292,1
1790102546292,0
1790102546726,1
1790102546726,0
1790102547112,1
1790102547113,0
1790102547301,1
1790102547301,0
1790102547610,1
1790102547610,0
1790102548051,1
1790102548052,0
1790102548248,1
1790102548248,0
1790102548447,1
1790102548447,0
1790102548836,1
1790102548837,0
1790102549022,1
1790102549022,0
1790102549201,1
1790102549201,0
1790102549566,1
1790102549566,0
1790102549968,1
1790102549968,0
1790102550294,1
1790102550295,0
1790102550608,1
1790102550608,0
1790102550954,1
1790102550954,0
1790102551300,1
1790102551300,0
1790102551494,1
1790102551494,0
1790102551883,1
1790102551883,0
1790102552212,1
1790102552212,0
1790102552418,1
1790102552418,0
1790102552596,1
1790102552596,0
1790102552768,1
1790102552768,0
1790102553177,1
1790102553177,0
1790102553593,1
1790102553594,0
1790102554001,1
1790102554001,0
1790102554373,1
1790102554374,0
1790102554741,1
1790102554741,0
1790102554901,1
1790102554905,0
1790102555280,1
1790102555280,0
1790102555701,1
1790102555701,0
1790102556055,1
1790102556055,0
1790102556428,1
1790102556429,0
1790102556812,1
1790102556813,0
1790102557001,1
1790102557001,0
1790102557216,1
1790102557216,0
1790102557397,1
1790102557397,0
1790102557606,1
1790102557606,0
1790102557976,1
1790102557977,0
1790102558164,1
1790102558164,0
1790102558501,1
1790102558502,0
1790102558674,1
1790102558674,0
1790102559041,1
1790102559042,0
1790102559383,1
1790102559383,0
1790102559727,1
1790102559727,0
1790102559951,1
1790102559951,0
1790102560116,1
1790102560116,0
1790102560509,1
1790102560510,0
1790102560914,1
1790102560915,0
1790102561327,1
1790102561328,0
1790102561520,1
1790102561520,0
1790102561830,1
1790102561831,0
1790102562268,1
1790102562269,0
1790102562468,1
1790102562468,0
1790102562651,1
1790102562651,0
1790102563058,1
1790102563058,0
1790102563449,1
1790102563449,0
1790102563780,1
1790102563780,0
1790102564164,1
1790102564165,0
1790102564590,1
1790102564590,0
1790102564982,1
1790102564982,0
1790102565303,1
1790102565304,0
1790102565685,1
1790102565686,0
1790102566097,1
1790102566097,0
1790102566510,1
1790102566510,0
1790102566832,1
1790102566833,0
1790102567020,1
1790102567020,0
1790102567266,1
1790102567266,0
1790102567677,1
1790102567677,0
1790102568081,1
1790102568081,0
1790102568434,1
1790102568435,0
1790102568801,1
1790102568801,0
1790102568996,1
1790102568996,0
1790102569333,1
1790102569333,0
1790102569681,1
1790102569681,0
1790102570147,1
1790102570148,0
1790102570475,1
1790102570475,0
1790102570799,1
1790102570799,0
1790102571190,1
1790102571190,0
1790102571539,1
1790102571539,0
1790102571893,1
1790102571893,0
1790102572282,1
1790102572283,0
1790102572693,1
1790102572693,0
1790102573135,1
1790102573135,0
1790102573534,1
1790102573535,0
1790102573935,1
1790102573935,0
1790102574130,1
1790102574130,0
1790102574573,1
1790102574573,0
1790102574983,1
1790102574983,0
1790102575168,1
1790102575168,0
1790102575503,1
1790102575503,0
1790102575718,1
1790102575718,0
1790102576124,1
1790102576126,0
1790102576537,1
1790102576538,0
1790102576754,1
1790102576755,0
1790102577131,1
1790102577131,0
1790102577580,1
1790102577581,0
1790102577776,1
1790102577776,0
1790102578176,1
1790102578177,0
1790102578594,1
1790102578595,0
1790102579033,1
1790102579033,0
1790102579476,1
1790102579477,0
1790102579801,1
1790102579801,0
1790102580174,1
1790102580175,0
1790102580585,1
1790102580585,0
1790102580984,1
1790102580985,0
1790102581366,1
1790102581366,0
1790102581679,1
1790102581679,0
1790102582003,1
1790102582003,0
1790102582224,1
1790102582224,0
1790102582528,1
1790102582528,0
1790102582846,1
1790102582847,0
1790102583265,1
1790102583265,0
1790102583460,1
1790102583460,0
1790102583749,1
1790102583750,0
1790102583943,1
1790102583943,0
1790102584182,1
1790102584183,0
1790102584518,1
1790102584518,0
1790102584718,1
1790102584718,0
1790102585017,1
1790102585018,0
1790102585338,1
1790102585338,0
1790102585651,1
1790102585651,0
1790102586026,1
1790102586027,0
1790102586342,1
1790102586343,0
1790102586651,1
1790102586651,0
1790102587002,1
1790102587002,0
1790102587369,1
1790102587370,0
1790102587751,1
1790102587752,0
1790102587943,1
1790102587943,0
1790102588283,1
1790102588284,0
1790102588474,1
1790102588474,0
1790102588870,1
1790102588871,0
1790102589311,1
1790102589311,0
1790102589647,1
1790102589647,0
1790102589997,1
1790102589997,0
1790102590306,1
1790102590307,0
1790102590659,1
1790102590659,0
1790102591001,1
1790102591001,0
1790102591410,1
1790102591410,0
1790102591757,1
1790102591757,0
1790102592133,1
1790102592133,0
1790102592451,1
1790102592451,0
1790102592851,1
1790102592851,0
1790102593258,1
1790102593258,0
1790102593599,1
1790102593599,0
1790102593794,1
1790102593795,0
1790102594094,1
1790102594094,0
1790102594514,1
1790102594514,0
1790102594926,1
1790102594926,0
1790102595290,1
1790102595290,0
1790102595678,1
1790102595678,0
1790102595868,1
1790102595868,0
1790102596268,1
1790102596269,0
1790102596639,1
1790102596639,0
1790102596830,1
1790102596830,0
1790102597009,1
1790102597009,0
1790102597435,1
1790102597435,0
1790102597846,1
1790102597846,0
1790102598258,1
1790102598258,0
1790102598680,1
1790102598681,0
1790102599095,1
1790102599095,0
1790102599520,1
1790102599520,0
1790102599927,1
1790102599927,0
1790102600326,1
1790102600326,0
1790102600645,1
1790102600645,0
1790102600818,1
1790102600818,0
1790102601224,1
1790102601225,0
1790102601604,1
1790102601604,0
1790102601958,1
1790102601959,0
1790102602308,1
1790102602308,0
1790102602718,1
1790102602718,0
1790102603038,1
1790102603039,0
1790102603439,1
1790102603439,0
1790102603741,1
1790102603741,0
1790102604056,1
1790102604057,0
1790102604439,1
1790102604439,0
1790102604815,1
1790102604816,0
1790102605199,1
1790102605199,0
1790102605545,1
1790102605545,0
1790102605915,1
1790102605915,0
1790102606268,1
1790102606268,0
1790102606705,1
1790102606706,0
1790102607082,1
1790102607082,0
1790102607491,1
1790102607491,0
1790102607830,1
1790102607830,0
1790102608217,1
1790102608217,0
1790102608439,1
1790102608439,0
1790102608601,1
1790102608601,0
1790102608964,1
1790102608964,0
1790102609281,1
1790102609281,0
1790102609632,1
1790102609632,0
1790102610001,1
1790102610001,0
1790102610184,1
1790102610184,0
1790102610494,1
1790102610494,0
1790102610873,1
1790102610873,0
1790102611251,1
1790102611251,0
1790102611446,1
1790102611446,0
1790102611905,1
1790102611906,0
1790102612261,1
1790102612261,0
1790102612482,1
1790102612482,0
1790102612651,1
1790102612651,0
1790102613016,1
1790102613016,0
1790102613335,1
1790102613336,0
1790102613701,1
1790102613701,0
1790102613994,1
1790102613994,0
1790102614360,1
1790102614360,0
1790102614688,1
1790102614688,0
1790102614886,1
1790102614886,0
1790102615062,1
1790102615062,0
1790102615457,1
1790102615457,0
1790102615788,1
1790102615788,0
1790102616264,1
1790102616264,0
1790102616644,1
1790102616644,0
1790102617026,1
1790102617026,0
1790102617349,1
1790102617349,0
1790102617534,1
1790102617534,0
1790102617850,1
1790102617850,0
1790102618234,1
1790102618234,0
1790102618638,1
1790102618638,0
1790102619080,1
1790102619080,0
1790102619458,1
1790102619458,0
1790102619809,1
1790102619809,0
1790102619968,1
1790102619968,0
1790102620133,1
1790102620133,0
1790102620304,1
1790102620304,0
1790102620660,1
1790102620660,0
1790102621011,1
1790102621011,0
1790102621234,1
1790102621234,0
1790102621538,1
1790102621538,0
1790102621846,1
1790102621846,0
1790102622186,1
1790102622187,0
1790102622367,1
1790102622368,0
1790102622767,1
1790102622768,0
1790102623138,1
1790102623138,0
1790102623568,1
1790102623568,0
1790102623884,1
1790102623884,0
1790102624262,1
1790102624262,0
1790102624651,1
1790102624651,0
1790102624967,1
1790102624968,0
1790102625380,1
1790102625381,0
1790102625733,1
1790102625733,0
1790102626064,1
1790102626064,0
1790102626498,1
1790102626498,0
1790102626888,1
1790102626889,0
1790102627274,1
1790102627274,0
1790102627467,1
1790102627468,0
1790102627812,1
1790102627812,0
1790102628001,1
1790102628001,0
1790102628189,1
1790102628189,0
1790102628418,1
1790102628418,0
1790102628752,1
1790102628752,0
1790102629099,1
1790102629100,0
1790102629444,1
1790102629445,0
1790102629799,1
1790102629799,0
1790102630083,1
1790102630083,0
1790102630399,1
1790102630399,0
1790102630783,1
1790102630783,0
1790102631160,1
1790102631160,0
1790102631536,1
1790102631536,0
1790102631909,1
1790102631910,0
1790102632327,1
1790102632327,0
1790102632734,1
1790102632735,0
1790102633122,1
1790102633123,0
1790102633558,1
1790102633558,0
1790102633939,1
1790102633939,0
1790102634303,1
1790102634304,0
1790102634683,1
1790102634683,0
1790102635089,1
1790102635089,0
1790102635494,1
1790102635495,0
1790102635822,1
1790102635822,0
1790102636147,1
1790102636147,0
1790102636384,1
1790102636385,0
1790102636777,1
1790102636778,0
1790102637203,1
1790102637204,0
1790102637616,1
1790102637616,0
1790102638004,1
1790102638004,0
1790102638378,1
1790102638378,0
1790102638549,1
1790102638549,0
1790102638933,1
1790102638934,0
1790102639257,1
1790102639257,0
1790102639632,1
1790102639632,0
1790102639956,1
1790102639956,0
1790102640271,1
1790102640272,0
1790102640622,1
1790102640622,0
1790102640815,1
1790102640815,0
1790102640986,1
1790102640986,0
1790102641384,1
1790102641384,0
1790102641782,1
1790102641782,0
1790102642193,1
1790102642193,0
1790102642511,1
1790102642512,0
1790102642701,1
1790102642702,0
1790102642884,1
1790102642885,0
1790102643070,1
1790102643070,0
1790102643336,1
1790102643336,0
1790102643737,1
1790102643737,0
1790102644110,1
1790102644110,0
1790102644438,1
1790102644438,0
1790102644749,1
1790102644749,0
1790102645060,1
1790102645061,0
1790102645469,1
1790102645469,0
1790102645912,1
1790102645912,0
1790102646234,1
1790102646234,0
1790102646547,1
1790102646548,0
1790102646967,1
1790102646968,0
1790102647288,1
1790102647288,0
1790102647709,1
1790102647709,0
1790102648089,1
1790102648089,0
1790102648467,1
1790102648468,0
1790102648890,1
1790102648890,0
1790102649261,1
1790102649262,0
1790102649580,1
1790102649580,0
1790102649901,1
1790102649901,0
1790102650322,1
1790102650322,0
1790102650639,1
1790102650640,0
1790102650982,1
1790102650982,0
1790102651175,1
1790102651176,0
1790102651547,1
1790102651547,0
1790102651927,1
1790102651927,0
1790102652339,1
1790102652339,0
1790102652743,1
1790102652743,0
1790102652939,1
1790102652939,0
1790102653117,1
1790102653117,0
1790102653512,1
1790102653512,0
1790102653829,1
1790102653829,0
1790102654209,1
1790102654209,0
1790102654522,1
1790102654522,0
1790102654921,1
1790102654921,0
1790102655218,1
1790102655218,0
1790102655677,1
1790102655678,0
1790102656048,1
1790102656049,0
1790102656439,1
1790102656439,0
1790102656792,1
1790102656792,0
1790102656977,1
1790102656977,0
1790102657347,1
1790102657348,0
1790102657686,1
1790102657686,0
1790102658033,1
1790102658033,0
1790102658503,1
1790102658503,0
1790102658837,1
1790102658838,0
1790102659215,1
1790102659215,0
1790102659401,1
1790102659401,0
1790102659605,1
1790102659605,0
1790102660000,1
1790102660000,0
1790102660415,1
1790102660416,0
1790102660763,1
1790102660763,0
1790102661067,1
1790102661067,0
1790102661284,1
1790102661284,0
1790102661655,1
1790102661655,0
1790102661842,1
1790102661843,0
1790102662182,1
1790102662182,0
1790102662584,1
1790102662584,0
1790102662988,1
1790102662989,0
1790102663347,1
1790102663348,0
1790102663767,1
1790102663767,0
1790102664092,1
1790102664092,0
1790102664409,1
1790102664409,0
1790102664783,1
1790102664783,0
1790102665160,1
1790102665160,0
1790102665553,1
1790102665553,0
1790102665908,1
1790102665908,0
1790102666223,1
1790102666223,0
1790102666535,1
1790102666535,0
1790102666936,1
1790102666936,0
1790102667353,1
1790102667353,0
1790102667717,1
1790102667717,0
1790102668127,1
1790102668127,0
1790102668537,1
1790102668537,0
1790102668987,1
1790102668987,0
1790102669202,1
1790102669202,0
1790102669605,1
1790102669606,0
1790102669949,1
1790102669949,0
1790102670340,1
1790102670341,0
1790102670757,1
1790102670758,0
1790102671206,1
1790102671206,0
1790102671576,1
1790102671577,0
1790102671895,1
1790102671895,0
1790102672243,1
1790102672243,0
1790102672590,1
1790102672591,0
1790102672951,1
1790102672951,0
1790102673344,1
1790102673344,0
1790102673761,1
1790102673761,0
1790102674121,1
1790102674122,0
1790102674518,1
1790102674518,0
1790102674707,1
1790102674707,0
1790102675087,1
1790102675087,0
1790102675480,1
1790102675480,0
1790102675895,1
1790102675895,0
1790102676275,1
1790102676275,0
1790102676682,1
1790102676682,0
1790102677023,1
1790102677024,0
1790102677219,1
1790102677219,0
1790102677568,1
1790102677569,0
1790102677913,1
1790102677914,0
1790102678334,1
1790102678335,0
1790102678670,1
1790102678670,0
1790102679029,1
1790102679029,0
1790102679251,1
1790102679251,0
1790102679437,1
1790102679438,0
1790102679823,1
1790102679823,0
1790102680176,1
1790102680176,0
1790102680571,0
1790102680572,0
1790102680981,0
1790102680982,0
1790102681377,1
1790102681380,0
1790102681778,1
1790102681778,0
1790102682185,1
1790102682185,0
1790102682509,1
1790102682509,0
1790102682830,1
1790102682830,0
1790102683034,1
1790102683034,0
1790102683450,1
1790102683451,0
1790102683796,1
1790102683796,0
1790102684120,1
1790102684120,0
1790102684477,1
1790102684478,0
1790102684893,1
1790102684893,0
1790102685072,1
1790102685072,0
1790102685455,1
1790102685455,0
1790102685644,1
1790102685644,0
1790102685855,1
1790102685855,0
1790102686283,1
1790102686284,0
1790102686684,1
1790102686684,0
1790102687117,1
1790102687117,0
1790102687502,1
1790102687502,0
1790102687906,1
1790102687906,0
1790102688320,1
1790102688321,0
1790102688678,1
1790102688678,0
1790102688877,1
1790102688877,0
1790102689078,1
1790102689078,0
1790102689422,1
1790102689422,0
1790102689772,1
1790102689773,0
1790102690183,1
1790102690184,0
1790102690605,1
1790102690605,0
1790102691010,1
1790102691010,0
1790102691429,1
1790102691430,0
1790102691792,1
1790102691792,0
1790102692168,1
1790102692169,0
1790102692350,1
1790102692351,0
1790102692759,1
1790102692760,0
1790102693159,1
1790102693159,0
1790102693484,1
1790102693484,0
1790102693792,1
1790102693792,0
1790102693967,1
1790102693967,0
1790102694309,1
1790102694309,0
1790102694689,1
1790102694689,0
1790102694915,1
1790102694915,0
1790102695209,1
1790102695209,0
1790102695619,1
1790102695620,0
1790102695942,1
1790102695943,0
1790102696254,1
1790102696254,0
1790102696587,1
1790102696588,0
1790102696914,1
1790102696914,0
1790102697237,1
1790102697238,0
1790102697592,1
1790102697592,0
1790102698009,1
1790102698009,0
1790102698403,1
1790102698403,0
1790102698720,1
1790102698721,0
1790102699138,1
1790102699138,0
1790102699464,1
1790102699464,0
1790102699873,1
1790102699873,0
1790102700251,1
1790102700251,0
1790102700640,1
1790102700641,0
1790102700951,1
1790102700951,0
1790102701309,1
1790102701309,0
1790102701723,1
1790102701723,0
1790102702104,1
1790102702104,0
1790102702477,1
1790102702477,0
1790102702859,1
1790102702859,0
1790102703250,1
1790102703251,0
1790102703436,1
1790102703436,0
1790102703615,1
1790102703615,0
1790102703976,1
1790102703977,0
1790102704167,1
1790102704167,0
1790102704558,1
1790102704558,0
1790102704867,1
1790102704867,0
1790102705122,1
1790102705123,0
1790102705412,1
1790102705412,0
1790102705584,1
1790102705584,0
1790102705941,1
1790102705942,0
1790102706289,1
1790102706290,0
1790102706667,1
1790102706667,0
1790102707079,1
1790102707079,0
1790102707466,1
1790102707466,0
1790102707829,1
1790102707829,0
1790102708193,1
1790102708193,0
1790102708559,1
1790102708559,0
1790102708972,1
1790102708972,0
1790102709367,1
1790102709367,0
1790102709562,1
1790102709562,0
1790102709734,1
1790102709734,0
1790102710213,1
1790102710213,0
1790102710611,1
1790102710611,0
1790102710947,1
1790102710947,0
1790102711360,1
1790102711361,0
1790102711759,1
1790102711760,0
1790102712083,1
1790102712083,0
1790102712442,1
1790102712443,0
1790102712817,1
1790102712817,0
1790102713247,1
1790102713247,0
1790102713572,1
1790102713572,0
1790102714022,1
1790102714022,0
1790102714204,1
1790102714204,0
1790102714392,1
1790102714392,0
1790102714704,1
1790102714705,0
1790102715017,1
1790102715017,0
1790102715430,1
1790102715430,0
1790102715752,1
1790102715752,0
1790102716084,1
1790102716084,0
1790102716273,1
1790102716274,0
1790102716649,1
1790102716649,0
1790102717061,1
1790102717061,0
1790102717503,1
1790102717503,0
1790102717858,1
1790102717859,0
1790102718185,1
1790102718185,0
1790102718619,1
1790102718620,0
1790102719029,1
1790102719029,0
1790102719442,1
1790102719443,0
1790102719617,1
1790102719617,0
1790102719778,1
1790102719778,0
1790102720232,1
1790102720232,0
1790102720420,1
1790102720420,0
1790102720772,1
1790102720772,0
1790102721164,1
1790102721164,0
1790102721518,1
1790102721518,0
1790102721918,1
1790102721918,0
1790102722329,1
1790102722330,0
1790102722644,1
1790102722644,0
1790102723026,1
1790102723026,0
1790102723250,1
1790102723250,0
1790102723427,1
1790102723427,0
1790102723802,1
1790102723803,0
1790102723998,1
1790102723998,0
1790102724184,1
1790102724184,0
1790102724534,1
1790102724535,0
1790102724942,1
1790102724942,0
1790102725287,1
1790102725287,0
1790102725603,1
1790102725603,0
1790102725924,1
1790102725924,0
1790102726286,1
1790102726286,0
1790102726466,1
1790102726466,0
1790102726646,1
1790102726646,0
1790102727080,1
1790102727080,0
1790102727457,1
1790102727457,0
1790102727845,1
1790102727845,0
1790102728250,1
1790102728250,0
1790102728449,1
1790102728449,0
1790102728746,0
1790102728747,0
1790102729167,1
1790102729167,0
1790102729630,1
1790102729630,0
1790102730023,1
1790102730023,0
1790102730332,1
1790102730332,0
1790102730716,1
1790102730716,0
1790102731090,1
1790102731091,0
1790102731455,1
1790102731455,0
1790102731776,1
1790102731776,0
1790102732234,1
1790102732234,0
1790102732569,1
1790102732570,0
1790102732988,1
1790102732988,0
1790102733184,1
1790102733184,0
1790102733350,1
1790102733350,0
1790102733752,1
1790102733753,0
1790102734161,1
1790102734161,0
1790102734605,1
1790102734605,0
1790102734917,1
1790102734917,0
1790102735250,1
1790102735250,0
1790102735575,1
1790102735576,0
1790102735928,1
1790102735928,0
1790102736354,1
1790102736354,0
1790102736830,1
1790102736830,0
1790102737170,1
1790102737170,0
1790102737488,1
1790102737488,0
1790102737815,1
1790102737815,0
1790102738015,1
1790102738015,0
1790102738334,1
1790102738334,0
1790102738753,1
1790102738753,0
1790102739207,1
1790102739207,0
1790102739579,1
1790102739579,0
1790102739883,1
1790102739884,0
1790102740055,1
1790102740055,0
1790102740398,1
1790102740399,0
1790102740803,1
1790102740803,0
1790102741256,1
1790102741256,0
1790102741450,1
1790102741450,0
1790102741834,1
1790102741834,0
1790102742208,1
1790102742208,0
1790102742400,1
1790102742400,0
1790102742748,1
1790102742748,0
1790102743142,1
1790102743142,0
1790102743493,1
1790102743493,0
1790102743835,1
1790102743835,0
1790102744083,1
1790102744084,0
1790102744262,1
1790102744262,0
1790102744573,1
1790102744574,0
1790102744777,1
1790102744777,0
1790102744942,1
1790102744942,0
1790102745309,1
1790102745309,0
1790102745640,1
1790102745640,0
1790102745983,1
1790102745983,0
1790102746401,1
1790102746401,0
1790102746724,1
1790102746724,0
1790102747054,1
1790102747054,0
1790102747453,1
1790102747454,0
1790102747764,1
1790102747765,0
1790102748078,1
1790102748079,0
1790102748438,1
1790102748438,0
1790102748800,1
1790102748801,0
1790102749257,1
1790102749257,0
1790102749442,1
1790102749442,0
1790102749746,1
1790102749747,0
1790102749939,1
1790102749939,0
1790102750100,1
1790102750100,0
1790102750509,1
1790102750509,0
1790102750921,1
1790102750922,0
1790102751170,1
1790102751171,0
1790102751354,1
1790102751354,0
1790102751572,1
1790102751572,0
1790102751767,1
1790102751767,0
1790102751950,1
1790102751950,0
1790102752308,1
1790102752309,0
1790102752694,1
1790102752695,0
1790102753066,1
1790102753066,0
1790102753411,1
1790102753411,0
1790102753597,1
1790102753597,0
1790102753788,1
1790102753788,0
1790102753979,1
1790102753979,0
1790102754349,1
1790102754349,0
1790102754541,1
1790102754541,0
1790102754942,1
1790102754942,0
1790102755325,1
1790102755325,0
1790102755742,1
1790102755742,0
1790102756147,0
1790102756147,0
1790102756351,1
1790102756351,0
1790102756527,1
1790102756527,0
1790102756897,1
1790102756897,0
1790102757275,1
1790102757276,0
1790102757717,1
1790102757717,0
1790102758019,1
1790102758019,0
1790102758339,1
1790102758339,0
1790102758546,1
1790102758547,0
1790102758944,1
1790102758944,0
1790102759359,1
1790102759359,0
1790102759790,1
1790102759790,0
1790102760194,1
1790102760194,0
1790102760596,1
1790102760596,0
1790102761010,1
1790102761010,0
1790102761421,1
1790102761421,0
1790102761608,1
1790102761608,0
1790102761800,1
1790102761800,0
1790102762251,1
1790102762251,0
1790102762450,1
1790102762450,0
1790102762748,1
1790102762748,0
1790102763165,1
1790102763165,0
1790102763500,1
1790102763500,0
1790102763683,1
1790102763683,0
1790102764115,1
1790102764115,0
1790102764441,1
1790102764441,0
1790102764883,1
1790102764883,0
1790102765212,1
1790102765212,0
1790102765627,1
1790102765628,0
1790102765830,1
1790102765830,0
1790102766022,1
1790102766022,0
1790102766443,1
1790102766444,0
1790102766635,1
1790102766635,0
1790102766973,1
1790102766974,0
1790102767313,1
1790102767314,0
1790102767744,1
1790102767745,0
1790102768054,1
1790102768054,0
1790102768399,1
1790102768399,0
1790102768809,1
1790102768809,0
1790102769229,1
1790102769229,0
1790102769619,1
1790102769620,0
1790102769942,1
1790102769942,0
1790102770313,1
1790102770313,0
1790102770632,1
1790102770632,0
1790102770957,1
1790102770957,0
1790102771217,1
1790102771217,0
1790102771518,1
1790102771518,0
1790102771907,1
1790102771907,0
1790102772231,1
1790102772231,0
1790102772625,1
1790102772625,0
1790102772992,1
1790102772992,0
1790102773402,1
1790102773403,0
1790102773826,1
1790102773826,0
1790102774153,1
1790102774153,0
1790102774383,1
1790102774383,0
1790102774689,1
1790102774689,0
1790102775010,1
1790102775010,0
1790102775387,1
1790102775388,0
1790102775756,1
1790102775757,0
1790102776133,1
1790102776133,0
1790102776484,1
1790102776484,0
1790102776816,1
1790102776817,0
1790102777170,1
1790102777171,0
1790102777539,1
1790102777539,0
1790102777733,1
1790102777733,0
1790102777906,1
1790102777906,0
1790102778117,1
1790102778117,0
1790102778467,1
1790102778467,0
1790102778865,1
1790102778865,0
1790102779274,1
1790102779275,0
1790102779657,1
1790102779657,0
1790102779991,1
1790102779991,0
1790102780317,1
1790102780317,0
1790102780783,1
1790102780783,0
1790102781116,1
1790102781116,0
1790102781546,1
1790102781546,0
1790102781919,1
1790102781920,0
1790102782281,1
1790102782282,0
1790102782629,1
1790102782630,0
1790102782996,1
1790102782997,0
1790102783317,1
1790102783317,0
1790102783655,1
1790102783655,0
1790102783979,1
1790102783979,0
1790102784322,1
1790102784322,0
1790102784513,1
1790102784514,0
1790102784717,1
1790102784717,0
1790102785039,1
1790102785039,0
1790102785421,1
1790102785421,0
1790102785661,1
1790102785661,0
1790102786034,1
1790102786035,0
1790102786442,1
1790102786443,0
1790102786850,1
1790102786850,0
1790102787200,1
1790102787200,0
1790102787559,1
1790102787559,0
1790102787910,1
1790102787911,0
1790102788296,1
1790102788296,0
1790102788617,1
1790102788617,0
1790102788941,1
1790102788942,0
1790102789317,1
1790102789318,0
1790102789673,1
1790102789674,0
1790102790017,1
1790102790017,0
1790102790319,1
1790102790319,0
1790102790651,1
1790102790651,0
1790102791093,1
1790102791094,0
1790102791296,1
1790102791296,0
1790102791700,1
1790102791700,0
1790102792040,1
1790102792040,0
1790102792402,1
1790102792402,0
1790102792592,1
1790102792592,0
1790102792991,1
1790102792992,0
1790102793256,1
1790102793257,0
1790102793628,1
1790102793629,0
1790102793983,1
1790102793984,0
1790102794175,1
1790102794175,0
1790102794484,1
1790102794485,0
1790102794817,1
1790102794817,0
1790102795119,1
1790102795120,0
1790102795557,1
1790102795558,0
1790102795983,1
1790102795983,0
1790102796177,1
1790102796177,0
1790102796505,1
1790102796505,0
1790102796957,1
1790102796957,0
1790102797267,1
1790102797267,0
1790102797642,1
1790102797643,0
1790102797988,1
1790102797988,0
1790102798337,1
1790102798337,0
1790102798666,1
1790102798667,0
1790102799048,1
1790102799049,0
1790102799262,1
1790102799263,0
1790102799617,1
1790102799617,0
1790102799979,1
1790102799979,0
1790102800366,1
1790102800366,0
1790102800683,1
1790102800683,0
1790102801003,1
1790102801003,0
1790102801392,1
1790102801393,0
1790102801789,1
1790102801789,0
1790102802134,1
1790102802134,0
1790102802538,1
1790102802538,0
1790102802922,1
1790102802922,0
1790102803334,1
1790102803334,0
1790102803541,1
1790102803541,0
1790102803722,1
1790102803722,0
1790102804038,1
1790102804038,0
1790102804351,1
1790102804351,0
1790102804717,1
1790102804717,0
1790102804893,1
1790102804893,0
1790102805142,1
1790102805142,0
1790102805519,1
1790102805519,0
1790102805853,1
1790102805854,0
1790102806261,1
1790102806261,0
1790102806672,1
1790102806673,0
1790102807034,1
1790102807034,0
1790102807421,1
1790102807422,0
1790102807836,1
1790102807836,0
1790102808243,1
1790102808244,0
1790102808623,1
1790102808623,0
1790102808997,1
1790102808997,0
1790102809333,1
1790102809333,0
1790102809658,1
1790102809658,0
1790102809983,1
1790102809984,0
1790102810315,1
1790102810315,0
1790102810704,1
1790102810704,0
1790102811087,1
1790102811087,0
1790102811399,1
1790102811400,0
1790102811776,1
1790102811776,0
1790102811966,1
1790102811967,0
1790102812344,1
1790102812344,0
1790102812667,1
1790102812667,0
1790102812986,1
1790102812986,0
1790102813400,1
1790102813400,0
1790102813753,1
1790102813754,0
1790102814183,1
1790102814183,0
1790102814510,1
1790102814510,0
1790102814704,1
1790102814705,0
1790102815104,1
1790102815105,0
1790102815519,1
1790102815519,0
1790102816001,1
1790102816001,0
1790102816319,1
1790102816319,0
1790102816524,1
1790102816524,0
1790102816900,1
1790102816900,0
1790102817133,1
1790102817133,0
1790102817538,1
1790102817538,0
1790102817943,1
1790102817943,0
1790102818166,1
1790102818167,0
1790102818516,1
1790102818517,0
1790102818878,1
1790102818879,0
1790102819242,1
1790102819242,0
1790102819450,1
1790102819450,0
1790102819814,1
1790102819814,0
1790102820171,1
1790102820171,0
1790102820592,1
1790102820592,0
1790102820965,1
1790102820965,0
1790102821304,1
1790102821304,0
1790102821661,1
1790102821661,0
1790102822013,1
1790102822013,0
1790102822450,1
1790102822450,0
1790102822805,1
1790102822805,0
1790102823171,1
1790102823172,0
1790102823547,1
1790102823547,0
1790102823935,1
1790102823936,0
1790102824309,1
1790102824310,0
1790102824639,1
1790102824640,0
1790102825014,1
1790102825014,0
1790102825301,1
1790102825301,0
1790102825500,1
1790102825500,0
1790102825689,1
1790102825690,0
1790102826088,1
1790102826089,0
1790102826295,1
1790102826295,0
1790102826485,1
1790102826485,0
1790102826871,1
1790102826871,0
1790102827310,1
1790102827310,0
1790102827727,1
1790102827727,0
1790102827966,1
1790102827966,0
1790102828150,1
1790102828150,0
1790102828491,1
1790102828491,0
1790102828853,1
1790102828853,0
1790102829254,1
1790102829255,0
1790102829666,1
1790102829667,0
1790102830079,1
1790102830079,0
1790102830500,1
1790102830500,0
1790102830851,1
1790102830851,0
1790102831249,1
1790102831249,0
1790102831576,1
1790102831577,0
1790102831907,1
1790102831908,0
1790102832282,1
1790102832282,0
1790102832625,1
1790102832625,0
1790102832967,1
1790102832967,0
1790102833292,1
1790102833292,0
1790102833652,1
1790102833652,0
1790102834027,1
1790102834027,0
1790102834392,1
1790102834392,0
1790102834810,1
1790102834810,0
1790102835111,1
1790102835111,0
1790102835446,1
1790102835446,0
1790102835797,1
1790102835798,0
1790102836250,1
1790102836250,0
1790102836654,1
1790102836654,0
1790102836985,1
1790102836987,0
1790102837347,1
1790102837349,0
1790102837706,1
1790102837707,0
1790102838096,1
1790102838097,0
1790102838296,1
1790102838296,0
1790102838488,1
1790102838488,0
1790102838830,1
1790102838830,0
1790102839135,1
1790102839136,0
1790102839490,1
1790102839490,0
1790102839871,1
1790102839871,0
1790102840168,1
1790102840168,0
1790102840545,1
1790102840546,0
1790102840955,1
1790102840955,0
1790102841411,1
1790102841412,0
1790102841598,1
1790102841598,0
1790102841944,1
1790102841945,0
1790102842350,1
1790102842350,0
1790102842767,1
1790102842767,0
1790102843195,1
1790102843196,0
1790102843600,1
1790102843600,0
1790102844007,1
1790102844007,0
1790102844316,1
1790102844316,0
1790102844630,1
1790102844631,0
1790102844966,1
1790102844966,0
1790102845316,1
1790102845317,0
1790102845704,1
1790102845704,0
1790102846081,1
1790102846082,0
1790102846450,1
1790102846450,0
1790102846921,1
1790102846921,0
1790102847272,1
1790102847273,0
1790102847682,1
1790102847682,0
1790102848109,1
1790102848110,0
1790102848513,1
1790102848513,0
1790102848915,1
1790102848916,0
1790102849104,1
1790102849104,0
1790102849465,1
1790102849465,0
1790102849800,1
1790102849800,0
1790102850100,1
1790102850100,0
1790102850433,1
1790102850433,0
1790102850631,1
1790102850631,0
1790102850959,1
1790102850959,0
1790102851271,1
1790102851271,0
1790102851604,1
1790102851605,0
1790102852075,1
1790102852075,0
1790102852504,1
1790102852505,0
1790102852858,1
1790102852859,0
1790102853053,1
1790102853053,0
1790102853242,1
1790102853242,0
1790102853617,1
1790102853618,0
1790102853979,1
1790102853979,0
1790102854239,1
1790102854239,0
1790102854591,1
1790102854591,0
1790102854800,1
1790102854800,0
1790102855146,1
1790102855147,0
1790102855492,1
1790102855492,0
1790102855823,1
1790102855824,0
1790102856151,1
1790102856151,0
1790102856551,1
1790102856551,0
1790102856951,1
1790102856951,0
1790102857291,1
1790102857292,0
1790102857709,1
1790102857709,0
1790102858119,1
1790102858120,0
1790102858478,1
1790102858479,0
1790102858791,1
1790102858792,0
1790102859128,1
1790102859128,0
1790102859336,1
1790102859336,0
1790102859519,1
1790102859519,0
1790102859686,1
1790102859686,0
1790102860003,1
1790102860003,0
1790102860320,1
1790102860320,0
1790102860639,1
1790102860639,0
1790102861033,1
1790102861033,0
1790102861403,1
1790102861403,0
1790102861654,1
1790102861654,0
1790102861821,1
1790102861821,0
1790102862165,1
1790102862165,0
1790102862516,1
1790102862516,0
1790102862868,1
1790102862868,0
1790102863279,1
1790102863279,0
1790102863624,1
1790102863624,0
1790102863988,1
1790102863988,0
1790102864348,1
1790102864348,0
1790102864770,1
1790102864770,0
1790102865117,1
1790102865117,0
1790102865438,1
1790102865439,0
1790102865796,1
1790102865796,0
1790102866105,1
1790102866106,0
1790102866459,1
1790102866459,0
1790102866853,1
1790102866853,0
1790102867231,1
1790102867231,0
1790102867539,1
1790102867540,0
1790102867954,1
1790102867955,0
1790102868310,1
1790102868310,0
1790102868619,1
1790102868619,0
1790102868925,1
1790102868926,0
1790102869382,1
1790102869382,0
1790102869796,1
1790102869796,0
1790102870138,1
1790102870139,0
1790102870494,1
1790102870495,0
1790102870903,1
1790102870903,0
1790102871323,1
1790102871324,0
1790102871743,1
1790102871743,0
1790102872210,1
1790102872211,0
1790102872416,1
1790102872416,0
1790102872816,1
1790102872816,0
1790102873233,1
1790102873234,0
1790102873656,1
1790102873656,0
1790102873849,1
1790102873849,0
1790102874209,1
1790102874209,0
1790102874560,1
1790102874560,0
1790102874775,1
1790102874776,0
1790102875171,1
1790102875171,0
1790102875581,1
1790102875581,0
1790102875898,1
1790102875898,0
1790102876392,1
1790102876393,0
1790102876793,1
1790102876793,0
1790102877149,1
1790102877150,0
1790102877458,1
1790102877459,0
1790102877859,1
1790102877859,0
1790102878236,1
1790102878236,0
1790102878591,1
1790102878591,0
1790102878964,1
1790102878964,0
1790102879342,1
1790102879342,0
1790102879755,1
1790102879755,0
1790102880133,1
1790102880134,0
1790102880322,1
1790102880322,0
1790102880784,1
1790102880785,0
1790102881148,1
1790102881148,0
1790102881533,1
1790102881533,0
1790102881942,1
1790102881942,0
1790102882345,1
1790102882346,0
1790102882684,1
1790102882684,0
1790102883126,1
1790102883126,0
1790102883309,1
1790102883309,0
1790102883732,1
1790102883732,0
1790102883917,1
1790102883918,0
1790102884305,1
1790102884305,0
1790102884718,1
1790102884718,0
1790102885192,1
1790102885192,0
1790102885599,1
1790102885599,0
1790102885776,1
1790102885776,0
1790102886125,1
1790102886125,0
1790102886498,1
1790102886498,0
1790102886837,1
1790102886837,0
1790102887242,1
1790102887243,0
1790102887426,1
1790102887426,0
1790102887785,1
1790102887785,0
1790102888164,1
1790102888164,0
1790102888342,1
1790102888343,0
1790102888514,1
1790102888515,0
1790102888758,1
1790102888759,0
1790102889113,1
1790102889114,0
1790102889463,1
1790102889463,0
1790102889643,1
1790102889643,0
1790102889963,1
1790102889964,0
1790102890353,1
1790102890354,0
1790102890723,1
1790102890723,0
1790102891032,1
1790102891033,0
1790102891371,1
1790102891371,0
1790102891751,1
1790102891752,0
1790102892059,1
1790102892061,0
1790102892384,1
1790102892385,0
1790102892661,1
1790102892662,0
1790102893049,1
1790102893050,0
1790102893436,1
1790102893436,0
1790102893788,1
1790102893788,0
1790102894123,1
1790102894124,0
1790102894496,1
1790102894497,0
1790102894916,1
1790102894916,0
1790102895260,1
1790102895260,0
1790102895637,1
1790102895637,0
1790102895829,1
1790102895830,0
1790102896141,1
1790102896141,0
1790102896326,1
1790102896326,0
1790102896714,1
1790102896714,0
1790102897055,1
1790102897055,0
1790102897250,1
1790102897250,0
1790102897591,1
1790102897591,0
1790102897944,1
1790102897945,0
1790102898318,1
1790102898319,0
1790102898710,1
1790102898710,0
1790102899110,1
1790102899110,0
1790102899550,1
1790102899550,0
1790102899743,1
1790102899743,0
1790102900093,1
1790102900093,0
1790102900283,1
1790102900283,0
1790102900731,1
1790102900731,0
1790102901081,1
1790102901082,0
1790102901269,1
1790102901270,0
1790102901672,1
1790102901673,0
1790102902029,1
1790102902030,0
1790102902435,1
1790102902435,0
1790102902680,1
1790102902680,0
1790102903085,1
1790102903085,0
1790102903490,1
1790102903490,0
1790102903797,1
1790102903797,0
1790102904182,1
1790102904182,0
1790102904360,1
1790102904360,0
1790102904839,1
1790102904839,0
1790102905126,1
1790102905126,0
1790102905435,1
1790102905435,0
1790102905627,1
1790102905627,0
1790102905948,1
1790102905949,0
1790102906258,1
1790102906259,0
1790102906733,1
1790102906733,0
1790102906927,1
1790102906927,0
1790102907142,1
1790102907142,0
1790102907510,1
1790102907510,0
1790102907915,1
1790102907915,0
1790102908101,1
1790102908101,0
1790102908560,1
1790102908560,0
1790102908860,0
1790102908860,0
1790102909227,1
1790102909227,0
1790102909535,1
1790102909535,0
1790102909902,1
1790102909902,0
1790102910061,1
1790102910062,0
1790102910410,1
1790102910410,0
1790102910760,1
1790102910761,0
1790102911180,1
1790102911180,0
1790102911360,1
1790102911361,0
1790102911756,1
1790102911756,0
1790102912068,1
1790102912068,0
1790102912560,1
1790102912561,0
1790102912963,1
1790102912963,0
1790102913369,1
1790102913369,0
1790102913708,1
1790102913708,0
1790102914079,1
1790102914079,0
1790102914418,1
1790102914418,0
1790102914663,1
1790102914663,0
1790102914993,1
1790102914994,0
1790102915308,1
1790102915308,0
1790102915659,1
1790102915659,0
1790102916025,1
1790102916025,0
1790102916221,1
1790102916221,0
1790102916610,1
1790102916610,0
1790102916931,1
1790102916931,0
1790102917255,1
1790102917255,0
1790102917435,1
1790102917435,0
1790102917860,1
1790102917860,0
1790102918273,1
1790102918273,0
1790102918727,1
1790102918727,0
1790102918910,1
1790102918910,0
1790102919126,1
1790102919126,0
1790102919428,1
1790102919429,0
1790102919620,1
1790102919620,0
1790102919951,1
1790102919951,0
1790102920350,1
1790102920350,0
1790102920702,1
1790102920702,0
1790102921073,1
1790102921073,0
1790102921450,1
1790102921450,0
1790102921796,1
1790102921796,0
1790102922131,1
1790102922132,0
1790102922556,1
1790102922556,0
1790102922919,1
1790102922919,0
1790102923359,1
1790102923359,0
1790102923694,1
1790102923694,0
1790102924011,1
1790102924012,0
1790102924322,1
1790102924322,0
1790102924752,1
1790102924753,0
1790102925144,1
1790102925144,0
1790102925498,1
1790102925498,0
1790102925852,1
1790102925852,0
1790102926294,1
1790102926294,0
1790102926486,1
1790102926486,0
1790102926866,1
1790102926866,0
1790102927268,1
1790102927268,0
1790102927481,1
1790102927481,0
1790102927655,1
1790102927655,0
1790102927985,1
1790102927985,0
1790102928323,1
1790102928323,0
1790102928813,1
1790102928814,0
1790102929125,1
1790102929126,0
1790102929532,1
1790102929532,0
1790102929872,1
1790102929872,0
1790102930227,1
1790102930227,0
1790102930540,1
1790102930540,0
1790102930974,1
1790102930974,0
1790102931162,1
1790102931162,0
1790102931527,1
1790102931527,0
1790102931915,1
1790102931915,0
1790102932318,1
1790102932319,0
1790102932703,1
1790102932703,0
1790102933109,1
1790102933110,0
1790102933484,1
1790102933484,0
1790102933820,1
1790102933820,0
1790102934151,1
1790102934152,0
1790102934569,1
1790102934569,0
1790102934977,1
1790102934977,0
1790102935429,1
1790102935429,0
1790102935743,1
1790102935743,0
1790102936161,1
1790102936161,0
1790102936536,1
1790102936536,0
1790102936920,1
1790102936920,0
1790102937110,0
1790102937110,0
1790102937491,1
1790102937491,0
1790102937806,1
1790102937806,0
1790102938210,1
1790102938210,0
1790102938527,1
1790102938527,0
1790102938846,1
1790102938846,0
1790102939258,1
1790102939259,0
1790102939493,1
1790102939493,0
1790102939800,1
1790102939800,0
1790102940240,1
1790102940241,0
1790102940427,1
1790102940427,0
1790102940723,1
1790102940723,0
1790102941112,1
1790102941112,0
1790102941565,1
1790102941565,0
1790102941936,1
1790102941936,0
1790102942261,1
1790102942262,0
1790102942444,1
1790102942444,0
1790102942765,1
1790102942765,0
1790102943076,1
1790102943077,0
1790102943533,1
1790102943533,0
1790102943810,1
1790102943810,0
1790102944215,1
1790102944215,0
1790102944619,1
1790102944619,0
1790102944963,1
1790102944963,0
1790102945244,1
1790102945244,0
1790102945665,1
1790102945666,0
1790102945986,1
1790102945986,0
1790102946336,1
1790102946336,0
1790102946734,1
1790102946734,0
1790102947108,1
1790102947109,0
1790102947425,1
1790102947425,0
1790102947881,1
1790102947881,0
1790102948227,1
1790102948227,0
1790102948444,1
1790102948444,0
1790102948779,1
1790102948780,0
1790102949158,1
1790102949158,0
1790102949487,1
1790102949487,0
1790102949760,1
1790102949760,0
1790102950079,1
1790102950079,0
1790102950260,1
1790102950260,0
1790102950551,1
1790102950551,0
1790102950927,1
1790102950927,0
1790102951272,1
1790102951272,0
1790102951711,1
1790102951711,0
1790102952086,1
1790102952086,0
1790102952305,1
1790102952305,0
1790102952630,1
1790102952631,0
1790102952992,1
1790102952993,0
1790102953406,1
1790102953406,0
1790102953831,1
1790102953831,0
1790102954240,1
1790102954241,0
1790102954619,1
1790102954619,0
1790102954996,1
1790102954996,0
1790102955411,1
1790102955411,0
1790102955764,1
1790102955764,0
1790102956136,1
1790102956136,0
1790102956509,1
1790102956510,0
1790102956919,1
1790102956919,0
1790102957294,1
1790102957294,0
1790102957649,1
1790102957649,0
1790102958026,1
1790102958026,0
1790102958490,1
1790102958490,0
1790102958879,1
1790102958880,0
1790102959077,1
1790102959077,0
1790102959246,1
1790102959246,0
1790102959601,1
1790102959602,0
1790102959931,1
1790102959931,0
1790102960360,1
1790102960360,0
1790102960718,1
1790102960718,0
1790102960927,1
1790102960927,0
1790102961104,1
1790102961104,0
1790102961466,1
1790102961466,0
1790102961782,1
1790102961782,0
1790102962279,1
1790102962280,0
1790102962660,1
1790102962661,0
1790102962982,1
1790102962983,0
1790102963170,1
1790102963170,0
1790102963566,1
1790102963566,0
1790102963852,1
1790102963852,0
1790102964315,1
1790102964315,0
1790102964658,1
1790102964658,0
1790102964996,1
1790102964996,0
1790102965294,1
1790102965294,0
1790102965660,1
1790102965660,0
1790102966071,1
1790102966071,0
1790102966527,1
1790102966527,0
1790102966927,1
1790102966927,0
1790102967296,1
1790102967296,0
1790102967665,1
1790102967666,0
1790102968066,1
1790102968067,0
1790102968469,1
1790102968470,0
1790102968879,1
1790102968879,0
1790102969227,1
1790102969227,0
1790102969601,1
1790102969602,0
1790102969794,1
1790102969794,0
1790102969971,1
1790102969971,0
1790102970347,1
1790102970347,0
1790102970811,1
1790102970811,0
1790102971232,1
1790102971232,0
1790102971575,1
1790102971576,0
1790102971965,1
1790102971965,0
1790102972177,1
1790102972177,0
1790102972556,1
1790102972557,0
1790102973022,1
1790102973022,0
1790102973211,1
1790102973211,0
1790102973635,1
1790102973635,0
1790102973968,1
1790102973969,0
1790102974160,1
1790102974160,0
1790102974518,1
1790102974519,0
1790102974799,1
1790102974799,0
1790102975093,1
1790102975093,0
1790102975477,1
1790102975477,0
1790102975885,1
1790102975886,0
1790102976096,1
1790102976097,0
1790102976497,1
1790102976497,0
1790102976741,1
1790102976741,0
1790102977122,1
1790102977123,0
1790102977556,1
1790102977557,0
1790102977967,1
1790102977968,0
1790102978303,1
1790102978304,0
1790102978487,1
1790102978487,0
1790102978933,1
1790102978934,0
1790102979117,1
1790102979118,0
1790102979434,1
1790102979434,0
1790102979739,1
1790102979740,0
1790102980094,1
1790102980094,0
1790102980477,1
1790102980477,0
1790102980731,1
1790102980731,0
1790102981106,1
1790102981106,0
1790102981328,1
1790102981328,0
1790102981666,1
1790102981666,0
1790102981976,1
1790102981977,0
1790102982392,1
1790102982392,0
1790102982837,1
1790102982837,0
1790102983031,1
1790102983031,0
1790102983369,1
1790102983369,0
1790102983551,1
1790102983552,0
1790102983957,1
1790102983957,0
1790102984327,1
1790102984327,0
1790102984741,1
1790102984741,0
1790102985059,1
1790102985060,0
1790102985447,1
1790102985447,0
1790102985740,1
1790102985740,0
1790102986127,1
1790102986127,0
1790102986521,1
1790102986521,0
1790102986787,1
1790102986787,0
1790102987161,1
1790102987162,0
1790102987568,1
1790102987568,0
1790102987956,1
1790102987957,0
1790102988404,1
1790102988404,0
1790102988818,1
1790102988818,0
1790102989219,1
1790102989219,0
1790102989555,1
1790102989556,0
1790102989914,1
1790102989914,0
1790102990203,1
1790102990203,0
1790102990600,1
1790102990600,0
1790102990981,1
1790102990981,0
1790102991377,1
1790102991377,0
1790102991786,1
1790102991787,0
1790102992117,1
1790102992117,0
1790102992438,1
1790102992439,0
1790102992809,1
1790102992810,0
1790102993130,1
1790102993131,0
1790102993613,1
1790102993613,0
1790102993955,1
1790102993955,0
1790102994360,1
1790102994360,0
1790102994744,1
1790102994744,0
1790102995119,1
1790102995119,0
1790102995518,1
1790102995518,0
1790102995793,1
1790102995794,0
1790102995983,1
1790102995983,0
1790102996323,1
1790102996324,0
1790102996515,1
1790102996515,0
1790102996856,1
1790102996857,0
1790102997263,1
1790102997263,0
1790102997728,1
1790102997728,0
1790102998141,1
1790102998141,0
1790102998520,1
1790102998520,0
1790102998903,1
1790102998903,0
1790102999077,0
1790102999077,0
1790102999455,1
1790102999456,0
1790102999933,1
1790102999933,0
1790103000316,1
1790103000316,0
1790103000506,1
1790103000506,0
1790103000810,1
1790103000811,0
1790103001027,1
1790103001027,0
1790103001419,1
1790103001419,0
1790103001889,1
1790103001890,0
1790103002202,1
1790103002202,0
1790103002625,1
1790103002626,0
1790103002963,1
1790103002963,0
1790103003143,1
1790103003144,0
1790103003444,1
1790103003444,0
1790103003710,1
1790103003710,0
1790103004107,1
1790103004107,0
1790103004427,1
1790103004427,0
1790103004796,1
1790103004796,0
1790103005144,1
1790103005145,0
1790103005494,1
1790103005494,0
1790103005922,1
1790103005922,0
1790103006293,1
1790103006293,0
1790103006510,1
1790103006510,0
1790103006903,1
1790103006903,0
1790103007252,1
1790103007252,0
1790103007441,1
1790103007441,0
1790103007917,1
1790103007917,0
1790103008277,1
1790103008277,0
1790103008602,1
1790103008602,0
1790103008937,1
1790103008937,0
1790103009306,1
1790103009307,0
1790103009498,1
1790103009498,0
1790103009954,1
1790103009954,0
1790103010337,1
1790103010337,0
1790103010543,1
1790103010544,0
1790103010910,1
1790103010910,0
1790103011276,1
1790103011276,0
1790103011621,1
1790103011621,0
1790103012117,1
1790103012117,0
1790103012448,1
1790103012448,0
1790103012811,1
1790103012812,0
1790103013217,1
1790103013218,0
1790103013610,1
1790103013610,0
1790103013941,1
1790103013942,0
1790103014377,1
1790103014377,0
1790103014744,1
1790103014744,0
1790103015168,1
1790103015168,0
1790103015577,1
1790103015577,0
1790103015974,1
1790103015974,0
1790103016390,1
1790103016390,0
1790103016873,1
1790103016873,0
1790103017201,1
1790103017202,0
1790103017573,1
1790103017573,0
1790103017977,1
1790103017977,0
1790103018192,1
1790103018192,0
1790103018551,1
1790103018551,0
1790103018777,1
1790103018777,0
1790103019075,1
1790103019075,0
1790103019293,1
1790103019294,0
1790103019629,1
1790103019629,0
1790103020008,1
1790103020008,0
1790103020325,1
1790103020325,0
1790103020779,1
1790103020779,0
1790103020965,1
1790103020965,0
1790103021335,1
1790103021335,0
1790103021652,1
1790103021652,0
1790103022027,1
1790103022027,0
1790103022440,1
1790103022440,0
1790103022842,1
1790103022842,0
1790103023190,1
1790103023190,0
1790103023574,1
1790103023575,0
1790103023949,1
1790103023949,0
1790103024314,1
1790103024314,0
1790103024631,1
1790103024631,0
1790103025027,1
1790103025027,0
1790103025343,1
1790103025344,0
1790103025658,1
1790103025658,0
1790103025993,1
1790103025993,0
1790103026414,1
1790103026414,0
1790103026596,1
1790103026596,0
1790103026989,1
1790103026989,0
1790103027372,1
1790103027372,0
1790103027776,1
1790103027776,0
1790103028130,1
1790103028130,0
1790103028313,1
1790103028314,0
1790103028710,1
1790103028710,0
1790103029096,1
1790103029096,0
1790103029277,1
1790103029277,0
1790103029619,1
1790103029619,0
1790103029970,1
1790103029971,0
1790103030169,1
1790103030169,0
1790103030551,1
1790103030552,0
1790103030994,1
1790103030994,0
1790103031181,1
1790103031181,0
1790103031512,1
1790103031512,0
1790103031860,1
1790103031860,0
1790103032266,1
1790103032267,0
1790103032679,1
1790103032679,0
1790103033074,1
1790103033074,0
1790103033447,1
1790103033447,0
1790103033793,1
1790103033794,0
1790103034160,0
1790103034160,0
1790103034573,1
1790103034573,0
1790103034756,1
1790103034756,0
1790103035166,1
1790103035167,0
1790103035561,1
1790103035561,0
1790103035945,1
1790103035945,0
1790103036330,1
1790103036330,0
1790103036647,1
1790103036647,0
1790103036966,1
1790103036966,0
1790103037407,1
1790103037407,0
1790103037756,1
1790103037757,0
1790103037939,1
1790103037939,0
1790103038125,1
1790103038125,0
1790103038552,1
1790103038552,0
1790103038879,1
1790103038879,0
1790103039110,1
1790103039110,0
1790103039418,1
1790103039418,0
1790103039760,1
1790103039761,0
1790103040168,1
1790103040168,0
1790103040327,1
1790103040327,0
1790103040634,1
1790103040634,0
1790103041071,1
1790103041071,0
1790103041254,1
1790103041254,0
1790103041566,1
1790103041567,0
1790103041934,1
1790103041935,0
1790103042376,1
1790103042376,0
1790103042777,1
1790103042777,0
1790103043027,1
1790103043027,0
1790103043390,1
1790103043390,0
