1790180299872,1
1790180299877,0
1790180299884,1
1790180299964,2
1790180300116,1
1790180300117,0
1790180300135,1
1790180300202,0
1790180300379,1
1790180300379,0
1790180300414,1
1790180300455,0
1790180300799,1
1790180300799,0
1790180300823,1
1790180300847,0
1790180300857,1
1790180300857,0
1790180301458,1
1790180301458,0
1790180301495,1
1790180301537,0
1790180302302,1
1790180302302,0
1790180302529,1
1790180302529,0
1790180302552,1
1790180302588,0
1790180302857,1
1790180302857,0
1790180302887,1
1790180302923,2
1790180302925,1
1790180302925,0
1790180302955,1
1790180302971,0
1790180302974,1
1790180302974,0
1790180303385,0
1790180303385,0
1790180303394,1
1790180303430,0
1790180304210,1
1790180304210,0
1790180304432,1
1790180304432,0
1790180304449,1
1790180304477,0
1790180306258,1
1790180306259,0
1790180309209,1
1790180309209,0
1790180309429,1
1790180309429,0
1790180309457,1
1790180309473,0
1790180309925,1
1790180309925,0
1790180310276,1
1790180310277,0
1790180310380,1
1790180310380,0
1790180310417,1
1790180310427,0
1790180310448,1
1790180310448,0
1790180310833,0
1790180310833,0
1790180310863,1
1790180310881,0
1790180311086,1
1790180311086,0
1790180311355,1
1790180311355,0
1790180311379,1
1790180311400,2
1790180311414,1
1790180311457,0
1790180312393,1
1790180312393,0
1790180312607,1
1790180312607,0
1790180312636,1
1790180312662,0
1790180312667,1
1790180312667,0
1790180313608,1
1790180313609,0
1790180313632,1
1790180313656,2
1790180313676,1
1790180313676,0
1790180314562,1
1790180314562,0
1790180314591,1
1790180314609,0
1790180316599,1
1790180316600,0
1790180317514,1
1790180317514,0
1790180317831,1
1790180317831,0
1790180317852,1
1790180317889,0
1790180317891,1
1790180317891,0
1790180319033,1
1790180319033,0
1790180319727,1
1790180319728,0
1790180320535,1
1790180320536,0
1790180320564,1
1790180320589,0
1790180320670,0
1790180320670,0
1790180320696,1
1790180320720,0
1790180320732,1
1790180320733,0
1790180320764,1
1790180320765,0
1790180321140,1
1790180321140,0
1790180321390,1
1790180321390,0
1790180321412,1
1790180321435,0
1790180322175,1
1790180322176,0
1790180322203,1
1790180322221,0
1790180322253,1
1790180322265,0
1790180322274,1
1790180322302,2
1790180322307,1
1790180322335,2
1790180322351,1
1790180322351,0
1790180322384,1
1790180322384,0
1790180322502,1
1790180322502,0
1790180323054,1
1790180323054,0
1790180323087,1
1790180323100,0
1790180323110,1
1790180323143,0
1790180323270,1
1790180323270,0
1790180323581,1
1790180323581,0
1790180323610,1
1790180323625,0
1790180323641,1
1790180323666,0
1790180324210,1
1790180324210,0
1790180325149,1
1790180325149,0
1790180325168,1
1790180325194,0
1790180325200,1
1790180325229,2
1790180325234,1
1790180325275,0
1790180325360,1
1790180325360,0
1790180325662,1
1790180325662,0
1790180325675,1
1790180325704,0
1790180325705,1
1790180325744,2
1790180325745,1
1790180325745,0
1790180325769,1
1790180325769,0
1790180326217,1
1790180326217,0
1790180326231,1
1790180326258,0
1790180326272,1
1790180326272,0
1790180326584,1
1790180326584,0
1790180326742,1
1790180326742,0
1790180326780,1
1790180326787,0
1790180326802,1
1790180326839,0
1790180326866,1
1790180326866,0
1790180326893,1
1790180326908,0
1790180326976,1
1790180326976,0
1790180327379,1
1790180327379,0
1790180327411,1
1790180327422,0
1790180327527,1
1790180327528,0
1790180327558,1
1790180327572,0
1790180327580,1
1790180327613,0
1790180327614,1
1790180327614,0
1790180327722,1
1790180327723,0
1790180327750,1
1790180327764,0
1790180327969,1
1790180327969,0
1790180328020,1
1790180328021,0
1790180328050,1
1790180328065,0
1790180328081,1
1790180328106,2
1790180328107,1
1790180328125,2
1790180328152,1
1790180328152,0
1790180328160,1
1790180328161,0
1790180328213,1
1790180328213,0
1790180328243,1
1790180328256,0
1790180328265,1
1790180328306,0
1790180328711,1
1790180328711,0
1790180328770,1
1790180328770,0
1790180328987,1
1790180328987,0
1790180329017,1
1790180329029,0
1790180329108,1
1790180329108,0
1790180329130,1
1790180329151,0
1790180329158,1
1790180329197,0
1790180329202,1
1790180329229,2
1790180329238,1
1790180329238,0
1790180329252,1
1790180329252,0
1790180329284,1
1790180329294,0
1790180329493,1
1790180329493,0
1790180329600,1
1790180329600,0
1790180329921,1
1790180329922,0
1790180329940,1
1790180329961,2
1790180329965,1
1790180329965,0
1790180330102,1
1790180330102,0
1790180330120,1
1790180330145,0
1790180330347,1
1790180330347,0
1790180330371,1
1790180330389,0
1790180330665,1
1790180330665,0
1790180330688,1
1790180330707,0
1790180330727,1
1790180330751,0
1790180330757,1
1790180330757,0
1790180330780,1
1790180330798,0
1790180330807,1
1790180330808,0
1790180330882,1
1790180330882,0
1790180330912,1
1790180330927,0
1790180331646,1
1790180331646,0
1790180332008,1
1790180332008,0
1790180332031,1
1790180332050,0
1790180332066,1
1790180332066,0
1790180332401,1
1790180332401,0
1790180332529,1
1790180332529,0
1790180332936,1
1790180332936,0
1790180332974,1
1790180332978,0
1790180333059,1
1790180333059,0
1790180333172,1
1790180333172,0
1790180334008,1
1790180334008,0
1790180334158,1
1790180334159,0
1790180334180,1
1790180334201,0
1790180334215,1
1790180334252,0
1790180334277,1
1790180334277,0
1790180334306,1
1790180334326,0
1790180334385,0
1790180334385,0
1790180334576,1
1790180334576,0
1790180334606,1
1790180334621,2
1790180334624,1
1790180334665,0
1790180334686,1
1790180334708,0
1790180334717,1
1790180334734,2
1790180334750,1
1790180334767,2
1790180334793,1
1790180334793,0
1790180335047,1
1790180335047,0
1790180335100,1
1790180335101,0
1790180335305,1
1790180335305,0
1790180335432,1
1790180335432,0
1790180335572,1
1790180335572,0
1790180336128,1
1790180336128,0
1790180336393,1
1790180336393,0
1790180336420,1
1790180336438,0
1790180336469,1
1790180336469,0
1790180336498,1
1790180336511,0
1790180337044,1
1790180337044,0
1790180337070,1
1790180337089,0
1790180337105,1
1790180337105,0
1790180337130,1
1790180337148,0
1790180337226,1
1790180337226,0
1790180337569,1
1790180337569,0
1790180337603,1
1790180337615,0
1790180337636,1
1790180337636,0
1790180337664,1
1790180337664,0
1790180337696,1
1790180337713,0
1790180337754,1
1790180337755,0
1790180338028,1
1790180338029,0
1790180338081,1
1790180338081,0
1790180338514,1
1790180338515,0
1790180338538,1
1790180338558,0
1790180338755,1
1790180338755,0
1790180338845,1
1790180338845,0
1790180338877,1
1790180338890,0
1790180339417,1
1790180339417,0
1790180339440,1
1790180339460,0
1790180339472,1
1790180339492,2
1790180339501,1
1790180339546,0
1790180339963,1
1790180339963,0
1790180339998,1
1790180340006,0
1790180340021,1
1790180340045,2
1790180340046,1
1790180340046,0
1790180340362,1
1790180340362,0
1790180340388,1
1790180340415,0
1790180340449,1
1790180340459,0
1790180340476,1
1790180340501,0
1790180340718,1
1790180340718,0
1790180340986,1
1790180340986,0
1790180341015,1
1790180341026,0
1790180341038,1
1790180341069,0
1790180341180,1
1790180341180,0
1790180341190,1
1790180341221,0
1790180341256,1
1790180341266,0
1790180341473,1
1790180341473,0
1790180341502,1
1790180341515,0
1790180341525,1
1790180341559,0
1790180341586,1
1790180341586,0
1790180341615,1
1790180341628,0
1790180341643,1
1790180341643,0
1790180341969,1
1790180341969,0
1790180342029,1
1790180342029,0
1790180342060,1
1790180342071,0
1790180342117,1
1790180342117,0
1790180342144,1
1790180342158,0
1790180342169,1
1790180342169,0
1790180342705,1
1790180342705,0
1790180342735,1
1790180342750,0
1790180342760,1
1790180342792,0
1790180343069,1
1790180343069,0
1790180343089,1
1790180343110,0
1790180343235,1
1790180343235,0
1790180343251,1
1790180343281,2
1790180343297,1
1790180343344,0
1790180343795,1
1790180343795,0
1790180343819,1
1790180343835,0
1790180343847,1
1790180343847,0
1790180344057,1
1790180344057,0
1790180344466,1
1790180344466,0
1790180344493,1
1790180344508,0
1790180344522,1
1790180344522,0
1790180344545,1
1790180344574,0
1790180344871,1
1790180344871,0
1790180344902,1
1790180344914,0
1790180345663,1
1790180345663,0
1790180345993,1
1790180345993,0
1790180346020,1
1790180346048,0
1790180346218,1
1790180346218,0
1790180346278,1
1790180346278,0
1790180346311,1
1790180346333,0
1790180346346,1
1790180346371,2
1790180346373,1
1790180346391,2
1790180346422,3
1790180346424,2
1790180346461,3
1790180346466,2
1790180346520,1
1790180346521,0
1790180346542,1
1790180346562,0
1790180346750,1
1790180346750,0
1790180346767,1
1790180346789,0
1790180347151,1
1790180347151,0
1790180347184,1
1790180347209,0
1790180347216,1
1790180347216,0
1790180347249,1
1790180347249,0
1790180347300,1
1790180347300,0
1790180347388,1
1790180347388,0
1790180347845,1
1790180347845,0
1790180347934,1
1790180347934,0
1790180348074,1
1790180348074,0
1790180348092,1
1790180348127,0
1790180348215,1
1790180348215,0
1790180348244,1
1790180348258,0
1790180348266,1
1790180348293,2
1790180348312,1
1790180348312,0
1790180348346,1
1790180348346,0
1790180348604,1
1790180348604,0
1790180348630,1
1790180348647,0
1790180349008,1
1790180349008,0
1790180349131,1
1790180349131,0
1790180349419,1
1790180349419,0
1790180349499,1
1790180349499,0
1790180349523,1
1790180349540,0
1790180349804,1
1790180349804,0
1790180350012,1
1790180350012,0
1790180350123,1
1790180350123,0
1790180350151,1
1790180350163,0
1790180350183,1
1790180350183,0
1790180350525,1
1790180350525,0
1790180350580,1
1790180350581,0
1790180350600,1
1790180350633,2
1790180350634,1
1790180350634,0
1790180350760,1
1790180350760,0
1790180350799,1
1790180350801,0
1790180350828,1
1790180350852,0
1790180350870,1
1790180350908,0
1790180351052,1
1790180351053,0
1790180351144,1
1790180351144,0
1790180351588,1
1790180351588,0
1790180351816,1
1790180351817,0
1790180351838,1
1790180351872,0
1790180351883,1
1790180351910,2
1790180351916,1
1790180351957,0
1790180352109,1
1790180352109,0
1790180352600,1
1790180352600,0
1790180353150,1
1790180353150,0
1790180353174,1
1790180353192,0
1790180353718,0
1790180353718,0
1790180353793,1
1790180353793,0
1790180353934,1
1790180353934,0
1790180353966,1
1790180353989,0
1790180354360,1
1790180354360,0
1790180354378,1
1790180354406,2
1790180354412,1
1790180354412,0
1790180354556,1
1790180354556,0
1790180354616,1
1790180354616,0
1790180354646,1
1790180354656,0
1790180354676,1
1790180354707,2
1790180354708,1
1790180354708,0
1790180354761,1
1790180354761,0
1790180354823,1
1790180354823,0
1790180354852,1
1790180354863,0
1790180355011,1
1790180355011,0
1790180355039,1
1790180355066,0
1790180355099,1
1790180355099,0
1790180355126,1
1790180355155,0
1790180355281,1
1790180355281,0
1790180355411,1
1790180355411,0
1790180355702,0
1790180355702,0
1790180355729,1
1790180355749,2
1790180355755,1
1790180355769,2
1790180355794,1
1790180355794,0
1790180355928,1
1790180355928,0
1790180356033,1
1790180356033,0
1790180356065,1
1790180356086,0
1790180356094,1
1790180356124,0
1790180356124,1
1790180356187,0
1790180356467,1
1790180356467,0
1790180356610,1
1790180356610,0
1790180356629,1
1790180356666,0
1790180356759,1
1790180356759,0
1790180356787,1
1790180356808,2
1790180356811,1
1790180356835,2
1790180356859,1
1790180356859,0
1790180357192,1
1790180357192,0
1790180357240,1
1790180357240,0
1790180357279,1
1790180357292,0
1790180357309,1
1790180357331,2
1790180357346,1
1790180357358,2
1790180357386,1
1790180357386,0
1790180357572,1
1790180357572,0
1790180357592,1
1790180357611,2
1790180357631,1
1790180357631,0
1790180357642,1
1790180357642,0
1790180357732,1
1790180357732,0
1790180357937,1
1790180357937,0
1790180357966,1
1790180357978,0
1790180358230,1
1790180358230,0
1790180358263,1
1790180358285,0
1790180358766,1
1790180358766,0
1790180358789,1
1790180358812,2
1790180358821,1
1790180358875,0
1790180358987,1
1790180358987,0
1790180359121,1
1790180359121,0
1790180359148,1
1790180359162,0
1790180359178,1
1790180359217,0
1790180359319,1
1790180359320,0
1790180359519,1
1790180359519,0
1790180360371,1
1790180360371,0
1790180360425,1
1790180360425,0
1790180360908,1
1790180360908,0
1790180361193,1
1790180361193,0
1790180361217,1
1790180361246,0
1790180361260,1
1790180361290,2
1790180361291,1
1790180361326,2
1790180361332,1
1790180361332,0
1790180361349,1
1790180361385,0
1790180361486,0
1790180361487,0
1790180361883,1
1790180361883,0
1790180361920,1
1790180361936,0
1790180361939,1
1790180361939,0
1790180361999,1
1790180361999,0
1790180362420,1
1790180362421,0
1790180362445,1
1790180362460,0
1790180362465,1
1790180362515,0
1790180362906,1
1790180362906,0
1790180362933,1
1790180362959,2
1790180362959,1
1790180362987,2
1790180363001,1
1790180363042,2
1790180363055,1
1790180363067,2
1790180363092,3
1790180363107,2
1790180363116,3
1790180363151,4
1790180363151,3
1790180363204,2
1790180363245,1
1790180363245,0
1790180363604,1
1790180363604,0
1790180363633,1
1790180363659,0
1790180363663,1
1790180363693,2
1790180363699,1
1790180363699,0
1790180363779,1
1790180363779,0
1790180363889,1
1790180363889,0
1790180363911,1
1790180363933,2
1790180363947,1
1790180363989,0
1790180364045,1
1790180364045,0
1790180364077,1
1790180364099,2
1790180364099,1
1790180364145,0
1790180364587,0
1790180364588,0
1790180364614,1
1790180364629,0
1790180364668,1
1790180364684,0
1790180364704,1
1790180364723,0
1790180364727,1
1790180364727,0
1790180364752,1
1790180364779,0
1790180364843,1
1790180364843,0
1790180364930,1
1790180364930,0
1790180364952,1
1790180364971,2
1790180364971,1
1790180364990,2
1790180365012,1
1790180365066,0
1790180365107,1
1790180365107,0
1790180365516,1
1790180365516,0
1790180365671,1
1790180365671,0
1790180365702,1
1790180365716,0
1790180365723,1
1790180365723,0
1790180365762,1
1790180365762,0
1790180365871,1
1790180365871,0
1790180365897,1
1790180365911,0
1790180366030,1
1790180366030,0
1790180367509,1
1790180367510,0
1790180367619,1
1790180367619,0
1790180367642,1
1790180367662,0
1790180367679,1
1790180367700,0
1790180367702,1
1790180367702,0
1790180367767,1
1790180367767,0
1790180367801,1
1790180367807,0
1790180367824,1
1790180367845,0
1790180367854,1
1790180367854,0
1790180367884,1
1790180367884,0
1790180368050,1
1790180368050,0
1790180368316,1
1790180368316,0
1790180368461,1
1790180368461,0
1790180368600,1
1790180368601,0
1790180369137,1
1790180369137,0
1790180369357,1
1790180369357,0
1790180369552,1
1790180369552,0
1790180369579,1
1790180369596,0
1790180369669,1
1790180369669,0
1790180369699,1
1790180369709,0
1790180369717,1
1790180369743,2
1790180369751,1
1790180369751,0
1790180370064,1
1790180370064,0
1790180370117,1
1790180370117,0
1790180370138,1
1790180370156,0
1790180370272,1
1790180370273,0
1790180370436,1
1790180370436,0
1790180370465,1
1790180370475,0
1790180370497,1
1790180370497,0
1790180370527,1
1790180370527,0
1790180370904,1
1790180370904,0
1790180371089,1
1790180371089,0
1790180371109,1
1790180371140,0
1790180371439,1
1790180371439,0
1790180371760,1
1790180371760,0
1790180372013,1
1790180372013,0
1790180372038,1
1790180372052,0
1790180372062,1
1790180372090,0
1790180372093,1
1790180372093,0
1790180372122,1
1790180372122,0
1790180372706,1
1790180372706,0
1790180372849,1
1790180372849,0
1790180372870,1
1790180372888,0
1790180372900,1
1790180372900,0
1790180373493,1
1790180373494,0
1790180373521,1
1790180373533,0
1790180373749,1
1790180373750,0
1790180373761,1
1790180373802,0
1790180373830,1
1790180373842,0
1790180373861,1
1790180373880,2
1790180373880,1
1790180373880,0
1790180374030,1
1790180374031,0
1790180374053,1
1790180374069,0
1790180374138,1
1790180374138,0
1790180374340,1
1790180374340,0
1790180374423,1
1790180374423,0
1790180374449,1
1790180374464,0
1790180374483,1
1790180374503,0
1790180374514,1
1790180374514,0
1790180374558,1
1790180374558,0
1790180374585,1
1790180374600,0
1790180374698,1
1790180374698,0
1790180374735,1
1790180374739,0
1790180374757,1
1790180374757,0
1790180374795,1
1790180374795,0
1790180374843,1
1790180374843,0
1790180374987,1
1790180374987,0
1790180375024,1
1790180375028,0
1790180375050,1
1790180375050,0
1790180375240,1
1790180375240,0
1790180375269,1
1790180375279,0
1790180375300,1
1790180375300,0
1790180375329,1
1790180375329,0
1790180375391,1
1790180375391,0
1790180375443,1
1790180375443,0
1790180375480,1
1790180375485,0
1790180376158,1
1790180376158,0
1790180376610,1
1790180376610,0
1790180376637,1
1790180376649,0
1790180376668,1
1790180376668,0
1790180376852,1
1790180376852,0
1790180376878,1
1790180376900,0
1790180376907,1
1790180376907,0
1790180376922,1
1790180376922,0
1790180377002,1
1790180377003,0
1790180377123,1
1790180377124,0
1790180377152,1
1790180377165,0
1790180377182,1
1790180377182,0
1790180377281,1
1790180377281,0
1790180377306,1
1790180377325,0
1790180378603,1
1790180378603,0
1790180379145,1
1790180379145,0
1790180379182,1
1790180379187,0
1790180379212,1
1790180379227,0
1790180379236,1
1790180379236,0
1790180379495,1
1790180379495,0
1790180379932,1
1790180379932,0
1790180379966,1
1790180379973,0
1790180380012,1
1790180380012,0
1790180380524,1
1790180380524,0
1790180380546,1
1790180380566,0
1790180380704,1
1790180380704,0
1790180380764,1
1790180380764,0
1790180380795,1
1790180380806,0
1790180380814,1
1790180380846,0
1790180380874,1
1790180380874,0
1790180380905,1
1790180380912,0
1790180380935,1
1790180380935,0
1790180381362,1
1790180381362,0
1790180381841,1
1790180381842,0
1790180381872,1
1790180381882,0
1790180382028,1
1790180382028,0
1790180382058,1
1790180382068,0
1790180382170,1
1790180382170,0
1790180382211,1
1790180382213,0
1790180382238,1
1790180382238,0
1790180382259,1
1790180382259,0
1790180382340,1
1790180382340,0
1790180382431,1
1790180382431,0
1790180382874,1
1790180382874,0
1790180383913,1
1790180383913,0
1790180384161,1
1790180384161,0
1790180384192,1
1790180384203,0
1790180384498,1
1790180384498,0
1790180384524,1
1790180384543,0
1790180384819,1
1790180384819,0
1790180384848,1
1790180384859,0
1790180384878,1
1790180384878,0
1790180384900,1
1790180384900,0
1790180384930,1
1790180384930,0
1790180384992,1
1790180384992,0
1790180385459,1
1790180385459,0
1790180385816,1
1790180385816,0
1790180386018,1
1790180386018,0
1790180386390,1
1790180386390,0
1790180386426,1
1790180386430,0
1790180386449,1
1790180386471,0
1790180386478,1
1790180386478,0
1790180386509,1
1790180386509,0
1790180386814,1
1790180386814,0
1790180386848,1
1790180386868,0
1790180386874,1
1790180386874,0
1790180386949,1
1790180386949,0
1790180386986,1
1790180386989,0
1790180387010,1
1790180387010,0
1790180387035,1
1790180387035,0
1790180387124,1
1790180387124,0
