1790180398324,1
1790180398328,0
1790180398363,1
1790180398596,0
1790180398824,1
1790180398825,0
1790180399601,1
1790180399602,0
1790180399653,1
1790180399657,0
1790180399713,1
1790180399714,0
1790180400121,1
1790180400121,0
1790180400181,1
1790180400181,0
1790180400367,1
1790180400367,0
1790180401578,1
1790180401579,0
1790180403413,1
1790180403414,0
1790180403473,1
1790180403479,0
1790180403534,1
1790180403534,0
1790180403774,0
1790180403774,0
1790180405266,1
1790180405266,0
1790180405429,1
1790180405429,0
1790180406577,1
1790180406577,0
1790180407212,1
1790180407212,0
1790180407490,1
1790180407490,0
1790180407555,1
1790180407555,0
1790180409104,1
1790180409104,0
1790180409449,1
1790180409449,0
1790180409502,1
1790180409508,0
1790180409551,1
1790180409551,0
1790180410182,1
1790180410185,0
1790180411829,1
1790180411830,0
1790180411882,1
1790180411882,0
1790180413143,1
1790180413144,0
1790180413573,1
1790180413573,0
1790180415260,1
1790180415260,0
1790180415829,1
1790180415830,0
1790180415895,1
1790180415895,0
1790180416471,1
1790180416471,0
1790180416524,1
1790180416535,0
1790180416579,1
1790180416582,0
1790180416629,1
1790180416629,0
1790180416749,1
1790180416749,0
1790180418519,1
1790180418519,0
1790180419272,1
1790180419272,0
1790180419334,1
1790180419334,0
1790180419392,1
1790180419392,0
1790180420314,1
1790180420315,0
1790180422507,1
1790180422507,0
1790180425247,1
1790180425247,0
1790180425648,1
1790180425648,0
1790180428833,1
1790180428834,0
1790180429118,1
1790180429118,0
1790180429169,1
1790180429171,0
1790180429229,1
1790180429229,0
1790180429449,1
1790180429449,0
1790180429866,1
1790180429866,0
1790180430600,1
1790180430600,0
1790180430663,1
1790180430663,0
1790180431226,1
1790180431226,0
1790180433439,1
1790180433439,0
1790180433493,1
1790180433493,0
1790180433674,1
1790180433675,0
1790180433735,1
1790180433736,0
1790180434457,1
1790180434457,0
1790180434939,1
1790180434940,0
1790180434966,1
1790180434967,0
1790180435371,1
1790180435372,0
1790180435440,1
1790180435440,0
1790180435488,1
1790180435488,0
1790180436117,1
1790180436118,0
1790180436174,1
1790180436174,0
1790180437086,1
1790180437086,0
1790180438842,1
1790180438842,0
1790180438896,1
1790180438907,0
1790180438951,1
1790180438951,0
1790180439741,1
1790180439741,0
1790180439801,1
1790180439801,0
1790180440140,1
1790180440140,0
1790180440197,1
1790180440214,0
1790180443195,1
1790180443196,0
1790180443248,1
1790180443249,0
1790180443426,1
1790180443426,0
1790180443477,1
1790180443478,0
1790180443698,1
1790180443698,0
1790180443745,1
1790180443751,0
1790180443813,1
1790180443813,0
1790180443870,1
1790180443870,0
1790180443932,1
1790180443932,0
1790180443987,1
1790180443993,0
1790180444505,1
1790180444506,0
1790180444568,1
1790180444568,0
1790180444619,1
1790180444619,0
1790180444679,1
1790180444679,0
1790180445288,1
1790180445288,0
1790180445567,1
1790180445567,0
1790180445627,1
1790180445627,0
1790180446837,1
1790180446837,0
1790180447192,1
1790180447192,0
1790180447311,1
1790180447311,0
1790180447361,1
1790180447361,0
1790180447417,1
1790180447418,0
1790180447481,1
1790180447482,0
1790180447770,1
1790180447770,0
1790180447815,1
1790180447815,0
1790180448289,1
1790180448289,0
1790180448348,1
1790180448351,0
1790180448466,1
1790180448467,0
1790180448522,1
1790180448522,0
1790180448810,1
1790180448810,0
1790180449026,1
1790180449026,0
1790180449149,1
1790180449149,0
1790180449211,1
1790180449211,0
1790180449260,1
1790180449260,0
1790180449319,1
1790180449319,0
1790180449665,1
1790180449665,0
1790180450239,1
1790180450239,0
1790180450299,1
1790180450299,0
1790180450351,1
1790180450351,0
1790180450533,1
1790180450533,0
1790180450646,1
1790180450646,0
1790180450702,1
1790180450702,0
1790180451639,1
1790180451639,0
1790180452670,1
1790180452672,0
1790180452787,1
1790180452787,0
1790180453256,1
1790180453256,0
1790180453316,1
1790180453317,0
1790180453372,1
1790180453372,0
1790180453778,1
1790180453779,0
1790180453942,1
1790180453942,0
1790180454000,1
1790180454001,0
1790180454590,1
1790180454590,0
1790180454644,1
1790180454645,0
1790180454698,1
1790180454698,0
1790180454751,0
1790180454753,0
1790180455038,0
1790180455038,0
1790180455103,0
1790180455103,0
1790180455157,1
1790180455157,0
1790180455386,1
1790180455386,0
1790180456247,0
1790180456248,0
1790180456482,1
1790180456482,0
1790180456656,1
1790180456656,0
1790180457649,0
1790180457649,0
1790180457705,1
1790180457706,0
1790180457819,1
1790180457820,0
1790180458966,0
1790180458966,0
1790180459600,1
1790180459600,0
1790180459655,1
1790180459655,0
1790180459714,1
1790180459714,0
1790180459771,1
1790180459772,0
1790180460459,1
1790180460459,0
1790180460513,1
1790180460513,0
1790180460577,1
1790180460577,0
1790180461164,1
1790180461164,0
1790180461525,1
1790180461525,0
1790180461981,1
1790180461981,0
1790180462041,1
1790180462041,0
1790180462095,1
1790180462095,0
1790180462565,1
1790180462565,0
1790180462858,1
1790180462858,0
1790180463085,1
1790180463085,0
1790180463319,1
1790180463319,0
1790180463775,1
1790180463775,0
1790180464184,1
1790180464184,0
1790180464241,1
1790180464241,0
1790180464298,1
1790180464298,0
1790180465983,1
1790180465983,0
1790180466035,1
1790180466035,0
1790180466094,1
1790180466094,0
1790180466550,1
1790180466550,0
1790180467124,1
1790180467124,0
1790180467182,1
1790180467182,0
1790180467521,1
1790180467521,0
1790180467578,1
1790180467578,0
1790180468033,1
1790180468033,0
1790180468603,1
1790180468603,0
1790180468657,1
1790180468658,0
1790180468721,1
1790180468721,0
1790180468769,1
1790180468769,0
1790180468842,1
1790180468842,0
1790180469190,1
1790180469190,0
1790180469483,1
1790180469483,0
1790180469543,1
1790180469543,0
1790180469603,1
1790180469603,0
1790180469823,1
1790180469823,0
1790180469954,1
1790180469954,0
1790180470012,1
1790180470012,0
1790180470069,1
1790180470069,0
1790180470129,1
1790180470129,0
1790180470245,1
1790180470245,0
1790180470356,1
1790180470356,0
1790180470425,1
1790180470425,0
1790180470476,1
1790180470476,0
1790180470941,1
1790180470942,0
1790180472212,1
1790180472212,0
1790180472272,1
1790180472272,0
1790180472325,1
1790180472325,0
1790180472374,1
1790180472380,0
1790180472718,1
1790180472718,0
1790180473008,1
1790180473009,0
1790180473067,1
1790180473068,0
1790180473302,1
1790180473302,0
1790180473362,1
1790180473363,0
1790180473415,1
1790180473415,0
1790180473476,1
1790180473476,0
1790180473711,1
1790180473711,0
1790180473767,1
1790180473767,0
1790180474066,1
1790180474066,0
1790180474123,1
1790180474123,0
1790180474183,1
1790180474183,0
1790180474295,1
1790180474295,0
1790180474362,1
1790180474363,0
1790180474415,1
1790180474415,0
1790180474474,1
1790180474474,0
1790180474531,1
1790180474531,0
1790180474799,1
1790180474799,0
1790180474863,1
1790180474863,0
1790180476015,1
1790180476015,0
1790180477345,1
1790180477346,0
1790180478201,1
1790180478201,0
1790180478424,1
1790180478425,0
1790180479011,1
1790180479011,0
1790180479835,1
1790180479835,0
1790180480186,1
1790180480186,0
1790180480240,1
1790180480240,0
1790180480650,1
1790180480650,0
1790180481978,1
1790180481978,0
1790180482028,1
1790180482029,0
1790180482493,1
1790180482493,0
1790180482549,1
1790180482549,0
1790180482904,1
1790180482904,0
1790180482962,1
1790180482962,0
1790180483008,1
1790180483008,0
1790180483987,1
1790180483987,0
1790180484047,1
1790180484047,0
1790180484564,1
1790180484564,0
1790180484847,1
1790180484847,0
1790180484906,1
1790180484906,0
1790180484966,1
1790180484966,0
1790180485184,1
1790180485185,0
1790180485304,1
1790180485304,0
1790180485846,1
1790180485846,0
1790180486299,1
1790180486299,0
1790180486357,1
1790180486357,0
1790180487154,1
1790180487155,0
1790180487752,1
1790180487752,0
1790180488120,1
1790180488120,0
1790180488175,1
1790180488175,0
1790180488235,1
1790180488235,0
1790180488878,1
1790180488878,0
1790180489000,1
1790180489000,0
1790180489653,1
1790180489653,0
1790180489770,1
1790180489770,0
1790180489830,1
1790180489830,0
1790180489879,1
1790180489885,0
1790180489946,1
1790180489946,0
1790180489989,1
1790180489989,0
1790180490112,1
1790180490112,0
1790180490351,1
1790180490351,0
1790180490403,1
1790180490404,0
1790180490463,1
1790180490463,0
1790180491375,1
1790180491375,0
1790180491924,1
1790180491927,0
1790180492502,1
1790180492502,0
1790180492979,1
1790180492979,0
1790180493427,1
1790180493427,0
1790180493655,1
1790180493655,0
1790180493714,1
1790180493714,0
1790180493769,1
1790180493769,0
1790180493826,1
1790180493826,0
1790180494039,1
1790180494039,0
1790180494509,1
1790180494509,0
1790180494566,1
1790180494566,0
1790180494628,1
1790180494628,0
1790180494681,1
1790180494682,0
1790180494967,1
1790180494967,0
1790180495028,1
1790180495028,0
1790180495592,1
1790180495592,0
1790180496061,1
1790180496061,0
1790180496117,1
1790180496117,0
1790180496245,1
1790180496245,0
1790180496358,1
1790180496358,0
1790180496408,1
1790180496408,0
1790180496460,1
1790180496461,0
1790180496520,1
1790180496520,0
1790180496744,1
1790180496744,0
1790180496805,1
1790180496805,0
1790180497372,1
1790180497373,0
1790180498421,1
1790180498421,0
1790180498764,1
1790180498764,0
1790180498939,1
1790180498939,0
1790180498999,1
1790180498999,0
1790180499262,1
1790180499263,0
1790180499447,1
1790180499447,0
1790180500199,1
1790180500199,0
1790180500266,1
1790180500266,0
1790180500319,1
1790180500319,0
1790180500557,1
1790180500557,0
1790180500622,1
1790180500622,0
1790180500680,1
1790180500680,0
1790180500977,1
1790180500977,0
1790180501785,1
1790180501785,0
1790180502125,1
1790180502125,0
1790180502600,1
1790180502600,0
1790180502778,1
1790180502778,0
1790180502939,1
1790180502939,0
1790180503006,1
1790180503006,0
1790180503066,1
1790180503066,0
1790180503241,1
1790180503241,0
1790180503690,1
1790180503690,0
1790180504020,1
1790180504020,0
1790180504080,1
1790180504080,0
1790180504142,1
1790180504143,0
1790180504595,1
1790180504595,0
1790180504640,1
1790180504647,0
1790180504700,1
1790180504700,0
1790180504757,1
1790180504757,0
1790180505099,1
1790180505100,0
1790180505159,1
1790180505159,0
1790180505221,1
1790180505221,0
1790180505694,1
1790180505694,0
1790180505754,1
1790180505754,0
1790180505814,1
1790180505814,0
1790180507130,1
1790180507130,0
1790180507540,1
1790180507540,0
1790180507829,1
1790180507829,0
1790180507892,1
1790180507892,0
1790180507949,1
1790180507949,0
1790180508008,1
1790180508009,0
1790180509249,1
1790180509249,0
1790180509304,1
1790180509304,0
1790180509364,1
1790180509364,0
1790180510098,1
1790180510098,0
1790180510158,1
1790180510158,0
1790180510212,1
1790180510212,0
1790180510331,1
1790180510331,0
1790180510391,1
1790180510391,0
1790180510506,1
1790180510506,0
1790180510558,1
1790180510559,0
1790180510855,1
1790180510855,0
1790180511030,1
1790180511030,0
1790180511078,1
1790180511078,0
1790180511362,1
1790180511362,0
1790180511539,1
1790180511539,0
1790180511655,1
1790180511655,0
1790180512241,1
1790180512241,0
1790180512468,1
1790180512468,0
1790180512528,1
1790180512528,0
1790180512588,1
1790180512588,0
1790180513560,1
1790180513560,0
1790180514886,1
1790180514886,0
1790180515239,1
1790180515239,0
1790180515353,1
1790180515353,0
1790180516452,1
1790180516452,0
1790180516503,1
1790180516508,0
1790180516563,1
1790180516563,0
1790180517553,1
1790180517553,0
1790180517792,1
1790180517792,0
1790180517846,1
1790180517847,0
1790180517909,1
1790180517909,0
1790180518618,1
1790180518618,0
1790180518841,1
1790180518841,0
1790180520804,1
1790180520804,0
1790180520921,1
1790180520921,0
1790180520984,1
1790180520984,0
1790180521290,1
1790180521290,0
1790180522568,1
1790180522568,0
1790180522739,1
1790180522739,0
1790180522797,1
1790180522797,0
1790180522850,1
1790180522850,0
1790180522898,1
1790180522898,0
1790180522955,1
1790180522956,0
1790180523296,1
1790180523296,0
1790180523361,1
1790180523361,0
1790180523416,1
1790180523416,0
1790180524333,1
1790180524333,0
1790180525319,1
1790180525319,0
1790180525373,1
1790180525373,0
1790180525436,1
1790180525436,0
1790180525489,1
1790180525499,0
1790180525539,1
1790180525552,0
1790180525595,1
1790180525595,0
1790180526014,1
1790180526014,0
1790180526073,1
1790180526073,0
1790180526132,1
1790180526132,0
1790180526184,1
1790180526184,0
1790180527015,1
1790180527015,0
1790180527429,1
1790180527429,0
1790180528470,1
1790180528471,0
1790180528637,1
1790180528637,0
1790180528693,1
1790180528693,0
1790180528809,1
1790180528809,0
1790180528860,1
1790180528860,0
1790180528920,1
1790180528920,0
1790180529568,1
1790180529568,0
1790180529684,1
1790180529684,0
1790180529736,1
1790180529737,0
1790180529803,1
1790180529804,0
1790180529855,1
1790180529861,0
1790180530651,1
1790180530651,0
1790180530713,1
1790180530719,0
1790180531793,1
1790180531793,0
1790180531910,1
1790180531910,0
1790180531958,1
1790180531958,0
1790180533108,1
1790180533108,0
1790180533390,1
1790180533391,0
1790180533454,1
1790180533455,0
1790180534085,1
1790180534086,0
1790180534136,1
1790180534139,0
1790180534414,1
1790180534414,0
1790180534478,1
1790180534478,0
1790180534525,1
1790180534525,0
1790180534705,1
1790180534705,0
1790180534758,1
1790180534759,0
1790180534819,1
1790180534819,0
1790180534881,1
1790180534881,0
1790180535009,1
1790180535009,0
1790180535113,1
1790180535113,0
1790180535176,1
1790180535177,0
1790180535229,1
1790180535229,0
1790180535285,1
1790180535285,0
1790180535748,1
1790180535748,0
1790180535804,1
1790180535804,0
1790180536095,1
1790180536095,0
1790180536155,1
1790180536155,0
1790180536852,1
1790180536852,0
1790180537370,1
1790180537370,0
1790180537418,1
1790180537418,0
1790180537882,1
1790180537882,0
1790180537999,1
1790180537999,0
1790180538057,1
1790180538057,0
1790180538114,1
1790180538114,0
1790180538172,1
1790180538172,0
1790180538284,1
1790180538284,0
1790180538343,1
1790180538350,0
1790180539700,1
1790180539700,0
1790180539769,1
1790180539769,0
1790180539826,1
1790180539826,0
1790180540520,1
1790180540520,0
1790180542151,1
1790180542151,0
1790180542210,1
1790180542211,0
1790180542259,1
1790180542260,0
1790180542827,1
1790180542827,0
1790180542885,1
1790180542885,0
1790180543011,1
1790180543011,0
1790180543066,1
1790180543066,0
1790180543120,1
1790180543120,0
1790180543236,1
1790180543236,0
1790180543292,1
1790180543292,0
1790180543768,1
1790180543768,0
1790180544287,1
1790180544287,0
1790180544582,1
1790180544582,0
1790180545544,1
1790180545544,0
1790180545652,1
1790180545652,0
1790180545938,1
1790180545938,0
1790180545998,1
1790180546003,0
1790180546058,1
1790180546058,0
1790180547330,1
1790180547331,0
1790180547396,1
1790180547396,0
1790180547447,1
1790180547447,0
1790180547516,1
1790180547516,0
1790180547567,1
1790180547567,0
1790180548827,1
1790180548828,0
1790180549290,1
1790180549290,0
1790180549514,1
1790180549514,0
1790180549807,1
1790180549807,0
1790180549858,1
1790180549858,0
1790180550326,1
1790180550326,0
1790180550427,1
1790180550427,0
1790180551117,1
1790180551118,0
1790180551742,1
1790180551742,0
1790180551799,1
1790180551799,0
1790180551855,1
1790180551855,0
1790180551915,1
1790180551915,0
1790180552625,1
1790180552625,0
1790180552848,1
1790180552848,0
1790180552906,1
1790180552906,0
1790180552965,1
1790180552965,0
1790180553201,1
1790180553202,0
1790180553363,1
1790180553363,0
1790180553423,1
1790180553423,0
1790180553469,1
1790180553469,0
1790180554118,1
1790180554118,0
1790180554346,1
1790180554346,0
1790180554869,1
1790180554869,0
1790180554929,1
1790180554929,0
1790180555213,1
1790180555213,0
1790180556633,1
1790180556633,0
1790180556678,1
1790180556679,0
1790180556734,1
1790180556734,0
1790180556902,1
1790180556902,0
1790180557133,1
1790180557133,0
1790180558016,1
1790180558016,0
1790180558480,1
1790180558480,0
1790180559062,1
1790180559062,0
1790180559589,1
1790180559589,0
1790180559938,1
1790180559938,0
1790180559987,1
1790180559987,0
1790180560056,1
1790180560056,0
1790180560235,1
1790180560235,0
1790180560510,1
1790180560510,0
1790180560570,1
1790180560570,0
1790180560628,1
1790180560629,0
1790180561027,1
1790180561027,0
1790180561082,1
1790180561082,0
1790180561151,1
1790180561151,0
1790180561272,1
1790180561272,0
1790180561320,1
1790180561336,0
1790180561785,1
1790180561785,0
1790180561947,1
1790180561947,0
1790180562521,1
1790180562521,0
1790180562570,1
1790180562570,0
1790180562690,1
1790180562690,0
1790180562748,1
1790180562748,0
1790180562801,1
1790180562801,0
1790180563031,1
1790180563031,0
1790180563088,1
1790180563088,0
1790180563793,1
1790180563793,0
1790180563844,1
1790180563844,0
1790180563908,1
1790180563908,0
1790180564313,1
1790180564313,0
1790180564370,1
1790180564370,0
1790180564424,1
1790180564424,0
1790180564837,1
1790180564837,0
1790180565362,1
1790180565362,0
1790180565418,1
1790180565419,0
1790180565478,1
1790180565478,0
1790180565531,1
1790180565531,0
1790180565779,1
1790180565779,0
1790180565950,1
1790180565950,0
1790180566010,1
1790180566010,0
1790180566070,1
1790180566070,0
1790180566139,1
1790180566139,0
1790180566477,1
1790180566477,0
1790180566817,1
1790180566817,0
1790180567628,1
1790180567628,0
1790180567688,1
1790180567688,0
1790180567735,1
1790180567735,0
1790180568196,1
1790180568196,0
1790180568251,1
1790180568251,0
1790180568296,1
1790180568296,0
1790180568356,1
1790180568356,0
1790180568417,1
1790180568417,0
1790180568473,1
1790180568473,0
1790180568586,1
1790180568586,0
1790180568946,1
1790180568946,0
1790180568996,1
1790180569014,0
1790180569296,1
1790180569296,0
1790180569344,1
1790180569344,0
1790180569404,1
1790180569404,0
1790180569460,1
1790180569460,0
1790180569633,1
1790180569633,0
1790180570109,1
1790180570109,0
1790180570809,1
1790180570809,0
1790180571152,1
1790180571153,0
1790180571673,1
1790180571674,0
1790180571730,1
1790180571737,0
1790180571789,1
1790180571789,0
1790180572264,1
1790180572265,0
1790180572433,1
1790180572433,0
1790180572490,1
1790180572490,0
1790180572962,1
1790180572962,0
1790180573019,1
1790180573019,0
1790180573079,1
1790180573079,0
1790180573140,1
1790180573140,0
1790180573198,1
1790180573198,0
1790180573258,1
1790180573258,0
1790180573379,1
1790180573379,0
1790180573548,1
1790180573548,0
1790180573605,1
1790180573605,0
1790180574803,1
1790180574803,0
1790180574861,1
1790180574861,0
1790180574914,1
1790180574914,0
1790180575195,1
1790180575195,0
1790180575818,1
1790180575818,0
1790180576384,1
1790180576384,0
1790180576443,1
1790180576443,0
1790180576503,1
1790180576503,0
1790180576970,1
1790180576971,0
1790180577023,1
1790180577023,0
1790180577083,1
1790180577083,0
1790180577417,1
1790180577417,0
1790180577470,1
1790180577470,0
1790180577535,1
1790180577535,0
1790180577595,1
1790180577595,0
1790180578277,1
1790180578278,0
1790180578333,1
1790180578333,0
1790180579087,1
1790180579087,0
1790180579549,1
1790180579549,0
1790180580167,1
1790180580167,0
1790180580236,1
1790180580236,0
1790180580296,1
1790180580296,0
1790180580356,1
1790180580356,0
