1790180299164,1
1790180299169,1
1790180299169,1
1790180299397,2
1790180299435,1
1790180299435,0
1790180299686,1
1790180299686,0
1790180299705,1
1790180299757,2
1790180299764,1
1790180299764,0
1790180299779,1
1790180299809,2
1790180299816,1
1790180299816,0
1790180299992,1
1790180299992,0
1790180300014,1
1790180300045,2
1790180300072,1
1790180300072,0
1790180300075,1
1790180300075,0
1790180300108,1
1790180300108,0
1790180300688,1
1790180300689,0
1790180301602,1
1790180301602,0
1790180301632,1
1790180301659,0
1790180301671,1
1790180301671,0
1790180301705,1
1790180301705,0
1790180301778,1
1790180301778,0
1790180301897,1
1790180301897,0
1790180301911,1
1790180301939,2
1790180301944,1
1790180301944,0
1790180302503,1
1790180302503,0
1790180302580,1
1790180302580,0
1790180303120,1
1790180303120,0
1790180304240,1
1790180304240,0
1790180304257,1
1790180304283,2
1790180304300,1
1790180304300,0
1790180304311,1
1790180304311,0
1790180304343,1
1790180304343,0
1790180304512,1
1790180304512,0
1790180304545,1
1790180304564,0
1790180304575,1
1790180304575,0
1790180304876,1
1790180304876,0
1790180305705,1
1790180305705,0
1790180305741,1
1790180305750,0
1790180305813,1
1790180305813,0
1790180305979,1
1790180305979,0
1790180306009,1
1790180306037,0
1790180306050,1
1790180306086,0
1790180306308,1
1790180306308,0
1790180306510,1
1790180306510,0
1790180307324,1
1790180307325,0
1790180307540,1
1790180307540,0
1790180307931,1
1790180307931,0
1790180308967,1
1790180308967,0
1790180309366,1
1790180309367,0
1790180309371,1
1790180309381,2
1790180309415,1
1790180309415,0
1790180309818,1
1790180309818,0
1790180310889,1
1790180310889,0
1790180312228,1
1790180312228,0
1790180312419,1
1790180312419,0
1790180313266,1
1790180313266,0
1790180313988,1
1790180313988,0
1790180314172,1
1790180314172,0
1790180314284,1
1790180314284,0
1790180314483,1
1790180314483,0
1790180314859,1
1790180314859,0
1790180314880,1
1790180314880,0
1790180315170,1
1790180315171,0
1790180315564,1
1790180315564,0
1790180316240,1
1790180316241,0
1790180316266,1
1790180316266,0
1790180316291,1
1790180316292,0
1790180316343,1
1790180316343,0
1790180316370,1
1790180316370,0
1790180316928,1
1790180316928,0
1790180316977,1
1790180316977,0
1790180317170,1
1790180317170,0
1790180317202,1
1790180317222,0
1790180317232,1
1790180317232,0
1790180318010,1
1790180318010,0
1790180318881,1
1790180318881,0
1790180318908,1
1790180318908,0
1790180318924,1
1790180318924,0
1790180319347,1
1790180319348,0
1790180319474,1
1790180319474,0
1790180319503,1
1790180319527,0
1790180320871,1
1790180320871,0
1790180320900,1
1790180320900,0
1790180320939,1
1790180320939,0
1790180320972,1
1790180320972,0
1790180321003,1
1790180321003,0
1790180321222,1
1790180321222,0
1790180321237,1
1790180321263,2
1790180321278,1
1790180321288,2
1790180321317,3
1790180321328,2
1790180321328,1
1790180321328,0
1790180321346,1
1790180321375,0
1790180321579,1
1790180321579,0
1790180321602,1
1790180321625,0
1790180321629,1
1790180321659,2
1790180321672,1
1790180321718,0
1790180321969,1
1790180321969,0
1790180322112,1
1790180322113,0
1790180322137,1
1790180322159,0
1790180322724,1
1790180322724,0
1790180322890,1
1790180322890,0
1790180322939,1
1790180322940,0
1790180322961,1
1790180322988,0
1790180322993,1
1790180323021,2
1790180323033,1
1790180323078,0
1790180323157,1
1790180323157,0
1790180323199,1
1790180323202,0
1790180323417,1
1790180323417,0
1790180323437,1
1790180323463,0
1790180323493,1
1790180323513,0
1790180323524,1
1790180323558,0
1790180323670,1
1790180323670,0
1790180323787,1
1790180323787,0
1790180323830,1
1790180323836,0
1790180323868,1
1790180323882,0
1790180323891,1
1790180323891,0
1790180323926,1
1790180323926,0
1790180324096,1
1790180324097,0
1790180324368,1
1790180324368,0
1790180324394,1
1790180324417,0
1790180324434,1
1790180324462,0
1790180324470,1
1790180324470,0
1790180324510,1
1790180324510,0
1790180324561,1
1790180324561,0
1790180324592,1
1790180324610,0
1790180325029,1
1790180325029,0
1790180325523,1
1790180325523,0
1790180325585,1
1790180325585,0
1790180325796,1
1790180325797,0
1790180325823,1
1790180325834,2
1790180325843,1
1790180325890,0
1790180326047,1
1790180326048,0
1790180326129,1
1790180326129,0
1790180326157,1
1790180326175,0
1790180326441,1
1790180326441,0
1790180326470,1
1790180326487,0
1790180326492,1
1790180326522,2
1790180326534,1
1790180326535,0
1790180326561,1
1790180326580,0
1790180326672,1
1790180326673,0
1790180326689,1
1790180326718,0
1790180326719,1
1790180326768,0
1790180326839,1
1790180326840,0
1790180327235,1
1790180327235,0
1790180327352,1
1790180327352,0
1790180327439,1
1790180327440,0
1790180327926,1
1790180327926,0
1790180327940,1
1790180327973,0
1790180327987,1
1790180328023,0
1790180328562,1
1790180328563,0
1790180328867,1
1790180328867,0
1790180328898,1
1790180328915,0
1790180328928,1
1790180328928,0
1790180328957,1
1790180328976,0
1790180329301,1
1790180329301,0
1790180329330,1
1790180329347,0
1790180329353,1
1790180329396,0
1790180329631,1
1790180329631,0
1790180329776,1
1790180329776,0
1790180330000,1
1790180330001,0
1790180330021,1
1790180330043,2
1790180330048,1
1790180330094,0
1790180330261,1
1790180330261,0
1790180330406,1
1790180330406,0
1790180330523,1
1790180330523,0
1790180330634,1
1790180330634,0
1790180330865,1
1790180330865,0
1790180331040,1
1790180331040,0
1790180331059,1
1790180331086,0
1790180331086,1
1790180331130,0
1790180331893,1
1790180331893,0
1790180331916,1
1790180331941,0
1790180331946,1
1790180331987,0
1790180332186,1
1790180332186,0
1790180332461,1
1790180332461,0
1790180332492,1
1790180332507,0
1790180332669,1
1790180332670,0
1790180332702,1
1790180332719,0
1790180332923,1
1790180332923,0
1790180333195,1
1790180333195,0
1790180333225,1
1790180333240,0
1790180333255,1
1790180333255,0
1790180333290,1
1790180333308,0
1790180333317,1
1790180333354,0
1790180333477,1
1790180333477,0
1790180333622,1
1790180333622,0
1790180333636,1
1790180333667,0
1790180333671,1
1790180333714,0
1790180333787,1
1790180333787,0
1790180333848,1
1790180333848,0
1790180333875,1
1790180333895,0
1790180333905,1
1790180333935,2
1790180333939,1
1790180333939,0
1790180333955,1
1790180333983,0
1790180333991,1
1790180333992,0
1790180334039,1
1790180334041,0
1790180334068,1
1790180334087,0
1790180334094,1
1790180334131,0
1790180334328,1
1790180334328,0
1790180334925,1
1790180334926,0
1790180334949,1
1790180334971,0
1790180334985,1
1790180334985,0
1790180335016,1
1790180335030,0
1790180335192,1
1790180335192,0
1790180335326,1
1790180335326,0
1790180335352,1
1790180335373,0
1790180335463,1
1790180335463,0
1790180335493,1
1790180335508,0
1790180335516,1
1790180335553,2
1790180335555,1
1790180335555,0
1790180335653,1
1790180335653,0
1790180335675,1
1790180335700,0
1790180335812,1
1790180335812,0
1790180335841,1
1790180335858,0
1790180335870,1
1790180335908,0
1790180335930,1
1790180335930,0
1790180335952,1
1790180335974,0
1790180335976,1
1790180336013,2
1790180336019,1
1790180336036,2
1790180336062,3
1790180336064,2
1790180336112,1
1790180336112,0
1790180336184,1
1790180336184,0
1790180336213,1
1790180336228,0
1790180336776,1
1790180336776,0
1790180337416,1
1790180337417,0
1790180337836,1
1790180337836,0
1790180337946,1
1790180337946,0
1790180338231,1
1790180338231,0
1790180338621,1
1790180338621,0
1790180338793,1
1790180338793,0
1790180338819,1
1790180338838,0
1790180339019,1
1790180339019,0
1790180339650,1
1790180339651,0
1790180339679,1
1790180339695,0
1790180339909,1
1790180339909,0
1790180339938,1
1790180339954,0
1790180340110,1
1790180340110,0
1790180340140,1
1790180340154,0
1790180340171,1
1790180340198,0
1790180340650,1
1790180340650,0
1790180340687,1
1790180340697,0
1790180340933,1
1790180340933,0
1790180341064,1
1790180341064,0
1790180341091,1
1790180341110,2
1790180341114,1
1790180341114,0
1790180341231,1
1790180341231,0
1790180341288,1
1790180341288,0
1790180341559,1
1790180341559,0
1790180341779,1
1790180341779,0
1790180341809,1
1790180341827,0
1790180342195,1
1790180342195,0
1790180342468,1
1790180342468,0
1790180342625,1
1790180342625,0
1790180342652,1
1790180342670,0
1790180342677,1
1790180342715,0
1790180342987,1
1790180342987,0
1790180343047,1
1790180343047,0
1790180343330,1
1790180343330,0
1790180343385,1
1790180343411,0
1790180343415,1
1790180343446,2
1790180343460,1
1790180343467,2
1790180343505,3
1790180343520,2
1790180343521,1
1790180343521,0
1790180343553,1
1790180343578,0
1790180343672,1
1790180343673,0
1790180343702,1
1790180343727,0
1790180343731,1
1790180343731,0
1790180344175,1
1790180344175,0
1790180344444,1
1790180344444,0
1790180344731,1
1790180344731,0
1790180344949,1
1790180344949,0
1790180345181,1
1790180345181,0
1790180345293,1
1790180345293,0
1790180345321,1
1790180345349,0
1790180345351,1
1790180345373,2
1790180345397,1
1790180345397,0
1790180345486,1
1790180345486,0
1790180345715,1
1790180345715,0
1790180345746,1
1790180345771,2
1790180345771,1
1790180345805,2
1790180345815,1
1790180345871,0
1790180345940,1
1790180345940,0
1790180345960,1
1790180345986,0
1790180346256,1
1790180346257,0
1790180346482,1
1790180346482,0
1790180346507,1
1790180346528,0
1790180346568,1
1790180346585,0
1790180346630,1
1790180346643,0
1790180346657,1
1790180346686,2
1790180346689,1
1790180346715,2
1790180346743,1
1790180346743,0
1790180346830,1
1790180346830,0
1790180346846,1
1790180346888,0
1790180347124,1
1790180347124,0
1790180347620,1
1790180347620,0
1790180347791,1
1790180347791,0
1790180347875,1
1790180347875,0
1790180347903,1
1790180347918,0
1790180348043,1
1790180348043,0
1790180348125,1
1790180348125,0
1790180348489,1
1790180348489,0
1790180348517,1
1790180348538,0
1790180348550,1
1790180348550,0
1790180348667,1
1790180348667,0
1790180348690,1
1790180348712,0
1790180348721,1
1790180348768,0
1790180348873,1
1790180348873,0
1790180349280,1
1790180349280,0
1790180349450,1
1790180349450,0
1790180349668,1
1790180349668,0
1790180349750,1
1790180349750,0
1790180349827,1
1790180349827,0
1790180349860,1
1790180349875,0
1790180349893,1
1790180349893,0
1790180349920,1
1790180349920,0
1790180349977,1
1790180349977,0
1790180350212,1
1790180350212,0
1790180350382,1
1790180350383,0
1790180350411,1
1790180350428,0
1790180350444,1
1790180350471,2
1790180350485,1
1790180350485,0
1790180350661,1
1790180350661,0
1790180350688,1
1790180350717,2
1790180350717,1
1790180350717,0
1790180350739,1
1790180350739,0
1790180350904,1
1790180350904,0
1790180350934,1
1790180350959,0
1790180350964,1
1790180350964,0
1790180350987,1
1790180350987,0
1790180351169,1
1790180351169,0
1790180351201,1
1790180351227,0
1790180351231,1
1790180351231,0
1790180351850,1
1790180351850,0
1790180352049,1
1790180352049,0
1790180352190,1
1790180352190,0
1790180352216,1
1790180352234,0
1790180352245,1
1790180352275,2
1790180352277,1
1790180352277,0
1790180352860,1
1790180352860,0
1790180352893,1
1790180352917,0
1790180352920,1
1790180352962,0
1790180353288,1
1790180353288,0
1790180353317,1
1790180353345,2
1790180353346,1
1790180353346,0
1790180353394,1
1790180353394,0
1790180353427,1
1790180353442,0
1790180353484,1
1790180353484,0
1790180353514,1
1790180353541,0
1790180353658,1
1790180353658,0
1790180353747,1
1790180353747,0
1790180353767,1
1790180353791,0
1790180353911,1
1790180353912,0
1790180353995,1
1790180353995,0
1790180354047,1
1790180354049,0
1790180354333,1
1790180354333,0
1790180354439,1
1790180354439,0
1790180354466,1
1790180354496,2
1790180354497,1
1790180354555,0
1790180354988,1
1790180354988,0
1790180355640,1
1790180355641,0
1790180355796,1
1790180355796,0
1790180355854,1
1790180355855,0
1790180356386,1
1790180356386,0
1790180356412,1
1790180356435,2
1790180356442,1
1790180356485,0
1790180356915,1
1790180356915,0
1790180357034,1
1790180357034,0
1790180357063,1
1790180357087,2
1790180357089,1
1790180357089,0
1790180357420,1
1790180357420,0
1790180357541,1
1790180357541,0
1790180358455,1
1790180358455,0
1790180358505,1
1790180358505,0
1790180358544,1
1790180358551,0
1790180358689,1
1790180358689,0
1790180359290,1
1790180359291,0
1790180359367,1
1790180359367,0
1790180359403,1
1790180359413,0
1790180359430,1
1790180359454,2
1790180359468,1
1790180359468,0
1790180359490,1
1790180359490,0
1790180359651,1
1790180359652,0
1790180359688,1
1790180359697,0
1790180359718,1
1790180359753,0
1790180360185,1
1790180360185,0
1790180360654,1
1790180360654,0
1790180360685,1
1790180360700,0
1790180360715,1
1790180360715,0
1790180360733,1
1790180360759,2
1790180360771,1
1790180360798,2
1790180360826,1
1790180360826,0
1790180360990,1
1790180360990,0
1790180361023,1
1790180361035,0
1790180361052,1
1790180361079,2
1790180361090,1
1790180361090,0
1790180361460,1
1790180361460,0
1790180361648,1
1790180361649,0
1790180362132,1
1790180362132,0
1790180362226,1
1790180362226,0
1790180362248,1
1790180362281,0
1790180362313,1
1790180362313,0
1790180362331,1
1790180362361,0
1790180362369,1
1790180362418,0
1790180362661,1
1790180362661,0
1790180362718,1
1790180362718,0
1790180362748,1
1790180362771,2
1790180362774,1
1790180362801,2
1790180362819,1
1790180362876,0
1790180363176,1
1790180363176,0
1790180363213,1
1790180363236,0
1790180363753,1
1790180363754,0
1790180363809,1
1790180363811,0
1790180363833,1
1790180363859,0
1790180364385,1
1790180364386,0
1790180364535,1
1790180364535,0
1790180364565,1
1790180364579,0
1790180364873,1
1790180364873,0
1790180364903,1
1790180364931,0
1790180365015,1
1790180365015,0
1790180365043,1
1790180365072,0
1790180365081,1
1790180365115,0
1790180365154,1
1790180365154,0
1790180365174,1
1790180365206,2
1790180365208,1
1790180365226,2
1790180365247,3
1790180365265,2
1790180365286,3
1790180365308,2
1790180365308,1
1790180365308,0
1790180365336,1
1790180365360,2
1790180365368,1
1790180365383,2
1790180365410,3
1790180365416,2
1790180365461,1
1790180365461,0
1790180365620,1
1790180365621,0
1790180365641,1
1790180365668,0
1790180365787,1
1790180365787,0
1790180365805,1
1790180365838,0
1790180366154,1
1790180366154,0
1790180366424,1
1790180366425,0
1790180366438,1
1790180366468,0
1790180366661,1
1790180366661,0
1790180366702,1
1790180366706,0
1790180366735,1
1790180366754,0
1790180366771,1
1790180366796,0
1790180366798,1
1790180366798,0
1790180366827,1
1790180366827,0
1790180366844,1
1790180366844,0
1790180366861,1
1790180366889,0
1790180367540,1
1790180367540,0
1790180367564,1
1790180367587,0
1790180367589,1
1790180367590,0
1790180367945,1
1790180367946,0
1790180368742,1
1790180368742,0
1790180368763,1
1790180368784,0
1790180368788,1
1790180368788,0
1790180369069,1
1790180369069,0
1790180369098,1
1790180369112,0
1790180369166,1
1790180369166,0
1790180369180,1
1790180369210,0
1790180369212,1
1790180369212,0
1790180369267,1
1790180369267,0
1790180369297,1
1790180369311,0
1790180369518,1
1790180369519,0
1790180369774,1
1790180369774,0
1790180369900,1
1790180369900,0
1790180370345,1
1790180370345,0
1790180370409,1
1790180370409,0
1790180370548,1
1790180370548,0
1790180370581,1
1790180370605,0
1790180370606,1
1790180370648,0
1790180371223,1
1790180371223,0
1790180371243,1
1790180371262,2
1790180371268,1
1790180371300,2
1790180371310,1
1790180371310,0
1790180371319,1
1790180371319,0
1790180371961,1
1790180371961,0
1790180372180,1
1790180372180,0
1790180372297,1
1790180372298,0
1790180372424,1
1790180372424,0
1790180372454,1
1790180372472,0
1790180372679,1
1790180372679,0
1790180372733,1
1790180372733,0
1790180373068,1
1790180373069,0
1790180373376,1
1790180373376,0
1790180373414,1
1790180373421,0
1790180373438,1
1790180373439,0
1790180373463,1
1790180373463,0
1790180373802,1
1790180373802,0
1790180373921,1
1790180373921,0
1790180373934,1
1790180373967,0
1790180373971,1
1790180373971,0
1790180374090,1
1790180374090,0
1790180374171,1
1790180374172,0
1790180374201,1
1790180374215,0
1790180374220,1
1790180374220,0
1790180374249,1
1790180374249,0
1790180374536,1
1790180374536,0
1790180374645,1
1790180374645,0
1790180374902,1
1790180374902,0
1790180374925,1
1790180374946,0
1790180375076,1
1790180375076,0
1790180375790,1
1790180375790,0
1790180375821,1
1790180375837,0
1790180375851,1
1790180375851,0
1790180375881,1
1790180375881,0
1790180375937,1
1790180375937,0
1790180376043,1
1790180376043,0
1790180376464,1
1790180376464,0
1790180376693,1
1790180376693,0
1790180376950,1
1790180376950,0
1790180377209,1
1790180377210,0
1790180377370,1
1790180377370,0
1790180377396,1
1790180377416,0
1790180377426,1
1790180377426,0
1790180377456,1
1790180377456,0
1790180377509,1
1790180377509,0
1790180377658,1
1790180377658,0
1790180377688,1
1790180377700,0
1790180377719,1
1790180377719,0
1790180377921,1
1790180377921,0
1790180377952,1
1790180377970,0
1790180377980,1
1790180377980,0
1790180378008,1
1790180378008,0
1790180378035,1
1790180378035,0
1790180378065,1
1790180378088,0
1790180378291,1
1790180378291,0
1790180378369,1
1790180378369,0
1790180378656,1
1790180378656,0
1790180378686,1
1790180378699,0
1790180378742,1
1790180378742,0
1790180378771,1
1790180378784,0
1790180378798,1
1790180378798,0
1790180378903,1
1790180378903,0
1790180378934,1
1790180378950,0
1790180379266,1
1790180379266,0
1790180379288,1
1790180379308,0
1790180379320,1
1790180379320,0
1790180379522,1
1790180379523,0
1790180379555,1
1790180379566,0
1790180379582,1
1790180379582,0
1790180379615,1
1790180379615,0
1790180379784,1
1790180379784,0
1790180380050,1
1790180380050,0
1790180380071,1
1790180380087,2
1790180380092,1
1790180380123,2
1790180380134,1
1790180380134,0
1790180380152,1
1790180380152,0
1790180380243,1
1790180380243,0
1790180380322,1
1790180380322,0
1790180380352,1
1790180380366,0
1790180380378,1
1790180380408,0
1790180380410,1
1790180380410,0
1790180380573,1
1790180380573,0
1790180380735,1
1790180380735,0
1790180381125,1
1790180381125,0
1790180381143,1
1790180381169,0
1790180381174,1
1790180381174,0
1790180381204,1
1790180381204,0
1790180381393,1
1790180381393,0
1790180381418,1
1790180381435,0
1790180381438,1
1790180381438,0
1790180381463,1
1790180381463,0
1790180381498,1
1790180381514,0
1790180381529,1
1790180381557,0
1790180381589,1
1790180381589,0
1790180381760,1
1790180381760,0
1790180381787,1
1790180381811,0
1790180381926,1
1790180381926,0
1790180381955,1
1790180381969,0
1790180381985,1
1790180381985,0
1790180382006,1
1790180382006,0
1790180382089,1
1790180382089,0
1790180382310,1
1790180382310,0
1790180382670,1
1790180382670,0
1790180382830,1
1790180382831,0
1790180383059,1
1790180383059,0
1790180383079,1
1790180383108,0
1790180383117,1
1790180383151,0
1790180383336,1
1790180383336,0
1790180383427,1
1790180383427,0
1790180383449,1
1790180383474,0
1790180383686,1
1790180383686,0
1790180383711,1
1790180383729,0
1790180383744,1
1790180383767,2
1790180383774,1
1790180383792,2
1790180383815,1
1790180383833,2
1790180383857,3
1790180383861,2
1790180383861,1
1790180383861,0
1790180383883,1
1790180383883,0
1790180383969,1
1790180383969,0
1790180383996,1
1790180384012,0
1790180384579,1
1790180384579,0
1790180384597,1
1790180384627,0
1790180384628,1
1790180384628,0
1790180384763,1
1790180384763,0
1790180385072,1
1790180385072,0
1790180385352,1
1790180385352,0
1790180385381,1
1790180385394,0
1790180385399,1
1790180385399,0
1790180385431,1
1790180385431,0
1790180385636,1
1790180385636,0
1790180385669,1
1790180385683,0
1790180385696,1
1790180385696,0
1790180385870,1
1790180385870,0
1790180385900,1
1790180385913,0
1790180385930,1
1790180385955,0
1790180385957,1
1790180385958,0
1790180385990,1
1790180385990,0
1790180386283,1
1790180386283,0
1790180386315,1
1790180386331,0
1790180386687,1
1790180386687,0
1790180386904,1
1790180386905,0
1790180387214,1
1790180387215,0
1790180387243,1
1790180387257,0
1790180387259,1
1790180387293,2
1790180387304,1
1790180387304,0
