1790180591709,1
1790180591714,0
1790180592076,1
1790180592077,0
1790180592163,1
1790180592168,0
1790180592396,1
1790180592396,0
1790180592480,1
1790180592481,0
1790180593255,1
1790180593255,0
1790180593946,1
1790180593946,0
1790180593972,1
1790180593994,2
1790180594032,1
1790180594032,0
1790180596050,1
1790180596051,0
1790180596141,1
1790180596141,0
1790180596600,1
1790180596600,0
1790180596789,0
1790180596789,0
1790180596811,1
1790180596840,0
1790180597089,1
1790180597089,0
1790180597567,1
1790180597567,0
1790180597599,1
1790180597640,0
1790180597809,1
1790180597809,0
1790180598773,1
1790180598773,0
1790180598798,1
1790180598823,2
1790180598826,1
1790180598826,0
1790180599808,1
1790180599809,0
1790180600500,1
1790180600500,0
1790180600529,1
1790180600529,0
1790180601137,1
1790180601137,0
1790180601651,1
1790180601652,0
1790180601681,1
1790180601701,0
1790180602723,1
1790180602723,0
1790180603768,1
1790180603768,0
1790180603798,1
1790180603830,0
1790180604204,1
1790180604204,0
1790180604243,1
1790180604243,0
1790180604270,1
1790180604270,0
1790180604294,0
1790180604295,0
1790180605271,1
1790180605271,0
1790180605306,1
1790180605323,0
1790180606307,1
1790180606307,0
1790180606446,1
1790180606447,0
1790180606707,1
1790180606707,0
1790180607450,1
1790180607450,0
1790180607975,1
1790180607976,0
1790180608569,1
1790180608569,0
1790180608587,1
1790180608616,2
1790180608627,1
1790180608627,0
1790180608659,1
1790180608659,0
1790180609054,1
1790180609054,0
1790180610307,1
1790180610307,0
1790180610466,1
1790180610466,0
1790180610495,1
1790180610496,0
1790180610522,1
1790180610522,0
1790180610724,1
1790180610724,0
1790180610744,1
1790180610770,2
1790180610776,1
1790180610776,0
1790180610799,1
1790180610799,0
1790180611375,1
1790180611375,0
1790180611415,1
1790180611447,0
1790180612408,1
1790180612409,0
1790180613679,1
1790180613679,0
1790180613705,1
1790180613732,0
1790180613735,1
1790180613735,0
1790180613759,1
1790180613759,0
1790180613929,1
1790180613929,0
1790180613957,1
1790180613978,0
1790180613981,1
1790180613982,0
1790180614012,1
1790180614012,0
1790180614048,1
1790180614059,0
1790180614107,1
1790180614108,0
1790180614212,1
1790180614212,0
1790180614233,1
1790180614253,2
1790180614256,1
1790180614256,0
1790180614281,1
1790180614299,0
1790180615133,1
1790180615133,0
1790180615410,1
1790180615410,0
1790180615491,1
1790180615491,0
1790180615518,1
1790180615538,0
1790180615548,1
1790180615579,2
1790180615582,1
1790180615582,0
1790180615957,1
1790180615958,0
1790180616174,1
1790180616174,0
1790180616206,1
1790180616221,0
1790180616526,1
1790180616526,0
1790180616684,1
1790180616684,0
1790180617216,1
1790180617216,0
1790180617296,1
1790180617296,0
1790180617320,1
1790180617340,0
1790180617526,1
1790180617527,0
1790180617802,1
1790180617802,0
1790180617832,1
1790180617845,0
1790180618282,1
1790180618282,0
1790180618311,1
1790180618325,0
1790180618515,1
1790180618515,0
1790180619130,1
1790180619130,0
1790180619160,1
1790180619173,0
1790180619210,1
1790180619220,0
1790180619230,1
1790180619263,2
1790180619266,1
1790180619267,0
1790180619275,1
1790180619310,0
1790180619718,1
1790180619718,0
1790180619897,1
1790180619897,0
1790180619980,1
1790180619980,0
1790180620487,1
1790180620487,0
1790180620615,1
1790180620615,0
1790180620909,1
1790180620909,0
1790180621825,1
1790180621825,0
1790180621846,1
1790180621871,0
1790180621879,1
1790180621879,0
1790180621905,1
1790180621927,0
1790180622029,1
1790180622029,0
1790180622052,1
1790180622072,0
1790180622512,1
1790180622512,0
1790180622822,1
1790180622822,0
1790180623336,1
1790180623336,0
1790180623353,1
1790180623383,0
1790180623408,1
1790180623424,2
1790180623431,1
1790180623446,2
1790180623478,1
1790180623478,0
1790180623480,1
1790180623480,0
1790180623521,1
1790180623522,0
1790180623562,1
1790180623569,0
1790180623756,1
1790180623756,0
1790180623887,1
1790180623887,0
1790180624287,1
1790180624288,0
1790180624391,1
1790180624391,0
1790180624449,1
1790180624449,0
1790180624483,1
1790180624495,0
1790180624507,1
1790180624507,0
1790180624542,1
1790180624543,0
1790180624562,1
1790180624588,0
1790180624622,1
1790180624632,0
1790180624930,1
1790180624931,0
1790180625189,1
1790180625189,0
1790180625210,1
1790180625232,0
1790180625588,1
1790180625588,0
1790180625846,1
1790180625847,0
1790180625883,1
1790180625890,0
1790180626243,1
1790180626244,0
1790180626774,1
1790180626775,0
1790180626906,1
1790180626906,0
1790180626925,1
1790180626955,0
1790180627726,1
1790180627726,0
1790180628023,1
1790180628023,0
1790180628476,1
1790180628476,0
1790180628567,1
1790180628567,0
1790180628658,1
1790180628658,0
1790180628679,1
1790180628702,0
1790180628708,1
1790180628729,2
1790180628745,1
1790180628745,0
1790180628810,1
1790180628810,0
1790180628919,1
1790180628919,0
1790180628944,1
1790180628965,0
1790180628982,1
1790180628983,0
1790180629034,1
1790180629034,0
1790180629068,1
1790180629077,0
1790180629151,1
1790180629151,0
1790180629388,1
1790180629388,0
1790180629410,1
1790180629432,0
1790180629661,1
1790180629661,0
1790180629824,1
1790180629824,0
1790180630078,1
1790180630078,0
1790180630106,1
1790180630121,0
1790180630214,1
1790180630214,0
1790180630247,1
1790180630261,0
1790180630262,1
1790180630262,0
1790180630300,1
1790180630306,0
1790180630344,1
1790180630344,0
1790180630762,1
1790180630762,0
1790180630791,1
1790180630807,0
1790180630815,1
1790180630815,0
1790180630852,1
1790180630852,0
1790180631017,1
1790180631017,0
1790180631160,1
1790180631160,0
1790180631193,1
1790180631206,0
1790180631700,1
1790180631700,0
1790180631731,1
1790180631744,0
1790180631761,1
1790180631786,0
1790180631845,1
1790180631845,0
1790180631873,1
1790180631890,0
1790180631899,1
1790180631899,0
1790180631930,1
1790180631931,0
1790180631963,1
1790180631976,0
1790180631987,1
1790180632010,2
1790180632019,1
1790180632065,0
1790180632325,1
1790180632325,0
1790180632360,1
1790180632370,0
1790180632546,1
1790180632546,0
1790180632742,1
1790180632742,0
1790180633086,1
1790180633087,0
1790180633269,1
1790180633269,0
1790180633424,1
1790180633424,0
1790180633458,1
1790180633468,0
1790180633478,1
1790180633504,2
1790180633514,1
1790180633514,0
1790180633537,1
1790180633538,0
1790180633562,1
1790180633583,0
1790180633818,1
1790180633818,0
1790180633842,1
1790180633864,0
1790180634107,1
1790180634107,0
1790180634188,1
1790180634188,0
1790180634325,1
1790180634325,0
1790180634349,1
1790180634372,0
1790180634439,1
1790180634439,0
1790180634648,1
1790180634648,0
1790180634971,1
1790180634971,0
1790180635296,1
1790180635296,0
1790180635322,1
1790180635361,2
1790180635377,1
1790180635428,0
1790180635468,1
1790180635468,0
1790180635793,1
1790180635793,0
1790180635906,1
1790180635906,0
1790180636045,1
1790180636045,0
1790180636079,1
1790180636100,0
1790180636109,1
1790180636133,2
1790180636153,1
1790180636153,0
1790180636154,1
1790180636197,0
1790180636208,1
1790180636208,0
1790180636259,1
1790180636259,0
1790180636299,1
1790180636314,0
1790180636360,1
1790180636363,0
1790180636381,1
1790180636412,2
1790180636415,1
1790180636415,0
1790180636786,1
1790180636786,0
1790180636816,1
1790180636827,0
1790180636844,1
1790180636881,0
1790180636896,1
1790180636922,2
1790180636924,1
1790180636948,2
1790180636980,1
1790180636981,2
1790180637024,1
1790180637024,0
1790180637533,1
1790180637533,0
1790180637559,1
1790180637576,0
1790180637590,1
1790180637590,0
1790180639038,1
1790180639038,0
1790180639062,1
1790180639079,0
1790180639088,1
1790180639133,0
1790180639205,1
1790180639205,0
1790180639573,1
1790180639573,0
1790180639598,1
1790180639615,0
1790180639625,1
1790180639625,0
1790180639666,1
1790180639678,0
1790180639745,1
1790180639745,0
1790180639805,1
1790180639805,0
1790180639984,1
1790180639984,0
1790180641059,1
1790180641060,0
1790180641086,1
1790180641113,0
1790180641120,1
1790180641153,0
1790180641167,1
1790180641167,0
1790180641192,1
1790180641220,2
1790180641221,1
1790180641221,0
1790180641300,1
1790180641300,0
1790180641302,1
1790180641354,0
1790180641780,1
1790180641780,0
1790180641799,1
1790180641830,0
1790180642029,1
1790180642029,0
1790180642110,1
1790180642111,0
1790180642140,1
1790180642156,0
1790180642378,1
1790180642378,0
1790180642570,1
1790180642570,0
1790180643119,1
1790180643122,0
1790180643142,1
1790180643170,0
1790180643378,1
1790180643378,0
1790180643414,1
1790180643426,0
1790180643503,1
1790180643503,0
1790180643787,1
1790180643787,0
1790180643897,1
1790180643897,0
1790180644593,1
1790180644593,0
1790180644629,1
1790180644647,0
1790180644658,1
1790180644690,2
1790180644693,1
1790180644694,0
1790180644848,1
1790180644848,0
1790180645114,1
1790180645114,0
1790180645138,1
1790180645155,0
1790180645161,1
1790180645185,2
1790180645204,1
1790180645204,0
1790180645218,1
1790180645218,0
1790180645363,1
1790180645363,0
1790180645445,1
1790180645445,0
1790180645541,1
1790180645541,0
1790180646268,1
1790180646268,0
1790180646647,1
1790180646647,0
1790180646834,1
1790180646834,0
1790180646908,1
1790180646908,0
1790180646936,1
1790180646950,0
1790180646968,1
1790180646995,0
1790180646999,1
1790180646999,0
1790180647201,1
1790180647201,0
1790180647230,1
1790180647243,0
1790180647255,1
1790180647289,2
1790180647297,1
1790180647297,0
1790180647651,1
1790180647651,0
1790180647716,1
1790180647716,0
1790180647945,1
1790180647945,0
1790180647968,1
1790180647998,0
1790180648410,1
1790180648410,0
1790180648716,1
1790180648717,0
1790180648921,1
1790180648921,0
1790180649210,1
1790180649210,0
1790180649240,1
1790180649255,0
1790180649469,1
1790180649469,0
1790180649822,1
1790180649823,0
1790180650079,1
1790180650079,0
1790180650109,1
1790180650132,0
1790180650162,1
1790180650175,0
1790180650190,1
1790180650217,0
1790180650223,1
1790180650239,2
1790180650269,1
1790180650269,0
1790180650389,1
1790180650389,0
1790180650710,1
1790180650710,0
1790180650745,1
1790180650761,0
1790180650770,1
1790180650770,0
1790180650830,1
1790180650830,0
1790180650856,1
1790180650873,0
1790180651073,1
1790180651073,0
1790180651133,1
1790180651133,0
1790180651331,1
1790180651332,0
1790180651706,1
1790180651706,0
1790180651730,1
1790180651760,0
1790180651889,1
1790180651889,0
1790180651913,1
1790180651932,0
1790180652007,1
1790180652007,0
1790180652037,1
1790180652048,0
1790180652069,1
1790180652093,2
1790180652101,1
1790180652101,0
1790180652113,1
1790180652147,0
1790180652435,1
1790180652435,0
1790180652464,1
1790180652477,0
1790180652517,1
1790180652533,0
1790180653050,1
1790180653050,0
1790180653068,1
1790180653104,0
1790180653260,1
1790180653260,0
1790180653347,1
1790180653347,0
1790180653482,1
1790180653482,0
1790180653511,1
1790180653523,0
1790180653705,1
1790180653705,0
1790180653854,1
1790180653854,0
1790180654081,1
1790180654081,0
1790180654124,1
1790180654130,0
1790180654161,1
1790180654171,0
1790180654178,1
1790180654178,0
1790180654218,1
1790180654231,0
1790180654358,1
1790180654359,0
1790180654479,1
1790180654479,0
1790180654597,1
1790180654597,0
1790180654625,1
1790180654648,2
1790180654652,1
1790180654677,2
1790180654699,1
1790180654702,2
1790180654740,3
1790180654740,2
1790180654794,1
1790180654794,0
1790180655449,1
1790180655449,0
1790180656252,1
1790180656253,0
1790180656280,1
1790180656296,0
1790180656310,1
1790180656338,2
1790180656350,1
1790180656350,0
1790180656922,1
1790180656922,0
1790180658101,1
1790180658101,0
1790180658115,1
1790180658154,2
1790180658157,1
1790180658175,2
1790180658198,1
1790180658198,0
1790180658220,1
1790180658220,0
1790180658256,1
1790180658265,0
1790180658333,1
1790180658333,0
1790180658476,1
1790180658476,0
1790180658507,1
1790180658519,0
1790180658536,1
1790180658558,0
1790180658627,1
1790180658627,0
1790180658734,1
1790180658734,0
1790180659103,1
1790180659103,0
1790180659133,1
1790180659147,0
1790180659383,1
1790180659383,0
1790180659579,1
1790180659579,0
1790180659901,1
1790180659901,0
1790180660124,1
1790180660124,0
1790180660240,0
1790180660241,0
1790180660270,1
1790180660281,0
1790180660296,1
1790180660296,0
1790180660329,1
1790180660329,0
1790180660343,1
1790180660380,0
1790180660382,1
1790180660420,0
1790180660780,1
1790180660780,0
1790180660794,1
1790180660820,0
1790180660824,1
1790180660824,0
1790180661000,1
1790180661000,0
1790180661131,1
1790180661131,0
1790180661449,1
1790180661449,0
1790180661514,1
1790180661514,0
1790180662029,1
1790180662030,0
1790180662203,1
1790180662203,0
1790180663105,1
1790180663105,0
1790180663822,1
1790180663822,0
1790180663852,1
1790180663864,0
1790180663880,1
1790180663906,0
1790180664013,1
1790180664013,0
1790180664048,1
1790180664061,0
1790180664071,1
1790180664105,0
1790180665074,1
1790180665074,0
1790180665178,1
1790180665178,0
1790180665224,1
1790180665224,0
1790180665264,1
1790180665268,0
1790180665285,1
1790180665285,0
1790180665311,1
1790180665311,0
1790180665372,1
1790180665372,0
1790180665474,1
1790180665474,0
1790180665657,1
1790180665657,0
1790180665681,1
1790180665701,2
1790180665703,1
1790180665747,0
1790180666381,1
1790180666382,0
1790180666412,1
1790180666435,0
1790180666733,1
1790180666733,0
1790180667299,1
1790180667299,0
1790180667684,1
1790180667684,0
1790180667714,1
1790180667728,0
1790180667732,1
1790180667768,0
1790180668008,1
1790180668009,0
1790180668038,1
1790180668054,0
1790180668057,1
1790180668096,0
1790180668218,1
1790180668218,0
1790180668240,1
1790180668260,0
1790180668276,1
1790180668277,0
1790180668307,1
1790180668323,0
1790180668363,1
1790180668364,0
1790180668396,1
1790180668409,0
1790180668422,1
1790180668422,0
1790180668443,1
1790180668444,0
1790180668480,1
1790180668480,0
1790180668888,1
1790180668888,0
1790180669048,1
1790180669048,0
1790180669163,1
1790180669163,0
1790180669413,1
1790180669413,0
1790180669546,1
1790180669546,0
1790180669605,1
1790180669606,0
1790180669637,1
1790180669646,0
1790180669660,1
1790180669689,0
1790180669691,1
1790180669691,0
1790180670146,1
1790180670147,0
1790180670168,1
1790180670188,0
1790180670228,1
1790180670228,0
1790180670254,1
1790180670272,0
1790180670289,1
1790180670289,0
1790180670493,1
1790180670493,0
1790180670523,1
1790180670533,0
1790180670542,1
1790180670542,0
1790180670572,1
1790180670572,0
1790180670658,1
1790180670658,0
1790180670891,1
1790180670891,0
1790180670913,1
1790180670937,0
1790180671144,1
1790180671144,0
1790180671433,1
1790180671433,0
1790180671464,1
1790180671474,0
1790180671681,1
1790180671681,0
1790180671856,0
1790180671856,0
1790180671886,1
1790180671897,0
1790180671913,1
1790180671913,0
1790180672028,1
1790180672029,0
1790180672249,1
1790180672249,0
1790180672310,1
1790180672310,0
1790180672338,1
1790180672352,0
1790180672646,1
1790180672646,0
1790180672684,1
1790180672687,0
1790180672715,1
1790180672715,0
1790180672744,1
1790180672744,0
1790180673025,1
1790180673025,0
1790180673119,1
1790180673119,0
1790180673144,1
1790180673161,0
1790180673169,1
1790180673201,0
1790180673694,0
1790180673694,0
1790180673720,1
1790180673734,0
1790180673749,1
1790180673749,0
1790180673780,1
1790180673780,0
1790180674420,1
1790180674420,0
1790180674451,1
1790180674461,0
1790180674595,1
1790180674596,0
1790180674624,1
1790180674646,0
1790180674652,1
1790180674686,0
1790180674907,1
1790180674908,0
1790180675230,1
1790180675230,0
1790180675255,1
1790180675275,0
1790180675447,1
1790180675447,0
1790180675540,1
1790180675540,0
1790180675634,1
1790180675634,0
1790180675669,1
1790180675679,0
1790180675694,1
1790180675719,0
1790180675979,1
1790180675979,0
1790180676091,1
1790180676091,0
1790180676121,1
1790180676135,0
1790180676151,1
1790180676151,0
1790180676321,1
1790180676321,0
1790180676474,1
1790180676474,0
1790180676523,1
1790180676524,0
1790180676868,1
1790180676868,0
1790180677295,1
1790180677296,0
1790180677323,1
1790180677336,0
1790180677346,1
1790180677346,0
1790180677804,0
1790180677805,0
1790180678101,1
1790180678101,0
1790180678132,1
1790180678143,0
1790180678161,1
1790180678189,0
1790180678194,1
1790180678194,0
1790180678311,1
1790180678311,0
1790180678427,1
1790180678427,0
1790180679224,1
1790180679224,0
1790180679254,1
1790180679266,0
1790180679435,1
1790180679435,0
1790180679460,1
1790180679475,0
