1790180105490,1
1790180105496,0
1790180105534,1
1790180105750,0
1790180105764,1
1790180105828,2
1790180105853,1
1790180105881,2
1790180105910,1
1790180105911,0
1790180106643,1
1790180106644,0
1790180109481,1
1790180109481,0
1790180109950,1
1790180109951,0
1790180109990,1
1790180110030,0
1790180110054,1
1790180110084,0
1790180110153,1
1790180110153,0
1790180110209,1
1790180110209,0
1790180110257,1
1790180110257,0
1790180110617,0
1790180110618,0
1790180111619,1
1790180111619,0
1790180112357,1
1790180112357,0
1790180112413,1
1790180112414,0
1790180112481,1
1790180112481,0
1790180113804,1
1790180113804,0
1790180114962,1
1790180114962,0
1790180115007,1
1790180115034,0
1790180116472,1
1790180116472,0
1790180117830,1
1790180117830,0
1790180118052,1
1790180118052,0
1790180120994,1
1790180120995,0
1790180121044,1
1790180121046,0
1790180122664,1
1790180122664,0
1790180123345,1
1790180123346,0
1790180123388,1
1790180123391,0
1790180123450,1
1790180123451,0
1790180125902,1
1790180125902,0
1790180127467,1
1790180127468,0
1790180127527,1
1790180127527,0
1790180127576,1
1790180127593,0
1790180127699,1
1790180127699,0
1790180127759,1
1790180127759,0
1790180127819,1
1790180127819,0
1790180128060,1
1790180128060,0
1790180130918,1
1790180130919,0
1790180131217,1
1790180131217,0
1790180131280,1
1790180131286,0
1790180131794,1
1790180131794,0
1790180132076,1
1790180132077,0
1790180132146,1
1790180132147,0
1790180133187,1
1790180133187,0
1790180133249,1
1790180133251,0
1790180133310,1
1790180133310,0
1790180134021,1
1790180134022,0
1790180134840,1
1790180134840,0
1790180134898,1
1790180134898,0
1790180135770,1
1790180135771,0
1790180136287,1
1790180136287,0
1790180136336,1
1790180136336,0
1790180136398,1
1790180136398,0
1790180136918,1
1790180136918,0
1790180137813,1
1790180137813,0
1790180138547,1
1790180138547,0
1790180138605,1
1790180138605,0
1790180139180,1
1790180139180,0
1790180140065,1
1790180140065,0
1790180140129,1
1790180140138,0
1790180140656,1
1790180140657,0
1790180142567,1
1790180142567,0
1790180142611,1
1790180142614,0
1790180142856,1
1790180142856,0
1790180143072,1
1790180143073,0
1790180144190,1
1790180144190,0
1790180144584,1
1790180144584,0
1790180144745,1
1790180144745,0
1790180146213,1
1790180146214,0
1790180146605,1
1790180146605,0
1790180147243,1
1790180147244,0
1790180149508,1
1790180149508,0
1790180149557,1
1790180149585,0
1790180149677,1
1790180149677,0
1790180151168,1
1790180151168,0
1790180151226,1
1790180151227,0
1790180151627,1
1790180151627,0
1790180152322,1
1790180152322,0
1790180152682,1
1790180152682,0
1790180153445,1
1790180153445,0
1790180153740,1
1790180153741,0
1790180154259,1
1790180154259,0
1790180154431,1
1790180154431,0
1790180154547,1
1790180154547,0
1790180156033,1
1790180156033,0
1790180156495,1
1790180156495,0
1790180156562,1
1790180156562,0
1790180156724,1
1790180156724,0
1790180157006,1
1790180157006,0
1790180157346,1
1790180157346,0
1790180157410,1
1790180157411,0
1790180157470,1
1790180157471,0
1790180157579,1
1790180157579,0
1790180157643,1
1790180157643,0
1790180157696,1
1790180157697,0
1790180158445,1
1790180158445,0
1790180158505,1
1790180158505,0
1790180158563,1
1790180158563,0
1790180158616,1
1790180158616,0
1790180158673,1
1790180158676,0
1790180158733,1
1790180158733,0
1790180158793,1
1790180158794,0
1790180158853,1
1790180158853,0
1790180158961,1
1790180158961,0
1790180159026,1
1790180159026,0
1790180159070,1
1790180159073,0
1790180159298,1
1790180159298,0
1790180159701,1
1790180159702,0
1790180160047,1
1790180160047,0
1790180160109,1
1790180160119,0
1790180160177,1
1790180160177,0
1790180160227,1
1790180160227,0
1790180160338,1
1790180160338,0
1790180161082,1
1790180161083,0
1790180161142,1
1790180161143,0
1790180161202,1
1790180161202,0
1790180161261,1
1790180161261,0
1790180161318,1
1790180161318,0
1790180161672,1
1790180161672,0
1790180163621,1
1790180163621,0
1790180163675,1
1790180163676,0
1790180163722,1
1790180163725,0
1790180163782,1
1790180163782,0
1790180164305,1
1790180164306,0
1790180164639,1
1790180164640,0
1790180164994,1
1790180164994,0
1790180165040,1
1790180165040,0
1790180165106,0
1790180165109,0
1790180165778,0
1790180165778,0
1790180166053,1
1790180166054,0
1790180166111,1
1790180166112,0
1790180166172,1
1790180166172,0
1790180166285,1
1790180166285,0
1790180166351,1
1790180166351,0
1790180166983,1
1790180166983,0
1790180167034,1
1790180167034,0
1790180167101,1
1790180167101,0
1790180168277,1
1790180168277,0
1790180168336,1
1790180168336,0
1790180168396,1
1790180168396,0
1790180168630,1
1790180168630,0
1790180169037,1
1790180169037,0
1790180169155,1
1790180169155,0
1790180169328,1
1790180169328,0
1790180169723,1
1790180169723,0
1790180169886,1
1790180169886,0
1790180169949,1
1790180169949,0
1790180170005,1
1790180170006,0
1790180170246,1
1790180170246,0
1790180170470,1
1790180170470,0
1790180170525,1
1790180170525,0
1790180170594,1
1790180170594,0
1790180170702,1
1790180170702,0
1790180170771,1
1790180170771,0
1790180171279,1
1790180171279,0
1790180171515,1
1790180171515,0
1790180171574,1
1790180171574,0
1790180171620,1
1790180171622,0
1790180171693,1
1790180171693,0
1790180172032,1
1790180172033,0
1790180172492,1
1790180172493,0
1790180172546,1
1790180172547,0
1790180172607,1
1790180172607,0
1790180172669,1
1790180172669,0
1790180172720,1
1790180172720,0
1790180172779,1
1790180172779,0
1790180172899,1
1790180172899,0
1790180172959,1
1790180172959,0
1790180173076,1
1790180173076,0
1790180173411,1
1790180173411,0
1790180173470,1
1790180173474,0
1790180173706,1
1790180173706,0
1790180173987,1
1790180173987,0
1790180174035,1
1790180174035,0
1790180174850,1
1790180174850,0
1790180174910,1
1790180174910,0
1790180174965,1
1790180174965,0
1790180175022,1
1790180175022,0
1790180175306,1
1790180175306,0
1790180176480,1
1790180176480,0
1790180176533,1
1790180176533,0
1790180176590,1
1790180176590,0
1790180176823,1
1790180176823,0
1790180176989,1
1790180176989,0
1790180177221,1
1790180177221,0
1790180177445,1
1790180177445,0
1790180178321,1
1790180178321,0
1790180178559,1
1790180178559,0
1790180178677,1
1790180178677,0
1790180178730,1
1790180178730,0
1790180178782,1
1790180178782,0
1790180178849,1
1790180178849,0
1790180178966,0
1790180178967,0
1790180179590,1
1790180179591,0
1790180179702,1
1790180179702,0
1790180180743,1
1790180180743,0
1790180181211,1
1790180181211,0
1790180181436,1
1790180181436,0
1790180181501,1
1790180181501,0
1790180181550,1
1790180181550,0
1790180182311,1
1790180182311,0
1790180183991,1
1790180183991,0
1790180184035,1
1790180184045,0
1790180184449,1
1790180184449,0
1790180184728,1
1790180184728,0
1790180184785,1
1790180184785,0
1790180184855,1
1790180184855,0
1790180185081,1
1790180185081,0
1790180185136,1
1790180185136,0
1790180185656,1
1790180185656,0
1790180185710,1
1790180185710,0
1790180186225,1
1790180186225,0
1790180186749,1
1790180186749,0
1790180186801,1
1790180186801,0
1790180186860,1
1790180186860,0
1790180187094,1
1790180187094,0
1790180187336,1
1790180187336,0
1790180188435,1
1790180188435,0
1790180188549,1
1790180188549,0
1790180188606,1
1790180188606,0
1790180188661,1
1790180188661,0
1790180188730,1
1790180188730,0
1790180188789,1
1790180188789,0
1790180190420,1
1790180190420,0
1790180190766,1
1790180190766,0
1790180190823,1
1790180190823,0
1790180190883,1
1790180190883,0
1790180191346,1
1790180191347,0
1790180191407,1
1790180191407,0
1790180191462,1
1790180191462,0
1790180191739,1
1790180191739,0
1790180191801,1
1790180191801,0
1790180191862,1
1790180191862,0
1790180191922,1
1790180191922,0
1790180191981,1
1790180191981,0
1790180192091,1
1790180192091,0
1790180193705,1
1790180193705,0
1790180194050,1
1790180194050,0
1790180194114,1
1790180194114,0
1790180194179,1
1790180194179,0
1790180194238,1
1790180194238,0
1790180195041,1
1790180195041,0
1790180195554,1
1790180195554,0
1790180195607,1
1790180195607,0
1790180195675,1
1790180195675,0
1790180196063,1
1790180196063,0
1790180196180,1
1790180196180,0
1790180197617,1
1790180197617,0
1790180198785,1
1790180198785,0
1790180199238,1
1790180199238,0
1790180199305,1
1790180199305,0
1790180199764,1
1790180199765,0
1790180199818,1
1790180199818,0
1790180200462,1
1790180200462,0
1790180200919,1
1790180200919,0
1790180201031,1
1790180201034,0
1790180201094,1
1790180201095,0
1790180201151,1
1790180201151,0
1790180201737,1
1790180201737,0
1790180201796,1
1790180201796,0
1790180201847,1
1790180201847,0
1790180201908,1
1790180201908,0
1790180202476,1
1790180202476,0
1790180202767,1
1790180202767,0
1790180203066,1
1790180203066,0
1790180204749,1
1790180204749,0
1790180204797,1
1790180204807,0
1790180204917,1
1790180204917,0
1790180205273,1
1790180205273,0
1790180205370,1
1790180205370,0
1790180206125,1
1790180206125,0
1790180206167,1
1790180206171,0
1790180206231,1
1790180206231,0
1790180207093,1
1790180207093,0
1790180207148,1
1790180207149,0
1790180207615,1
1790180207615,0
1790180207667,1
1790180207669,0
1790180208284,1
1790180208286,0
1790180208345,1
1790180208345,0
1790180208399,1
1790180208400,0
1790180208458,1
1790180208458,0
1790180208574,1
1790180208574,0
1790180209231,1
1790180209231,0
1790180209295,1
1790180209295,0
1790180209418,1
1790180209418,0
1790180209465,1
1790180209474,0
1790180209523,1
1790180209523,0
1790180209584,1
1790180209584,0
1790180209984,1
1790180209984,0
1790180210039,1
1790180210039,0
1790180210103,1
1790180210103,0
1790180210391,1
1790180210391,0
1790180211494,1
1790180211494,0
1790180211550,1
1790180211550,0
1790180212595,1
1790180212595,0
1790180213121,1
1790180213121,0
1790180213175,1
1790180213175,0
1790180213471,1
1790180213471,0
1790180213648,1
1790180213648,0
1790180214072,1
1790180214072,0
1790180214131,1
1790180214133,0
1790180214251,1
1790180214252,0
1790180214299,1
1790180214299,0
1790180215227,1
1790180215227,0
1790180215342,1
1790180215343,0
1790180215403,1
1790180215403,0
1790180215680,1
1790180215680,0
1790180215740,1
1790180215740,0
1790180215801,1
1790180215801,0
1790180215853,1
1790180215853,0
1790180215907,1
1790180215914,0
1790180215961,1
1790180215967,0
1790180216375,1
1790180216375,0
1790180216429,1
1790180216429,0
1790180216487,1
1790180216487,0
1790180216607,1
1790180216607,0
1790180216666,1
1790180216666,0
1790180216711,1
1790180216711,0
1790180217005,1
1790180217005,0
1790180217064,1
1790180217064,0
1790180217524,1
1790180217524,0
1790180217585,1
1790180217586,0
1790180218221,1
1790180218222,0
1790180218276,1
1790180218278,0
1790180218330,1
1790180218330,0
1790180218388,1
1790180218388,0
1790180218513,1
1790180218513,0
1790180218800,1
1790180218800,0
1790180218860,1
1790180218860,0
1790180218912,1
1790180218912,0
1790180219331,1
1790180219331,0
1790180219381,1
1790180219385,0
1790180219443,1
1790180219443,0
1790180219615,1
1790180219616,0
1790180220648,1
1790180220648,0
1790180221319,1
1790180221319,0
1790180222080,1
1790180222080,0
1790180222136,1
1790180222136,0
1790180222202,1
1790180222202,0
1790180222260,1
1790180222260,0
1790180223586,1
1790180223586,0
1790180223647,1
1790180223647,0
1790180223938,1
1790180223938,0
1790180225090,1
1790180225091,0
1790180225341,1
1790180225341,0
1790180225573,1
1790180225573,0
1790180225805,1
1790180225805,0
1790180226280,1
1790180226280,0
1790180226965,1
1790180226967,0
1790180227843,1
1790180227843,0
1790180227895,1
1790180227895,0
1790180228118,1
1790180228118,0
1790180228179,1
1790180228179,0
1790180228235,1
1790180228235,0
1790180228351,1
1790180228351,0
1790180229622,1
1790180229623,0
1790180229677,1
1790180229677,0
1790180230264,1
1790180230264,0
1790180230675,1
1790180230675,0
1790180230849,1
1790180230849,0
1790180231082,1
1790180231082,0
1790180231309,1
1790180231309,0
1790180232533,1
1790180232533,0
1790180232592,1
1790180232592,0
1790180232644,1
1790180232644,0
1790180232828,1
1790180232828,0
1790180232880,1
1790180232884,0
1790180233282,1
1790180233282,0
1790180233339,1
1790180233339,0
1790180233398,1
1790180233398,0
1790180235320,1
1790180235320,0
1790180235370,1
1790180235370,0
1790180235430,1
1790180235430,0
1790180236124,1
1790180236124,0
1790180237514,1
1790180237514,0
1790180237562,1
1790180237562,0
1790180237624,1
1790180237624,0
1790180237906,1
1790180237906,0
1790180238430,1
1790180238430,0
1790180238491,1
1790180238491,0
1790180238781,1
1790180238781,0
1790180238943,1
1790180238943,0
1790180239873,1
1790180239874,0
1790180239934,1
1790180239934,0
1790180239987,1
1790180239987,0
1790180240431,1
1790180240431,0
1790180240486,1
1790180240493,0
1790180242716,1
1790180242717,0
1790180243002,1
1790180243002,0
1790180243044,1
1790180243049,0
1790180243104,1
1790180243104,0
1790180243328,1
1790180243328,0
1790180244604,1
1790180244604,0
1790180244660,1
1790180244660,0
1790180244721,1
1790180244721,0
1790180245420,1
1790180245421,0
1790180245478,1
1790180245478,0
1790180245595,1
1790180245595,0
1790180246056,1
1790180246056,0
1790180246517,1
1790180246518,0
1790180246577,1
1790180246578,0
1790180246746,1
1790180246746,0
1790180246794,1
1790180246795,0
1790180246862,1
1790180246862,0
1790180246925,1
1790180246925,0
1790180247033,1
1790180247033,0
1790180247212,1
1790180247212,0
1790180247277,1
1790180247277,0
1790180248148,1
1790180248148,0
1790180248901,1
1790180248901,0
1790180249021,1
1790180249021,0
1790180249079,1
1790180249079,0
1790180249130,1
1790180249130,0
1790180249366,1
1790180249366,0
1790180249976,1
1790180249976,0
1790180250093,1
1790180250093,0
1790180250151,1
1790180250151,0
1790180250204,1
1790180250204,0
1790180250437,1
1790180250438,0
1790180250845,1
1790180250845,0
1790180251202,1
1790180251203,0
1790180251263,1
1790180251263,0
1790180251319,1
1790180251319,0
1790180251612,1
1790180251612,0
1790180251672,1
1790180251672,0
1790180252031,1
1790180252031,0
1790180252086,1
1790180252086,0
1790180252150,1
1790180252150,0
1790180252325,1
1790180252325,0
1790180252374,1
1790180252374,0
1790180252426,1
1790180252426,0
1790180252886,1
1790180252886,0
1790180252946,1
1790180252946,0
1790180252997,1
1790180252997,0
1790180253278,1
1790180253278,0
1790180254151,1
1790180254151,0
1790180254487,1
1790180254487,0
1790180254554,1
1790180254554,0
1790180254614,1
1790180254614,0
1790180254900,1
1790180254900,0
1790180254953,1
1790180254953,0
1790180255318,1
1790180255318,0
1790180255375,1
1790180255375,0
1790180255433,1
1790180255433,0
1790180255550,1
1790180255550,0
1790180257287,1
1790180257287,0
1790180257348,1
1790180257348,0
1790180257400,1
1790180257400,0
1790180257641,1
1790180257642,0
1790180257705,1
1790180257705,0
1790180258635,1
1790180258635,0
1790180258696,1
1790180258696,0
1790180260029,1
1790180260029,0
1790180260089,1
1790180260089,0
1790180260151,1
1790180260151,0
1790180260799,1
1790180260799,0
1790180261020,1
1790180261020,0
1790180261545,1
1790180261545,0
1790180261592,1
1790180261592,0
1790180263147,1
1790180263147,0
1790180263543,1
1790180263543,0
1790180263661,1
1790180263661,0
1790180264241,1
1790180264241,0
1790180265875,1
1790180265875,0
1790180265934,1
1790180265934,0
1790180265994,1
1790180265994,0
1790180266460,1
1790180266461,0
1790180266521,1
1790180266521,0
1790180267035,1
1790180267035,0
1790180267101,1
1790180267101,0
1790180268676,1
1790180268677,0
1790180268725,1
1790180268725,0
1790180269312,1
1790180269313,0
1790180269593,1
1790180269593,0
1790180269647,1
1790180269647,0
1790180269815,1
1790180269815,0
1790180270120,1
1790180270120,0
1790180270395,1
1790180270395,0
1790180270639,1
1790180270639,0
1790180270977,1
1790180270978,0
1790180271023,1
1790180271023,0
1790180271083,1
1790180271083,0
1790180271268,1
1790180271268,0
1790180271717,1
1790180271717,0
1790180271879,1
1790180271879,0
1790180272346,1
1790180272346,0
1790180272466,1
1790180272466,0
1790180272518,1
1790180272518,0
1790180273378,1
1790180273378,0
1790180275567,1
1790180275567,0
1790180275618,1
1790180275633,0
1790180275738,1
1790180275738,0
1790180275798,1
1790180275798,0
1790180276364,1
1790180276364,0
1790180276779,1
1790180276780,0
1790180276949,1
1790180276949,0
1790180277472,1
1790180277472,0
1790180277777,1
1790180277777,0
1790180278468,1
1790180278468,0
1790180278641,1
1790180278641,0
1790180278693,1
1790180278693,0
1790180278744,1
1790180278744,0
1790180279223,1
1790180279223,0
1790180279277,1
1790180279277,0
1790180279330,1
1790180279330,0
1790180279550,1
1790180279551,0
1790180281373,1
1790180281373,0
1790180281612,1
1790180281612,0
1790180281789,1
1790180281789,0
1790180282273,1
1790180282274,0
1790180283668,1
1790180283669,0
1790180283723,1
1790180283723,0
1790180283781,1
1790180283781,0
1790180284131,1
1790180284131,0
1790180284468,1
1790180284468,0
1790180284690,1
1790180284690,0
1790180284973,1
1790180284973,0
1790180285031,1
1790180285032,0
1790180285828,1
1790180285828,0
1790180285885,1
1790180285885,0
1790180285945,1
1790180285946,0
1790180286695,1
1790180286695,0
1790180286759,1
1790180286760,0
1790180286816,1
1790180286816,0
1790180287106,1
1790180287106,0
1790180287402,1
1790180287402,0
1790180287769,1
1790180287769,0
1790180288228,1
1790180288228,0
