1790180299484,1
1790180299491,0
1790180299822,0
1790180299822,0
1790180299899,1
1790180299915,0
1790180300161,1
1790180300161,0
1790180300243,1
1790180300244,0
1790180301022,1
1790180301023,0
1790180301808,1
1790180301808,0
1790180301846,1
1790180301871,2
1790180301891,1
1790180301891,0
1790180303348,1
1790180303348,0
1790180303846,1
1790180303846,0
1790180303953,1
1790180303953,0
1790180304401,1
1790180304401,0
1790180304626,1
1790180304626,0
1790180304651,1
1790180304675,0
1790180304942,1
1790180304942,0
1790180305412,1
1790180305412,0
1790180305439,1
1790180305476,0
1790180305684,1
1790180305684,0
1790180306622,1
1790180306623,0
1790180306649,1
1790180306671,0
1790180306682,1
1790180306682,0
1790180307658,1
1790180307658,0
1790180308504,1
1790180308504,0
1790180308533,1
1790180308562,0
1790180308564,1
1790180308564,0
1790180308592,1
1790180308592,0
1790180309513,1
1790180309513,0
1790180309547,1
1790180309563,0
1790180309949,1
1790180309949,0
1790180309983,1
1790180309983,0
1790180310069,1
1790180310069,0
1790180310553,1
1790180310553,0
1790180310614,0
1790180310614,0
1790180311664,1
1790180311664,0
1790180311679,1
1790180311708,2
1790180311710,1
1790180311741,2
1790180311754,1
1790180311768,2
1790180311795,3
1790180311797,2
1790180311797,1
1790180311797,0
1790180312115,1
1790180312115,0
1790180312151,1
1790180312151,0
1790180312178,1
1790180312179,0
1790180312204,1
1790180312205,0
1790180313179,1
1790180313179,0
1790180313208,1
1790180313232,0
1790180314197,1
1790180314197,0
1790180314344,1
1790180314345,0
1790180314624,1
1790180314624,0
1790180315360,1
1790180315361,0
1790180315591,1
1790180315592,0
1790180315877,1
1790180315877,0
1790180316206,1
1790180316206,0
1790180316486,1
1790180316487,0
1790180316510,1
1790180316546,0
1790180316548,1
1790180316548,0
1790180316567,1
1790180316567,0
1790180316947,1
1790180316947,0
1790180318319,1
1790180318319,0
1790180318357,1
1790180318360,0
1790180318383,1
1790180318383,0
1790180318395,1
1790180318396,0
1790180318600,1
1790180318600,0
1790180318628,1
1790180318658,2
1790180318678,1
1790180318679,0
1790180318688,1
1790180318688,0
1790180319216,1
1790180319217,0
1790180319270,1
1790180319294,0
1790180319555,1
1790180319556,0
1790180320276,1
1790180320276,0
1790180321487,1
1790180321488,0
1790180321504,1
1790180321528,2
1790180321540,1
1790180321540,0
1790180321547,1
1790180321547,0
1790180321716,1
1790180321717,0
1790180321751,1
1790180321765,0
1790180321776,1
1790180321776,0
1790180321808,1
1790180321808,0
1790180321826,1
1790180321863,0
1790180321884,1
1790180321908,0
1790180322002,1
1790180322002,0
1790180322035,1
1790180322045,0
1790180322058,1
1790180322058,0
1790180322083,1
1790180322099,0
1790180322919,1
1790180322919,0
1790180323219,1
1790180323219,0
1790180323296,1
1790180323296,0
1790180323321,1
1790180323346,2
1790180323350,1
1790180323377,2
1790180323391,1
1790180323391,0
1790180323760,1
1790180323760,0
1790180323974,1
1790180323974,0
1790180324004,1
1790180324016,0
1790180324312,1
1790180324312,0
1790180324486,1
1790180324486,0
1790180325012,1
1790180325012,0
1790180325095,1
1790180325095,0
1790180325120,1
1790180325137,0
1790180325332,1
1790180325332,0
1790180325616,1
1790180325616,0
1790180325641,1
1790180325658,0
1790180326074,1
1790180326074,0
1790180326097,1
1790180326116,0
1790180326302,1
1790180326302,0
1790180326914,1
1790180326914,0
1790180326940,1
1790180326956,0
1790180326994,1
1790180327000,0
1790180327018,1
1790180327044,0
1790180327051,1
1790180327051,0
1790180327071,1
1790180327092,0
1790180327499,1
1790180327500,0
1790180327691,1
1790180327691,0
1790180327780,1
1790180327780,0
1790180328307,1
1790180328307,0
1790180328417,1
1790180328418,0
1790180328744,1
1790180328744,0
1790180329652,1
1790180329653,0
1790180329690,1
1790180329696,0
1790180329714,1
1790180329714,0
1790180329732,1
1790180329760,0
1790180329839,1
1790180329839,0
1790180329866,1
1790180329882,0
1790180330285,1
1790180330285,0
1790180330620,1
1790180330620,0
1790180331123,1
1790180331123,0
1790180331154,1
1790180331167,0
1790180331203,1
1790180331213,0
1790180331234,1
1790180331255,0
1790180331258,0
1790180331261,0
1790180331290,0
1790180331290,0
1790180331349,1
1790180331349,0
1790180331378,1
1790180331393,0
1790180331576,1
1790180331576,0
1790180331689,1
1790180331689,0
1790180332098,1
1790180332098,0
1790180332209,1
1790180332210,0
1790180332277,1
1790180332277,0
1790180332303,1
1790180332318,0
1790180332323,1
1790180332323,0
1790180332358,1
1790180332359,0
1790180332376,1
1790180332408,0
1790180332434,1
1790180332450,0
1790180332754,1
1790180332754,0
1790180333006,1
1790180333006,0
1790180333021,1
1790180333048,0
1790180333455,1
1790180333455,0
1790180333727,1
1790180333727,0
1790180333752,1
1790180333771,0
1790180334125,1
1790180334125,0
1790180334658,1
1790180334658,0
1790180334789,1
1790180334789,0
1790180334816,1
1790180334836,0
1790180335602,1
1790180335602,0
1790180335896,1
1790180335896,0
1790180336360,1
1790180336361,0
1790180336441,1
1790180336441,0
1790180336524,1
1790180336524,0
1790180336560,1
1790180336567,0
1790180336581,1
1790180336612,0
1790180336620,1
1790180336620,0
1790180336700,1
1790180336701,0
1790180336804,1
1790180336804,0
1790180336832,1
1790180336848,0
1790180336863,1
1790180336863,0
1790180336907,1
1790180336909,0
1790180336932,1
1790180336952,0
1790180337020,1
1790180337020,0
1790180337242,1
1790180337242,0
1790180337270,1
1790180337288,0
1790180337544,1
1790180337544,0
1790180337725,1
1790180337725,0
1790180337974,0
1790180337974,0
1790180337999,1
1790180338020,0
1790180338111,1
1790180338111,0
1790180338141,1
1790180338153,0
1790180338172,1
1790180338172,0
1790180338192,1
1790180338218,0
1790180338251,1
1790180338251,0
1790180338651,1
1790180338651,0
1790180338686,1
1790180338692,0
1790180338714,1
1790180338714,0
1790180338733,1
1790180338733,0
1790180338905,1
1790180338905,0
1790180339051,1
1790180339051,0
1790180339079,1
1790180339093,0
1790180339561,1
1790180339561,0
1790180339591,1
1790180339603,0
1790180339619,1
1790180339647,0
1790180339712,1
1790180339712,0
1790180339733,1
1790180339754,0
1790180339763,1
1790180339763,0
1790180339801,1
1790180339801,0
1790180339820,1
1790180339853,1
1790180339855,1
1790180339881,2
1790180339897,1
1790180339939,0
1790180340202,1
1790180340202,0
1790180340230,1
1790180340246,0
1790180340418,1
1790180340418,0
1790180340625,1
1790180340626,0
1790180340954,1
1790180340954,0
1790180341148,1
1790180341148,0
1790180341309,1
1790180341309,0
1790180341338,1
1790180341351,0
1790180341368,1
1790180341392,0
1790180341393,1
1790180341393,0
1790180341416,1
1790180341416,0
1790180341442,1
1790180341459,0
1790180341698,1
1790180341698,0
1790180341718,1
1790180341741,0
1790180342006,1
1790180342006,0
1790180342091,1
1790180342091,0
1790180342225,1
1790180342225,0
1790180342248,1
1790180342267,0
1790180342319,1
1790180342319,0
1790180342512,1
1790180342512,0
1790180342799,1
1790180342799,0
1790180343140,1
1790180343140,0
1790180343172,1
1790180343198,2
1790180343210,1
1790180343256,0
1790180343302,1
1790180343302,0
1790180343642,1
1790180343642,0
1790180343759,1
1790180343759,0
1790180343909,1
1790180343909,0
1790180343935,1
1790180343961,0
1790180343967,1
1790180344002,2
1790180344008,1
1790180344008,0
1790180344017,1
1790180344048,0
1790180344077,1
1790180344077,0
1790180344123,1
1790180344123,0
1790180344154,1
1790180344178,0
1790180344214,1
1790180344222,0
1790180344242,1
1790180344267,2
1790180344274,1
1790180344274,0
1790180344641,1
1790180344641,0
1790180344666,1
1790180344683,0
1790180344700,1
1790180344735,0
1790180344760,1
1790180344776,0
1790180344782,1
1790180344821,2
1790180344828,1
1790180344852,2
1790180344867,1
1790180344867,0
1790180345414,1
1790180345414,0
1790180345435,1
1790180345460,0
1790180345465,1
1790180345465,0
1790180346905,1
1790180346905,0
1790180346935,1
1790180346945,0
1790180346963,1
1790180346993,0
1790180347067,1
1790180347067,0
1790180347417,1
1790180347417,0
1790180347447,1
1790180347457,0
1790180347479,1
1790180347479,0
1790180347507,1
1790180347529,0
1790180347596,1
1790180347596,0
1790180347652,1
1790180347652,0
1790180347820,1
1790180347820,0
1790180348925,1
1790180348925,0
1790180348952,1
1790180348977,0
1790180348993,1
1790180349023,0
1790180349036,1
1790180349037,0
1790180349073,1
1790180349090,0
1790180349091,1
1790180349091,0
1790180349158,1
1790180349158,0
1790180349210,1
1790180349213,0
1790180349697,1
1790180349697,0
1790180349711,1
1790180349752,0
1790180349943,1
1790180349943,0
1790180350033,1
1790180350033,0
1790180350064,1
1790180350077,0
1790180350298,1
1790180350298,0
1790180350502,1
1790180350502,0
1790180351008,1
1790180351008,0
1790180351031,1
1790180351054,0
1790180351292,1
1790180351292,0
1790180351307,1
1790180351336,0
1790180351391,1
1790180351392,0
1790180351670,1
1790180351670,0
1790180351796,1
1790180351796,0
1790180352479,1
1790180352479,0
1790180352510,1
1790180352532,0
1790180352539,1
1790180352572,2
1790180352577,1
1790180352578,0
1790180352731,1
1790180352731,0
1790180352998,1
1790180352998,0
1790180353037,1
1790180353039,0
1790180353062,1
1790180353087,0
1790180353089,1
1790180353089,0
1790180353119,1
1790180353119,0
1790180353265,1
1790180353265,0
1790180353372,1
1790180353372,0
1790180353454,1
1790180353454,0
1790180354187,1
1790180354187,0
1790180354588,1
1790180354588,0
1790180354796,1
1790180354796,0
1790180354880,1
1790180354881,0
1790180354912,1
1790180354921,0
1790180354928,1
1790180354959,2
1790180354962,1
1790180354962,0
1790180355162,1
1790180355162,0
1790180355186,1
1790180355202,0
1790180355217,1
1790180355247,2
1790180355255,1
1790180355255,0
1790180355609,1
1790180355611,0
1790180355677,1
1790180355677,0
1790180355876,1
1790180355876,0
1790180355891,1
1790180355928,0
1790180356350,1
1790180356350,0
1790180356668,1
1790180356668,0
1790180356868,1
1790180356868,0
1790180357141,1
1790180357141,0
1790180357167,1
1790180357185,0
1790180357382,1
1790180357382,0
1790180357763,1
1790180357763,0
1790180357997,1
1790180357997,0
1790180358026,1
1790180358045,0
1790180358084,1
1790180358087,0
1790180358110,1
1790180358128,0
1790180358142,1
1790180358158,2
1790180358181,1
1790180358182,0
1790180358279,1
1790180358279,0
1790180358605,1
1790180358605,0
1790180358630,1
1790180358657,0
1790180358663,1
1790180358663,0
1790180358711,1
1790180358711,0
1790180358741,1
1790180358755,0
1790180358956,1
1790180358956,0
1790180359011,1
1790180359011,0
1790180359208,1
1790180359208,0
1790180359566,1
1790180359566,0
1790180359596,1
1790180359617,0
1790180359779,1
1790180359779,0
1790180359808,1
1790180359822,0
1790180359892,1
1790180359892,0
1790180359927,1
1790180359937,0
1790180359947,1
1790180359985,2
1790180359989,1
1790180359989,0
1790180360019,1
1790180360030,0
1790180360310,1
1790180360310,0
1790180360343,1
1790180360357,0
1790180360404,1
1790180360412,0
1790180360932,1
1790180360932,0
1790180360967,1
1790180360980,0
1790180361164,1
1790180361164,0
1790180361242,1
1790180361242,0
1790180361387,1
1790180361387,0
1790180361410,1
1790180361428,0
1790180361617,1
1790180361617,0
1790180361768,1
1790180361768,0
1790180361971,1
1790180361971,0
1790180362030,1
1790180362030,0
1790180362054,1
1790180362070,0
1790180362075,1
1790180362075,0
1790180362101,1
1790180362128,0
1790180362284,1
1790180362284,0
1790180362393,1
1790180362393,0
1790180362495,1
1790180362495,0
1790180362533,1
1790180362549,0
1790180362555,1
1790180362582,2
1790180362590,1
1790180362609,2
1790180362629,1
1790180362639,2
1790180362682,1
1790180362682,0
1790180363325,1
1790180363325,0
1790180364128,1
1790180364128,0
1790180364157,1
1790180364169,0
1790180364188,1
1790180364218,2
1790180364219,1
1790180364219,0
1790180364816,1
1790180364816,0
1790180365934,1
1790180365934,0
1790180365957,1
1790180365989,2
1790180365991,1
1790180366011,2
1790180366037,1
1790180366037,0
1790180366069,1
1790180366069,0
1790180366097,1
1790180366112,0
1790180366183,1
1790180366183,0
1790180366326,1
1790180366326,0
1790180366359,1
1790180366381,2
1790180366383,1
1790180366423,0
1790180366461,1
1790180366463,0
1790180366570,1
1790180366570,0
1790180366919,1
1790180366920,0
1790180366940,1
1790180366960,0
1790180367194,1
1790180367195,0
1790180367403,1
1790180367403,0
1790180367739,1
1790180367739,0
1790180367968,1
1790180367968,0
1790180368090,1
1790180368090,0
1790180368116,1
1790180368133,0
1790180368147,1
1790180368147,0
1790180368174,1
1790180368174,0
1790180368207,1
1790180368218,0
1790180368234,1
1790180368257,0
1790180368634,1
1790180368634,0
1790180368658,1
1790180368678,0
1790180368691,1
1790180368691,0
1790180368837,1
1790180368837,0
1790180368989,1
1790180368989,0
1790180369325,1
1790180369325,0
1790180369385,1
1790180369385,0
1790180369871,1
1790180369871,0
1790180370034,1
1790180370034,0
1790180370952,1
1790180370953,0
1790180371670,1
1790180371670,0
1790180371707,1
1790180371711,0
1790180371729,1
1790180371752,0
1790180371881,1
1790180371881,0
1790180371904,1
1790180371924,0
1790180371932,1
1790180371965,0
1790180372940,1
1790180372940,0
1790180373037,1
1790180373037,0
1790180373097,1
1790180373097,0
1790180373127,1
1790180373138,0
1790180373160,1
1790180373161,0
1790180373191,1
1790180373192,0
1790180373251,1
1790180373251,0
1790180373354,1
1790180373354,0
1790180373553,1
1790180373554,0
1790180373583,1
1790180373595,0
1790180373608,1
1790180373634,0
1790180374271,1
1790180374271,0
1790180374309,1
1790180374316,0
1790180374615,1
1790180374615,0
1790180375209,1
1790180375209,0
1790180375623,1
1790180375623,0
1790180375647,1
1790180375665,0
1790180375683,1
1790180375704,0
1790180375966,1
1790180375966,0
1790180375993,1
1790180376008,0
1790180376023,1
1790180376050,0
1790180376183,1
1790180376183,0
1790180376221,1
1790180376225,0
1790180376239,1
1790180376239,0
1790180376271,1
1790180376283,0
1790180376333,1
1790180376333,0
1790180376359,1
1790180376375,0
1790180376390,1
1790180376390,0
1790180376412,1
1790180376412,0
1790180376434,1
1790180376434,0
1790180376824,1
1790180376824,0
1790180376974,1
1790180376975,0
1790180377092,1
1790180377092,0
1790180377336,1
1790180377336,0
1790180377488,1
1790180377488,0
1790180377547,1
1790180377547,0
1790180377572,1
1790180377592,0
1790180377606,1
1790180377629,2
1790180377631,1
1790180377631,0
1790180378127,1
1790180378127,0
1790180378154,1
1790180378166,0
1790180378214,1
1790180378214,0
1790180378238,1
1790180378256,0
1790180378267,1
1790180378267,0
1790180378459,1
1790180378459,0
1790180378490,1
1790180378499,0
1790180378504,1
1790180378504,0
1790180378540,1
1790180378540,0
1790180378627,1
1790180378627,0
1790180378860,1
1790180378860,0
1790180378890,1
1790180378905,0
1790180379098,1
1790180379098,0
1790180379380,1
1790180379380,0
1790180379410,1
1790180379419,0
1790180379640,1
1790180379640,0
1790180379817,1
1790180379817,0
1790180379846,1
1790180379857,0
1790180379874,1
1790180379874,0
1790180379985,1
1790180379985,0
1790180380210,1
1790180380210,0
1790180380273,1
1790180380273,0
1790180380295,1
1790180380313,0
1790180380599,1
1790180380600,0
1790180380614,1
1790180380638,0
1790180380644,1
1790180380645,0
1790180380678,1
1790180380679,0
1790180380965,1
1790180380965,0
1790180381041,1
1790180381041,0
1790180381072,1
1790180381082,0
1790180381101,1
1790180381121,0
1790180381646,1
1790180381646,0
1790180381677,1
1790180381685,0
1790180381707,1
1790180381707,0
1790180381727,1
1790180381727,0
1790180382370,1
1790180382370,0
1790180382400,1
1790180382409,0
1790180382551,1
1790180382551,0
1790180382579,1
1790180382596,0
1790180382602,1
1790180382638,0
1790180382853,1
1790180382853,0
1790180383167,1
1790180383167,0
1790180383194,1
1790180383206,0
1790180383398,1
1790180383398,0
1790180383486,1
1790180383487,0
1790180383593,1
1790180383593,0
1790180383623,1
1790180383640,0
1790180383653,1
1790180383679,0
1790180383943,1
1790180383943,0
1790180384048,1
1790180384048,0
1790180384083,1
1790180384092,0
1790180384110,1
1790180384110,0
1790180384283,1
1790180384283,0
1790180384416,1
1790180384417,0
1790180384463,1
1790180384467,0
1790180384788,1
1790180384788,0
1790180385202,1
1790180385202,0
1790180385235,1
1790180385242,0
1790180385261,1
1790180385261,0
1790180385729,1
1790180385729,0
1790180386047,1
1790180386048,0
1790180386102,1
1790180386102,0
1790180386132,1
1790180386143,0
1790180386157,1
1790180386157,0
1790180386258,1
1790180386258,0
1790180386372,1
1790180386372,0
1790180387151,1
1790180387151,0
1790180387177,1
1790180387196,0
1790180387351,1
1790180387351,0
1790180387379,1
1790180387392,0
