1790179474531,1
1790179474541,1
1790179474541,1
1790179474601,2
1790179474738,3
1790179474802,2
1790179474917,1
1790179474956,2
1790179474983,3
1790179475003,2
1790179475024,3
1790179475065,4
1790179475094,5
1790179475097,4
1790179475118,5
1790179475141,6
1790179475152,5
1790179475252,4
1790179475307,5
1790179475328,6
1790179475354,5
1790179475361,6
1790179475436,5
1790179475484,4
1790179475534,3
1790179475586,2
1790179475635,1
1790179475686,0
1790179475866,1
1790179475866,0
1790179475889,1
1790179475912,0
1790179475914,1
1790179475957,0
1790179476600,1
1790179476600,0
1790179476793,1
1790179476793,0
1790179476820,1
1790179476839,0
1790179477046,1
1790179477046,0
1790179477095,1
1790179477100,0
1790179477122,1
1790179477149,0
1790179477166,1
1790179477190,2
1790179477195,1
1790179477214,2
1790179477240,1
1790179477260,2
1790179477285,1
1790179477287,2
1790179477329,1
1790179477376,0
1790179477509,1
1790179477509,0
1790179477556,1
1790179477556,0
1790179477579,1
1790179477617,0
1790179477629,1
1790179477654,2
1790179477683,3
1790179477691,2
1790179477733,1
1790179477778,0
1790179477778,1
1790179477825,0
1790179478023,1
1790179478023,0
1790179478047,1
1790179478067,0
1790179478162,1
1790179478162,0
1790179478260,1
1790179478260,0
1790179478282,1
1790179478305,0
1790179478488,1
1790179478488,0
1790179478516,1
1790179478535,0
1790179478638,1
1790179478638,0
1790179478783,1
1790179478783,0
1790179478809,1
1790179478827,0
1790179478834,1
1790179478854,2
1790179478872,1
1790179478917,0
1790179479378,1
1790179479378,0
1790179479405,1
1790179479423,0
1790179479429,1
1790179479469,0
1790179479785,1
1790179479785,0
1790179479810,1
1790179479828,0
1790179480082,1
1790179480082,0
1790179480155,1
1790179480155,0
1790179480180,1
1790179480200,0
1790179480204,1
1790179480230,2
1790179480242,1
1790179480279,2
1790179480288,1
1790179480332,0
1790179480548,1
1790179480549,0
1790179480612,1
1790179480613,0
1790179480643,1
1790179480659,0
1790179480665,1
1790179480690,2
1790179480702,1
1790179480716,2
1790179480745,1
1790179480791,0
1790179480794,1
1790179480814,2
1790179480834,1
1790179480878,0
1790179481677,1
1790179481677,0
1790179481943,1
1790179481943,0
1790179481967,1
1790179481987,0
1790179482161,1
1790179482161,0
1790179482187,1
1790179482216,2
1790179482218,1
1790179482242,2
1790179482264,1
1790179482265,2
1790179482292,3
1790179482307,2
1790179482333,3
1790179482351,2
1790179482362,3
1790179482398,2
1790179482444,1
1790179482487,0
1790179482598,1
1790179482598,0
1790179482784,1
1790179482784,0
1790179482813,1
1790179482828,0
1790179482838,1
1790179482872,0
1790179483214,1
1790179483214,0
1790179483502,1
1790179483502,0
1790179483517,1
1790179483541,0
1790179483543,1
1790179483587,0
1790179483596,1
1790179483618,2
1790179483632,1
1790179483647,2
1790179483678,1
1790179483724,0
1790179483979,1
1790179483979,0
1790179484007,1
1790179484026,0
1790179484131,1
1790179484131,0
1790179484198,1
1790179484198,0
1790179484370,1
1790179484370,0
1790179484415,1
1790179484416,0
1790179484440,1
1790179484460,0
1790179484469,1
1790179484503,0
1790179484661,1
1790179484661,0
1790179484896,1
1790179484896,0
1790179484921,1
1790179484940,0
1790179485187,1
1790179485188,0
1790179485211,1
1790179485229,2
1790179485235,1
1790179485257,2
1790179485280,1
1790179485313,2
1790179485325,1
1790179485369,0
1790179485500,1
1790179485501,0
1790179485524,1
1790179485545,0
1790179485552,1
1790179485589,0
1790179485599,1
1790179485633,0
1790179485649,1
1790179485669,2
1790179485678,1
1790179485694,2
1790179485720,1
1790179485721,2
1790179485762,1
1790179485809,0
1790179486038,1
1790179486038,0
1790179486355,1
1790179486356,0
1790179486379,1
1790179486404,2
1790179486407,1
1790179486434,2
1790179486457,1
1790179486501,0
1790179487144,1
1790179487145,0
1790179487195,1
1790179487195,0
1790179487221,1
1790179487242,0
1790179487493,1
1790179487493,0
1790179487510,1
1790179487528,2
1790179487537,1
1790179487554,2
1790179487584,1
1790179487629,0
1790179487726,1
1790179487726,0
1790179487751,1
1790179487770,0
1790179487773,1
1790179487817,0
1790179488112,1
1790179488113,0
1790179488132,1
1790179488161,2
1790179488164,1
1790179488210,0
1790179488258,1
1790179488258,0
1790179488568,1
1790179488568,0
1790179488592,1
1790179488612,0
1790179488785,1
1790179488785,0
1790179488954,1
1790179488954,0
1790179488977,1
1790179488998,0
1790179489100,1
1790179489100,0
1790179489125,1
1790179489146,0
1790179489150,1
1790179489175,2
1790179489192,1
1790179489236,0
1790179489764,1
1790179489764,0
1790179490033,1
1790179490034,0
1790179490057,1
1790179490079,0
1790179490081,1
1790179490124,0
1790179490558,1
1790179490558,0
1790179490663,1
1790179490663,0
1790179490806,1
1790179490806,0
1790179490829,1
1790179490850,0
1790179491033,1
1790179491035,0
1790179491062,1
1790179491082,0
1790179491103,1
1790179491127,0
1790179491545,1
1790179491545,0
1790179491718,1
1790179491718,0
1790179491766,1
1790179491766,0
1790179492078,1
1790179492078,0
1790179492102,1
1790179492121,0
1790179492126,1
1790179492149,2
1790179492166,1
1790179492211,0
1790179492413,1
1790179492413,0
1790179492438,1
1790179492459,0
1790179492534,1
1790179492535,0
1790179492555,1
1790179492578,0
1790179492579,1
1790179492604,2
1790179492622,1
1790179492670,0
1790179492923,1
1790179492923,0
1790179493157,1
1790179493157,0
1790179493182,1
1790179493201,0
1790179493831,1
1790179493831,0
1790179493856,1
1790179493876,0
1790179493902,1
1790179493920,0
1790179493927,1
1790179493952,2
1790179493963,1
1790179493977,2
1790179494008,1
1790179494023,2
1790179494051,1
1790179494095,0
1790179494124,1
1790179494141,0
1790179494616,1
1790179494616,0
1790179494640,1
1790179494659,0
1790179494664,1
1790179494702,0
1790179494814,1
1790179494814,0
1790179495078,1
1790179495078,0
1790179495103,1
1790179495122,0
1790179495122,1
1790179495165,0
1790179495602,1
1790179495602,0
1790179496416,1
1790179496416,0
1790179496438,1
1790179496460,2
1790179496463,1
1790179496482,2
1790179496511,1
1790179496560,0
1790179496599,1
1790179496607,0
1790179496864,1
1790179496864,0
1790179496885,1
1790179496905,2
1790179496914,1
1790179496933,2
1790179496958,3
1790179496959,2
1790179497005,1
1790179497051,0
1790179497355,1
1790179497356,0
1790179497377,1
1790179497399,0
1790179497402,1
1790179497441,0
1790179497657,1
1790179497657,0
1790179497809,1
1790179497809,0
1790179497832,1
1790179497853,0
1790179497857,1
1790179497896,0
1790179497904,1
1790179497932,2
1790179497942,1
1790179497986,0
1790179498005,1
1790179498029,0
1790179498359,1
1790179498359,0
1790179498385,1
1790179498418,0
1790179498484,1
1790179498484,0
1790179498506,1
1790179498525,2
1790179498534,1
1790179498551,2
1790179498578,1
1790179498635,0
1790179498648,1
1790179498665,2
1790179498679,1
1790179498726,0
1790179498862,1
1790179498862,0
1790179498907,1
1790179498907,0
1790179498935,1
1790179498952,0
1790179498956,1
1790179498981,2
1790179498994,1
1790179499007,2
1790179499032,3
1790179499039,2
1790179499080,3
1790179499082,2
1790179499104,3
1790179499124,2
1790179499128,3
1790179499167,2
1790179499215,1
1790179499259,0
1790179499487,1
1790179499487,0
1790179499536,1
1790179499536,0
1790179499727,1
1790179499727,0
1790179499749,1
1790179499770,0
1790179499820,1
1790179499820,0
1790179499840,1
1790179499865,2
1790179499866,1
1790179499890,2
1790179499909,1
1790179499915,2
1790179499942,3
1790179499951,2
1790179499961,3
1790179499994,2
1790179500042,1
1790179500086,0
1790179500165,1
1790179500165,0
1790179500265,1
1790179500265,0
1790179500556,1
1790179500556,0
1790179500576,1
1790179500600,0
1790179500606,1
1790179500643,0
1790179500723,1
1790179500723,0
1790179500747,1
1790179500767,0
1790179500933,1
1790179500933,0
1790179500953,1
1790179500976,0
1790179501195,1
1790179501195,0
1790179501218,1
1790179501238,0
1790179501246,1
1790179501270,2
1790179501281,1
1790179501293,2
1790179501319,3
1790179501325,2
1790179501372,1
1790179501393,2
1790179501418,1
1790179501421,2
1790179501461,1
1790179501508,0
1790179502065,1
1790179502065,0
1790179502377,1
1790179502378,0
1790179502403,1
1790179502422,0
1790179502428,1
1790179502467,0
1790179502719,1
1790179502719,0
1790179502819,1
1790179502819,0
1790179503184,1
1790179503185,0
1790179503210,1
1790179503234,0
1790179503286,1
1790179503286,0
1790179503373,1
1790179503373,0
1790179504110,1
1790179504110,0
1790179504227,1
1790179504227,0
1790179504250,1
1790179504270,2
1790179504271,1
1790179504316,0
1790179504318,1
1790179504344,2
1790179504363,1
1790179504407,0
1790179504416,1
1790179504452,0
1790179504590,1
1790179504590,0
1790179504615,1
1790179504635,0
1790179504639,1
1790179504679,0
1790179504690,1
1790179504716,2
1790179504722,1
1790179504737,2
1790179504764,3
1790179504766,2
1790179504812,1
1790179504855,0
1790179505005,1
1790179505005,0
1790179505051,1
1790179505052,0
1790179505227,1
1790179505228,0
1790179505344,1
1790179505344,0
1790179505469,1
1790179505469,0
1790179505956,1
1790179505956,0
1790179506168,1
1790179506168,0
1790179506193,1
1790179506229,0
1790179506246,1
1790179506266,2
1790179506273,1
1790179506318,0
1790179506751,1
1790179506751,0
1790179506769,1
1790179506790,2
1790179506802,1
1790179506816,2
1790179506847,1
1790179506891,2
1790179506892,1
1790179506935,0
1790179507202,1
1790179507202,0
1790179507229,1
1790179507248,0
1790179507251,1
1790179507276,2
1790179507291,1
1790179507299,2
1790179507334,1
1790179507352,2
1790179507378,1
1790179507426,0
1790179507589,1
1790179507589,0
1790179507635,1
1790179507635,0
1790179508002,1
1790179508002,0
1790179508024,1
1790179508050,0
1790179508208,1
1790179508208,0
1790179508283,1
1790179508283,0
1790179508308,1
1790179508330,0
1790179508796,1
1790179508796,0
1790179508823,1
1790179508841,0
1790179508846,1
1790179508872,2
1790179508886,1
1790179508933,0
1790179509257,1
1790179509257,0
1790179509280,1
1790179509300,0
1790179509304,1
1790179509330,2
1790179509344,1
1790179509391,0
1790179509594,1
1790179509594,0
1790179509617,1
1790179509637,0
1790179509668,1
1790179509685,0
1790179509693,1
1790179509729,0
1790179509891,1
1790179509891,0
1790179510128,1
1790179510128,0
1790179510153,1
1790179510178,2
1790179510178,1
1790179510223,0
1790179510299,1
1790179510300,0
1790179510319,1
1790179510346,0
1790179510370,1
1790179510392,0
1790179510559,1
1790179510559,0
1790179510581,1
1790179510603,0
1790179510607,1
1790179510649,2
1790179510654,1
1790179510678,2
1790179510703,1
1790179510703,2
1790179510750,1
1790179510802,0
1790179510987,1
1790179510987,0
1790179511038,1
1790179511038,0
1790179511060,1
1790179511082,0
1790179511107,1
1790179511125,0
1790179511129,1
1790179511148,2
1790179511170,1
1790179511213,0
1790179511639,1
1790179511639,0
1790179511663,1
1790179511683,2
1790179511686,1
1790179511731,0
1790179511946,1
1790179511946,0
1790179511975,1
1790179511990,0
1790179512096,1
1790179512096,0
1790179512122,1
1790179512143,2
1790179512158,1
1790179512205,0
1790179512577,1
1790179512577,0
1790179512603,1
1790179512622,2
1790179512623,1
1790179512664,0
1790179512799,1
1790179512799,0
1790179513162,1
1790179513162,0
1790179513187,1
1790179513212,2
1790179513216,1
1790179513243,2
1790179513258,1
1790179513311,0
1790179513506,1
1790179513507,0
1790179513526,1
1790179513550,0
1790179514182,1
1790179514182,0
1790179514472,1
1790179514473,0
1790179514498,1
1790179514526,0
1790179514669,1
1790179514669,0
1790179514718,1
1790179514723,0
1790179514740,1
1790179514760,2
1790179514776,1
1790179514781,2
1790179514807,3
1790179514819,2
1790179514831,3
1790179514852,4
1790179514873,3
1790179514914,2
1790179514931,3
1790179514964,2
1790179515005,1
1790179515045,0
1790179515104,1
1790179515104,0
1790179515127,1
1790179515149,0
1790179515471,1
1790179515471,0
1790179515494,1
1790179515516,2
1790179515523,1
1790179515540,2
1790179515576,1
1790179515591,2
1790179515631,1
1790179515685,2
1790179515687,1
1790179515731,0
1790179516073,1
1790179516073,0
1790179516147,1
1790179516147,0
1790179516268,1
1790179516268,0
1790179516294,1
1790179516321,0
1790179516392,1
1790179516392,0
1790179516418,1
1790179516433,0
1790179516444,1
1790179516465,2
1790179516487,1
1790179516509,2
1790179516541,1
1790179516597,0
1790179516728,1
1790179516729,0
1790179516753,1
1790179516770,0
1790179517064,1
1790179517064,0
1790179517158,1
1790179517158,0
1790179517403,1
1790179517403,0
1790179517478,1
1790179517478,0
1790179517502,1
1790179517527,0
1790179517736,1
1790179517736,0
1790179517914,1
1790179517914,0
1790179518014,1
1790179518014,0
1790179518040,1
1790179518058,0
1790179518065,1
1790179518100,0
1790179518358,1
1790179518358,0
1790179518401,1
1790179518410,0
1790179518427,1
1790179518449,2
1790179518466,1
1790179518520,0
1790179518575,1
1790179518575,0
1790179518596,1
1790179518616,2
1790179518620,1
1790179518670,2
1790179518674,1
1790179518727,0
1790179518838,1
1790179518838,0
1790179518912,1
1790179518912,0
1790179519308,1
1790179519308,0
1790179519500,1
1790179519500,0
1790179519524,1
1790179519550,0
1790179519574,1
1790179519590,0
1790179519599,1
1790179519630,0
1790179519764,1
1790179519764,0
1790179520174,1
1790179520174,0
1790179520658,1
1790179520658,0
1790179520683,1
1790179520699,0
1790179521151,1
1790179521151,0
1790179521222,1
1790179521222,0
1790179521338,1
1790179521338,0
1790179521362,1
1790179521391,0
1790179521708,1
1790179521708,0
1790179521732,1
1790179521754,2
1790179521764,1
1790179521817,0
1790179521878,1
1790179521878,0
1790179521932,1
1790179521932,0
1790179521957,1
1790179521972,0
1790179521982,1
1790179522008,2
1790179522023,1
1790179522055,2
1790179522077,1
1790179522104,2
1790179522121,1
1790179522121,2
1790179522174,1
1790179522215,0
1790179522266,1
1790179522266,0
1790179522291,1
1790179522320,0
1790179522341,1
1790179522369,2
1790179522373,1
1790179522425,0
1790179522486,1
1790179522486,0
1790179522607,1
1790179522607,0
1790179522851,1
1790179522851,0
1790179522876,1
1790179522896,2
1790179522904,1
1790179522921,2
1790179522946,1
1790179522987,0
1790179523069,1
1790179523070,0
1790179523172,1
1790179523172,0
1790179523198,1
1790179523213,2
1790179523225,1
1790179523241,2
1790179523265,1
1790179523318,0
1790179523533,1
1790179523533,0
1790179523652,1
1790179523652,0
1790179523677,1
1790179523705,0
1790179523777,1
1790179523777,0
1790179523800,1
1790179523825,2
1790179523832,1
1790179523850,2
1790179523872,1
1790179523928,0
1790179524158,1
1790179524158,0
1790179524208,1
1790179524208,0
1790179524233,1
1790179524258,2
1790179524260,1
1790179524283,2
1790179524308,3
1790179524312,2
1790179524356,1
1790179524397,0
1790179524473,1
1790179524473,0
1790179524497,1
1790179524522,2
1790179524525,1
1790179524547,2
1790179524579,1
1790179524620,2
1790179524632,1
1790179524687,0
1790179524814,1
1790179524814,0
1790179524834,1
1790179524855,0
1790179525067,1
1790179525068,0
1790179525092,1
1790179525122,0
1790179525529,1
1790179525529,0
1790179525552,1
1790179525576,2
1790179525619,1
1790179525673,0
1790179525724,1
1790179525724,0
1790179525851,1
1790179525852,0
1790179525875,1
1790179525894,0
1790179525900,1
1790179525946,0
1790179526023,1
1790179526023,0
1790179526183,1
1790179526183,0
1790179526919,1
1790179526919,0
1790179526966,1
1790179526966,0
1790179527384,1
1790179527385,0
1790179527630,1
1790179527631,0
1790179527655,1
1790179527683,0
1790179527708,1
1790179527723,2
1790179527724,1
1790179527749,2
1790179527764,1
1790179527777,2
1790179527803,1
1790179527857,0
1790179527897,1
1790179527901,0
1790179528263,1
1790179528263,0
1790179528287,1
1790179528310,2
1790179528317,1
1790179528357,2
1790179528370,1
1790179528415,0
1790179528713,1
1790179528713,0
1790179528738,1
1790179528755,0
1790179528763,1
1790179528810,0
1790179529156,1
1790179529156,0
1790179529182,1
1790179529205,2
1790179529222,1
1790179529233,2
1790179529261,1
1790179529283,2
1790179529303,3
1790179529314,2
1790179529323,3
1790179529345,4
1790179529367,3
1790179529368,4
1790179529417,3
1790179529471,2
1790179529512,1
1790179529566,0
1790179529760,1
1790179529761,0
1790179529782,1
1790179529805,2
1790179529817,1
1790179529829,2
1790179529857,1
1790179529892,2
1790179529911,1
1790179529968,0
1790179529994,1
1790179530013,0
1790179530017,1
1790179530042,2
1790179530066,1
1790179530106,0
1790179530140,1
1790179530145,0
1790179530163,1
1790179530185,2
1790179530199,1
1790179530244,0
1790179530596,1
1790179530596,0
1790179530621,1
1790179530637,0
1790179530666,1
1790179530691,2
1790179530691,1
1790179530717,2
1790179530736,1
1790179530739,2
1790179530777,1
1790179530815,2
1790179530833,1
1790179530886,2
1790179530887,1
1790179530913,2
1790179530929,1
1790179530938,2
1790179530959,3
1790179530973,2
1790179531014,1
1790179531066,2
1790179531067,1
1790179531109,0
1790179531454,1
1790179531454,0
1790179531591,1
1790179531592,0
1790179531611,1
1790179531642,2
1790179531644,1
1790179531665,2
1790179531689,1
1790179531730,0
1790179531758,1
1790179531775,0
1790179531782,1
1790179531816,0
1790179531907,1
1790179531907,0
1790179533197,1
1790179533198,0
1790179533299,1
1790179533299,0
1790179533318,1
1790179533340,0
1790179533346,1
1790179533371,2
1790179533379,1
1790179533418,0
1790179533421,1
1790179533446,2
1790179533458,1
1790179533472,2
1790179533496,3
1790179533502,2
1790179533519,3
1790179533541,2
1790179533581,1
1790179533621,0
1790179533664,1
1790179533666,0
1790179533878,1
1790179533878,0
1790179533992,1
1790179533992,0
1790179534113,1
1790179534113,0
1790179534574,1
1790179534574,0
1790179534767,1
1790179534767,0
1790179534937,1
1790179534937,0
1790179534960,1
1790179534977,0
1790179535032,1
1790179535032,0
1790179535054,1
1790179535077,0
1790179535079,1
1790179535104,2
1790179535118,1
1790179535158,0
1790179535394,1
1790179535394,0
1790179535442,1
1790179535442,0
1790179535467,1
1790179535485,0
1790179535588,1
1790179535588,0
1790179535731,1
1790179535731,0
1790179535755,1
1790179535770,0
1790179535777,1
1790179535802,2
1790179535815,1
1790179535854,0
1790179536118,1
1790179536118,0
1790179536288,1
1790179536288,0
1790179536313,1
1790179536328,0
1790179536599,1
1790179536599,0
1790179536867,1
1790179536867,0
1790179537088,1
1790179537088,0
1790179537113,1
1790179537128,0
1790179537139,1
1790179537160,2
1790179537173,1
1790179537189,2
1790179537213,1
1790179537253,0
1790179537709,1
1790179537709,0
1790179537827,1
1790179537827,0
1790179537849,1
1790179537871,0
1790179537875,1
1790179537912,0
1790179538374,1
1790179538374,0
1790179538398,1
1790179538414,0
1790179538590,1
1790179538590,0
1790179538615,1
1790179538632,0
1790179538665,1
1790179538672,0
1790179538690,1
1790179538711,0
1790179538713,1
1790179538750,0
1790179538838,1
1790179538838,0
1790179538863,1
1790179538879,0
1790179538938,1
1790179538938,0
1790179539102,1
1790179539102,0
1790179539173,1
1790179539173,0
1790179539198,1
1790179539213,0
1790179539224,1
1790179539248,2
1790179539253,1
1790179539293,0
1790179539298,1
1790179539321,2
1790179539335,1
1790179539379,0
1790179539422,1
1790179539422,0
1790179539447,1
1790179539462,0
1790179539471,1
1790179539496,2
1790179539502,1
1790179539547,2
1790179539547,1
1790179539589,0
1790179539669,1
1790179539670,0
1790179539693,1
1790179539709,0
1790179539718,1
1790179539747,0
1790179539891,1
1790179539891,0
1790179539915,1
1790179539930,0
1790179539939,1
1790179539965,2
1790179539969,1
1790179540009,0
1790179540012,1
1790179540055,0
1790179540061,1
1790179540086,2
1790179540095,1
1790179540134,0
1790179540675,1
1790179540675,0
1790179541059,1
1790179541059,0
1790179541082,1
1790179541102,0
1790179541105,1
1790179541142,0
1790179541270,1
1790179541270,0
1790179541292,1
1790179541319,2
1790179541327,1
1790179541347,2
1790179541373,1
1790179541414,0
1790179541415,1
1790179541455,0
1790179541511,1
1790179541512,0
1790179541533,1
1790179541552,0
1790179541556,1
1790179541595,0
1790179541655,1
1790179541655,0
1790179541678,1
1790179541701,0
1790179542753,1
1790179542753,0
1790179543240,1
1790179543240,0
1790179543264,1
1790179543281,0
1790179543284,1
1790179543305,2
1790179543322,1
1790179543364,0
1790179543530,1
1790179543530,0
1790179543890,1
1790179543890,0
1790179543915,1
1790179543932,0
1790179543960,1
1790179543972,0
1790179544391,1
1790179544391,0
1790179544412,1
1790179544436,0
1790179544562,1
1790179544562,0
1790179544611,1
1790179544611,0
1790179544629,1
1790179544653,0
1790179544654,1
1790179544693,0
1790179544708,1
1790179544728,2
1790179544737,1
1790179544758,2
1790179544777,1
1790179544817,0
1790179545139,1
1790179545139,0
1790179545552,1
1790179545552,0
1790179545572,1
1790179545593,0
1790179545719,1
1790179545719,0
1790179545746,1
1790179545759,0
1790179545847,1
1790179545847,0
1790179545865,1
1790179545892,0
1790179545893,1
1790179545916,2
1790179545932,1
1790179545972,0
1790179545990,1
1790179546012,0
1790179546064,1
1790179546064,0
1790179546454,1
1790179546454,0
1790179547326,1
1790179547326,0
1790179547543,1
1790179547543,0
1790179547568,1
1790179547584,0
1790179547831,1
1790179547831,0
1790179547853,1
1790179547872,0
1790179548116,1
1790179548116,0
1790179548141,1
1790179548159,0
1790179548162,1
1790179548191,2
1790179548203,1
1790179548219,2
1790179548242,1
1790179548265,2
1790179548281,1
1790179548321,0
1790179548679,1
1790179548679,0
1790179548971,1
1790179548971,0
1790179549145,1
1790179549145,0
1790179549487,1
1790179549487,0
1790179549509,1
1790179549527,0
1790179549535,1
1790179549557,2
1790179549571,1
1790179549576,2
1790179549612,1
1790179549666,0
1790179549849,1
1790179549849,0
1790179549873,1
1790179549892,0
1790179549897,1
1790179549936,0
1790179549971,1
1790179549977,0
1790179549995,1
1790179550016,0
1790179550020,1
1790179550044,2
1790179550055,1
1790179550100,0
1790179550115,1
1790179550141,0
