1790179291795,1
1790179291800,0
1790179291822,1
1790179292064,0
1790179292257,1
1790179292258,0
1790179292806,1
1790179292806,0
1790179292860,1
1790179292867,0
1790179292970,1
1790179292970,0
1790179293026,1
1790179293026,0
1790179293077,1
1790179293114,0
1790179293457,1
1790179293457,0
1790179293506,1
1790179293548,0
1790179293556,1
1790179293612,0
1790179293616,1
1790179293661,0
1790179293669,1
1790179293707,0
1790179294810,0
1790179294810,0
1790179295191,1
1790179295191,0
1790179296548,1
1790179296548,0
1790179296601,1
1790179296601,0
1790179296653,1
1790179296654,0
1790179296709,1
1790179296709,0
1790179296871,1
1790179296871,0
1790179297087,1
1790179297087,0
1790179297142,1
1790179297143,0
1790179297196,1
1790179297196,0
1790179298283,1
1790179298284,0
1790179298441,1
1790179298442,0
1790179298934,1
1790179298934,0
1790179299529,1
1790179299529,0
1790179299580,1
1790179299580,0
1790179300129,1
1790179300129,0
1790179300398,1
1790179300398,0
1790179300453,1
1790179300453,0
1790179301715,1
1790179301715,0
1790179301771,1
1790179301771,0
1790179301826,1
1790179301827,0
1790179301877,1
1790179301877,0
1790179301938,1
1790179301939,0
1790179302265,1
1790179302265,0
1790179302314,1
1790179302314,0
1790179302368,1
1790179302368,0
1790179302701,1
1790179302701,0
1790179302966,1
1790179302966,0
1790179304536,1
1790179304537,0
1790179304590,1
1790179304590,0
1790179304755,1
1790179304755,0
1790179305139,1
1790179305139,0
1790179305191,1
1790179305191,0
1790179305245,1
1790179305245,0
1790179305523,1
1790179305523,0
1790179305733,1
1790179305733,0
1790179305789,1
1790179305789,0
1790179306168,1
1790179306168,0
1790179306335,1
1790179306335,0
1790179307728,1
1790179307728,0
1790179307834,1
1790179307834,0
1790179308155,1
1790179308155,0
1790179308274,1
1790179308274,0
1790179308318,1
1790179308327,0
1790179308758,1
1790179308758,0
1790179308868,1
1790179308868,0
1790179308922,1
1790179308922,0
1790179308985,1
1790179308985,0
1790179309030,1
1790179309030,0
1790179309082,1
1790179309082,0
1790179309137,1
1790179309138,0
1790179309191,1
1790179309191,0
1790179310152,1
1790179310153,0
1790179310203,1
1790179310235,0
1790179310802,1
1790179310802,0
1790179311348,1
1790179311348,0
1790179311400,1
1790179311400,0
1790179311505,1
1790179311505,0
1790179311563,1
1790179311563,0
1790179311613,1
1790179311613,0
1790179311671,1
1790179311672,0
1790179311997,1
1790179311997,0
1790179312047,1
1790179312047,0
1790179312101,1
1790179312101,0
1790179312151,1
1790179312151,0
1790179312477,1
1790179312478,0
1790179313014,1
1790179313014,0
1790179313072,1
1790179313073,0
1790179313126,1
1790179313126,0
1790179313178,1
1790179313178,0
1790179314367,1
1790179314367,0
1790179314529,1
1790179314529,0
1790179314586,1
1790179314586,0
1790179314641,1
1790179314641,0
1790179314692,1
1790179314692,0
1790179314797,1
1790179314797,0
1790179314856,1
1790179314857,0
1790179315338,1
1790179315339,0
1790179317059,1
1790179317060,0
1790179317322,1
1790179317322,0
1790179317429,1
1790179317429,0
1790179317588,1
1790179317588,0
1790179318439,1
1790179318439,0
1790179318823,1
1790179318823,0
1790179319040,1
1790179319040,0
1790179319896,1
1790179319896,0
1790179319951,1
1790179319951,0
1790179320162,1
1790179320162,0
1790179320217,1
1790179320217,0
1790179320269,1
1790179320269,0
1790179320322,1
1790179320322,0
1790179320425,1
1790179320425,0
1790179320694,1
1790179320694,0
1790179320747,1
1790179320747,0
1790179320804,1
1790179320804,0
1790179321020,1
1790179321020,0
1790179321182,1
1790179321182,0
1790179321237,1
1790179321237,0
1790179321293,1
1790179321293,0
1790179321347,1
1790179321347,0
1790179321399,1
1790179321400,0
1790179321948,1
1790179321948,0
1790179322002,1
1790179322002,0
1790179322051,1
1790179322051,0
1790179322107,1
1790179322107,0
1790179322162,1
1790179322162,0
1790179322705,1
1790179322706,0
1790179323458,1
1790179323458,0
1790179324209,1
1790179324210,0
1790179324796,1
1790179324797,0
1790179324847,1
1790179324851,0
1790179324902,1
1790179324903,0
1790179325011,1
1790179325011,0
1790179325063,1
1790179325063,0
1790179325770,1
1790179325770,0
1790179326138,0
1790179326140,0
1790179326258,0
1790179326259,0
1790179326635,1
1790179326635,0
1790179326682,1
1790179326682,0
1790179326739,1
1790179326739,0
1790179327341,1
1790179327341,0
1790179327386,1
1790179327392,0
1790179327443,1
1790179327443,0
1790179327497,1
1790179327497,0
1790179327547,1
1790179327547,0
1790179327605,1
1790179327605,0
1790179327655,1
1790179327655,0
1790179328263,1
1790179328263,0
1790179328756,1
1790179328757,0
1790179328811,1
1790179328812,0
1790179329354,1
1790179329354,0
1790179329952,1
1790179329953,0
1790179330005,1
1790179330005,0
1790179330060,1
1790179330060,0
1790179330827,1
1790179330828,0
1790179330876,1
1790179330876,0
1790179330934,1
1790179330934,0
1790179331211,1
1790179331211,0
1790179331262,1
1790179331263,0
1790179332229,1
1790179332229,0
1790179332288,1
1790179332288,0
1790179332772,1
1790179332772,0
1790179333198,1
1790179333198,0
1790179333418,1
1790179333418,0
1790179333472,1
1790179333472,0
1790179333854,1
1790179333854,0
1790179333905,1
1790179333905,0
1790179333955,1
1790179333955,0
1790179334065,1
1790179334065,0
1790179334120,1
1790179334120,0
1790179334172,1
1790179334172,0
1790179334281,1
1790179334281,0
1790179334338,1
1790179334338,0
1790179334562,1
1790179334562,0
1790179334608,1
1790179334613,0
1790179334663,1
1790179334663,0
1790179334719,1
1790179334719,0
1790179334769,1
1790179334769,0
1790179334823,1
1790179334823,0
1790179335310,1
1790179335310,0
1790179335364,1
1790179335364,0
1790179335412,1
1790179335412,0
1790179335464,1
1790179335464,0
1790179336067,1
1790179336067,0
1790179336341,1
1790179336342,0
1790179336395,1
1790179336395,0
1790179337544,1
1790179337544,0
1790179337874,1
1790179337874,0
1790179337980,1
1790179337980,0
1790179338033,1
1790179338033,0
1790179338090,1
1790179338090,0
1790179338143,1
1790179338143,0
1790179338412,1
1790179338412,0
1790179338471,1
1790179338471,0
1790179338895,1
1790179338895,0
1790179338952,1
1790179338952,0
1790179339055,1
1790179339055,0
1790179339108,1
1790179339109,0
1790179339377,1
1790179339377,0
1790179339590,1
1790179339590,0
1790179339703,0
1790179339704,0
1790179339755,1
1790179339755,0
1790179339814,1
1790179339814,0
1790179339865,1
1790179339866,0
1790179340193,1
1790179340193,0
1790179340733,1
1790179340733,0
1790179340787,1
1790179340787,0
1790179340843,1
1790179340843,0
1790179340898,1
1790179340898,0
1790179340999,1
1790179340999,0
1790179341110,1
1790179341111,0
1790179341163,1
1790179341163,0
1790179342029,1
1790179342029,0
1790179343005,1
1790179343006,0
1790179343109,1
1790179343109,0
1790179343548,1
1790179343548,0
1790179343604,1
1790179343604,0
1790179343652,1
1790179343653,0
1790179344035,1
1790179344035,0
1790179344199,1
1790179344199,0
1790179344255,1
1790179344255,0
1790179344789,1
1790179344789,0
1790179344843,1
1790179344843,0
1790179344896,1
1790179344896,0
1790179344955,1
1790179344955,0
1790179345005,1
1790179345005,0
1790179345223,1
1790179345223,0
1790179345280,1
1790179345280,0
1790179345343,1
1790179345343,0
1790179345554,1
1790179345554,0
1790179346381,1
1790179346381,0
1790179346595,1
1790179346595,0
1790179346760,1
1790179346760,0
1790179347670,1
1790179347670,0
1790179347730,1
1790179347730,0
1790179347835,1
1790179347835,0
1790179348927,1
1790179348927,0
1790179349520,1
1790179349520,0
1790179349574,1
1790179349574,0
1790179349628,1
1790179349628,0
1790179349678,1
1790179349678,0
1790179350328,1
1790179350328,0
1790179350383,1
1790179350383,0
1790179350438,1
1790179350438,0
1790179350975,1
1790179350975,0
1790179351295,1
1790179351295,0
1790179351734,1
1790179351734,0
1790179351785,1
1790179351785,0
1790179351835,1
1790179351835,0
1790179352274,1
1790179352274,0
1790179352548,1
1790179352548,0
1790179352769,1
1790179352769,0
1790179352987,1
1790179352988,0
1790179353423,1
1790179353423,0
1790179353802,1
1790179353802,0
1790179353855,1
1790179353855,0
1790179353918,1
1790179353918,0
1790179355484,1
1790179355484,0
1790179355539,1
1790179355539,0
1790179355594,1
1790179355594,0
1790179356026,1
1790179356026,0
1790179356571,1
1790179356571,0
1790179356624,1
1790179356624,0
1790179356953,1
1790179356956,0
1790179357007,1
1790179357008,0
1790179357445,1
1790179357445,0
1790179357989,1
1790179357989,0
1790179358043,1
1790179358043,0
1790179358098,1
1790179358098,0
1790179358153,1
1790179358153,0
1790179358208,1
1790179358208,0
1790179358536,1
1790179358536,0
1790179358803,1
1790179358803,0
1790179358855,1
1790179358855,0
1790179358910,1
1790179358910,0
1790179359130,1
1790179359130,0
1790179359238,1
1790179359238,0
1790179359291,1
1790179359291,0
1790179359347,1
1790179359347,0
1790179359400,1
1790179359400,0
1790179359455,1
1790179359456,0
1790179359505,1
1790179359505,0
1790179359619,1
1790179359619,0
1790179359671,1
1790179359671,0
1790179359725,1
1790179359725,0
1790179360167,1
1790179360167,0
1790179361359,1
1790179361359,0
1790179361408,1
1790179361408,0
1790179361466,1
1790179361466,0
1790179361515,1
1790179361515,0
1790179361843,1
1790179361844,0
1790179362120,1
1790179362120,0
1790179362172,1
1790179362173,0
1790179362384,1
1790179362385,0
1790179362435,1
1790179362435,0
1790179362490,1
1790179362490,0
1790179362545,1
1790179362545,0
1790179362765,0
1790179362765,0
1790179362814,1
1790179362814,0
1790179363089,1
1790179363090,0
1790179363145,1
1790179363145,0
1790179363198,1
1790179363198,0
1790179363311,1
1790179363311,0
1790179363365,1
1790179363365,0
1790179363418,1
1790179363418,0
1790179363473,1
1790179363473,0
1790179363530,1
1790179363530,0
1790179363581,1
1790179363582,0
1790179363806,1
1790179363806,0
1790179363867,1
1790179363867,0
1790179364950,1
1790179364951,0
1790179366188,1
1790179366188,0
1790179366996,1
1790179366996,0
1790179367207,1
1790179367207,0
1790179367746,1
1790179367746,0
1790179368505,1
1790179368505,0
1790179368820,1
1790179368820,0
1790179368877,1
1790179368877,0
1790179369259,1
1790179369259,0
1790179370499,1
1790179370499,0
1790179370557,1
1790179370557,0
1790179370982,1
1790179370982,0
1790179371034,1
1790179371034,0
1790179371367,1
1790179371367,0
1790179371421,1
1790179371421,0
1790179371476,1
1790179371477,0
1790179372400,1
1790179372400,0
1790179372451,1
1790179372451,0
1790179372937,1
1790179372938,0
1790179373215,1
1790179373215,0
1790179373269,1
1790179373271,0
1790179373325,1
1790179373325,0
1790179373544,1
1790179373545,0
1790179373654,1
1790179373654,0
1790179374192,1
1790179374192,0
1790179374629,1
1790179374629,0
1790179374685,1
1790179374685,0
1790179375443,1
1790179375443,0
1790179375997,1
1790179375997,0
1790179376322,1
1790179376322,0
1790179376378,1
1790179376378,0
1790179376432,1
1790179376432,0
1790179377028,1
1790179377028,0
1790179377139,1
1790179377139,0
1790179377738,1
1790179377738,0
1790179377848,1
1790179377848,0
1790179377902,1
1790179377902,0
1790179377957,1
1790179377958,0
1790179378012,1
1790179378012,0
1790179378058,1
1790179378069,0
1790179378174,1
1790179378174,0
1790179378393,1
1790179378393,0
1790179378443,1
1790179378446,0
1790179378497,1
1790179378498,0
1790179379365,1
1790179379366,0
1790179379859,1
1790179379859,0
1790179380399,1
1790179380399,0
1790179380838,1
1790179380838,0
1790179381274,1
1790179381274,0
1790179381494,1
1790179381494,0
1790179381547,1
1790179381547,0
1790179381606,1
1790179381606,0
1790179381659,1
1790179381660,0
1790179381877,1
1790179381877,0
1790179382312,1
1790179382312,0
1790179382367,1
1790179382367,0
1790179382424,1
1790179382424,0
1790179382478,1
1790179382478,0
1790179382748,1
1790179382748,0
1790179382801,1
1790179382801,0
1790179383350,1
1790179383350,0
1790179383780,1
1790179383780,0
1790179383832,1
1790179383832,0
1790179383942,1
1790179383942,0
1790179384050,1
1790179384050,0
1790179384107,1
1790179384107,0
1790179384160,1
1790179384160,0
1790179384216,1
1790179384216,0
1790179384429,1
1790179384429,0
1790179384488,1
1790179384488,0
1790179385028,1
1790179385028,0
1790179386013,1
1790179386013,0
1790179386342,1
1790179386342,0
1790179386503,1
1790179386503,0
1790179386559,1
1790179386559,0
1790179386833,1
1790179386833,0
1790179386994,1
1790179386994,0
1790179387693,1
1790179387693,0
1790179387749,1
1790179387749,0
1790179387803,1
1790179387803,0
1790179388019,1
1790179388020,0
1790179388078,1
1790179388078,0
1790179388134,1
1790179388135,0
1790179388409,1
1790179388409,0
1790179389162,1
1790179389162,0
1790179389486,1
1790179389486,0
1790179389925,1
1790179389925,0
1790179390081,1
1790179390082,0
1790179390241,1
1790179390241,0
1790179390291,1
1790179390291,0
1790179390350,1
1790179390351,0
1790179390405,1
1790179390406,0
1790179390515,1
1790179390516,0
1790179390951,1
1790179390951,0
1790179391280,1
1790179391280,0
1790179391328,1
1790179391328,0
1790179391387,1
1790179391387,0
1790179391441,1
1790179391441,0
1790179391818,1
1790179391818,0
1790179391872,1
1790179391872,0
1790179391923,1
1790179391925,0
1790179391982,1
1790179391983,0
1790179392305,1
1790179392305,0
1790179392360,1
1790179392360,0
1790179392414,1
1790179392414,0
1790179392465,1
1790179392465,0
1790179392845,1
1790179392845,0
1790179392896,1
1790179392898,0
1790179392950,1
1790179392950,0
1790179394197,1
1790179394197,0
1790179394578,1
1790179394578,0
1790179394856,1
1790179394856,0
1790179394911,1
1790179394911,0
1790179394964,1
1790179394964,0
1790179395021,1
1790179395021,0
1790179396171,1
1790179396171,0
1790179396222,1
1790179396225,0
1790179396277,1
1790179396278,0
1790179396980,1
1790179396980,0
1790179397035,1
1790179397035,0
1790179397090,1
1790179397091,0
1790179397200,1
1790179397200,0
1790179397255,1
1790179397255,0
1790179397365,1
1790179397365,0
1790179397420,1
1790179397420,0
1790179397695,1
1790179397695,0
1790179397853,1
1790179397853,0
1790179397908,1
1790179397908,0
1790179398176,1
1790179398176,0
1790179398339,1
1790179398340,0
1790179398441,1
1790179398441,0
1790179398992,0
1790179398992,0
1790179399199,1
1790179399199,0
1790179399250,1
1790179399253,0
1790179399309,1
1790179399309,0
1790179400232,1
1790179400232,0
1790179401480,1
1790179401480,0
1790179401806,1
1790179401806,0
1790179401909,1
1790179401909,0
1790179402953,1
1790179402953,0
1790179403005,1
1790179403007,0
1790179403062,1
1790179403062,0
1790179403975,1
1790179403975,0
1790179404187,1
1790179404187,0
1790179404242,1
1790179404242,0
1790179404297,1
1790179404297,0
1790179404939,1
1790179404939,0
1790179405155,1
1790179405155,0
1790179406987,1
1790179406987,0
1790179407098,1
1790179407098,0
1790179407149,1
1790179407149,0
1790179407422,1
1790179407422,0
1790179408600,1
1790179408600,0
1790179408763,1
1790179408763,0
1790179408817,1
1790179408817,0
1790179408873,1
1790179408873,0
1790179408926,1
1790179408927,0
1790179408982,1
1790179408982,0
1790179409312,1
1790179409312,0
1790179409366,1
1790179409366,0
1790179409417,1
1790179409418,0
1790179410274,1
1790179410274,0
1790179411197,1
1790179411197,0
1790179411250,1
1790179411300,2
1790179411366,1
1790179411385,2
1790179411429,1
1790179411429,2
1790179411469,3
1790179411505,2
1790179411562,1
1790179411618,0
1790179411846,1
1790179411846,0
1790179411900,1
1790179411900,0
1790179411955,1
1790179411963,0
1790179412011,1
1790179412043,0
1790179412766,1
1790179412766,0
1790179413146,1
1790179413146,0
1790179414114,1
1790179414114,0
1790179414278,1
1790179414278,0
1790179414330,1
1790179414333,0
1790179414438,1
1790179414438,0
1790179414489,1
1790179414490,0
1790179414543,1
1790179414543,0
1790179415144,1
1790179415144,0
1790179415253,1
1790179415253,0
1790179415299,1
1790179415307,0
1790179415354,1
1790179415355,0
1790179415410,1
1790179415410,0
1790179416168,1
1790179416168,0
1790179416221,1
1790179416224,0
1790179417237,1
1790179417238,0
1790179417347,1
1790179417347,0
1790179417400,1
1790179417400,0
1790179418485,1
1790179418485,0
1790179418755,1
1790179418756,0
1790179418805,1
1790179418805,0
1790179419396,1
1790179419396,0
1790179419456,1
1790179419456,0
1790179419724,1
1790179419724,0
1790179419779,1
1790179419779,0
1790179419827,1
1790179419851,0
1790179419994,1
1790179419994,0
1790179420051,1
1790179420051,0
1790179420104,1
1790179420105,0
1790179420153,1
1790179420153,0
1790179420204,1
1790179420208,0
1790179420270,1
1790179420270,0
1790179420370,1
1790179420370,0
1790179420424,1
1790179420424,0
1790179420475,1
1790179420476,0
1790179420531,1
1790179420531,0
1790179420964,1
1790179420964,0
1790179421014,1
1790179421014,0
1790179421286,1
1790179421286,0
1790179421341,1
1790179421341,0
1790179421982,1
1790179421982,0
1790179422470,1
1790179422470,0
1790179422525,1
1790179422525,0
1790179422961,1
1790179422962,0
1790179423072,1
1790179423072,0
1790179423120,1
1790179423121,0
1790179423169,1
1790179423169,0
1790179423226,1
1790179423226,0
1790179423282,1
1790179423282,0
1790179423336,1
1790179423336,0
1790179423390,1
1790179423390,0
1790179424684,1
1790179424684,0
1790179424739,1
1790179424739,0
1790179424794,1
1790179424794,0
1790179425455,1
1790179425455,0
1790179426976,1
1790179426976,0
1790179427030,1
1790179427030,0
1790179427084,1
1790179427084,0
1790179427616,1
1790179427616,0
1790179427674,1
1790179427674,0
1790179427783,1
1790179427783,0
1790179427837,1
1790179427837,0
1790179427885,1
1790179427885,0
1790179427993,1
1790179427993,0
1790179428049,1
1790179428049,0
1790179428485,1
1790179428485,0
1790179428973,1
1790179428973,0
1790179429233,1
1790179429233,0
1790179430155,1
1790179430155,0
1790179430266,1
1790179430267,0
1790179430537,1
1790179430537,0
1790179430592,1
1790179430592,0
1790179430647,1
1790179430648,0
1790179431841,1
1790179431841,0
1790179431895,1
1790179431895,0
1790179431949,1
1790179431949,0
1790179432005,1
1790179432006,0
1790179432060,1
1790179432060,0
1790179433240,1
1790179433240,0
1790179433675,1
1790179433675,0
1790179433892,1
1790179433892,0
1790179434169,1
1790179434169,0
1790179434225,1
1790179434225,0
1790179434662,1
1790179434663,0
1790179434767,1
1790179434767,0
1790179435424,1
1790179435424,0
1790179436016,1
1790179436016,0
1790179436071,1
1790179436071,0
1790179436125,1
1790179436125,0
1790179436180,1
1790179436180,0
1790179436825,1
1790179436825,0
1790179437042,1
1790179437042,0
1790179437096,1
1790179437096,0
1790179437148,1
1790179437148,0
1790179437373,1
1790179437373,0
1790179437536,1
1790179437536,0
1790179437591,1
1790179437591,0
1790179437646,1
1790179437647,0
1790179437698,1
1790179437698,0
1790179438240,1
1790179438240,0
1790179438457,1
1790179438457,0
1790179438941,1
1790179438941,0
1790179438996,1
1790179438996,0
1790179439263,1
1790179439263,0
1790179440626,1
1790179440626,0
1790179440683,1
1790179440683,0
1790179440736,1
1790179440736,0
1790179440790,1
1790179440790,0
1790179440897,1
1790179440897,0
1790179441113,1
1790179441113,0
1790179441918,1
1790179441919,0
1790179442344,1
1790179442344,0
1790179442886,1
1790179442886,0
1790179443372,1
1790179443372,0
1790179443695,1
1790179443695,0
1790179443752,1
1790179443752,0
1790179443806,1
1790179443806,0
1790179443859,1
1790179443859,0
1790179443968,1
1790179443968,0
1790179444240,1
1790179444240,0
1790179444294,1
1790179444294,0
1790179444344,1
1790179444344,0
1790179444722,1
1790179444722,0
1790179444771,1
1790179444771,0
1790179444831,1
1790179444831,0
1790179444883,1
1790179444883,0
1790179444936,1
1790179444936,0
1790179444992,1
1790179444992,0
1790179445423,1
1790179445423,0
1790179445586,1
1790179445587,0
1790179446128,1
1790179446128,0
1790179446179,1
1790179446179,0
1790179446289,1
1790179446289,0
1790179446341,1
1790179446341,0
1790179446392,1
1790179446392,0
1790179446609,0
1790179446610,0
1790179446664,1
1790179446664,0
1790179447320,1
1790179447320,0
1790179447375,1
1790179447375,0
1790179447426,1
1790179447426,0
1790179447805,1
1790179447805,0
1790179447861,1
1790179447861,0
1790179447915,1
1790179447915,0
1790179447971,1
1790179447971,0
1790179448291,1
1790179448291,0
1790179448787,1
1790179448787,0
1790179448837,1
1790179448837,0
1790179448892,1
1790179448892,0
1790179448942,1
1790179448942,0
1790179448995,1
1790179448995,0
1790179449158,1
1790179449158,0
1790179449316,1
1790179449316,0
1790179449370,1
1790179449370,0
1790179449428,1
1790179449428,0
1790179449480,1
1790179449480,0
1790179449799,1
1790179449800,0
1790179450128,1
1790179450128,0
1790179450884,1
1790179450884,0
1790179450940,1
1790179450940,0
1790179450992,1
1790179450992,0
1790179451050,1
1790179451051,0
1790179451428,1
1790179451428,0
1790179451479,1
1790179451479,0
1790179451534,1
1790179451534,0
1790179451590,1
1790179451590,0
1790179451641,1
1790179451641,0
1790179451699,1
1790179451699,0
1790179451801,1
1790179451801,0
1790179452132,1
1790179452132,0
1790179452187,1
1790179452187,0
1790179452462,1
1790179452462,0
1790179452511,1
1790179452511,0
1790179452562,1
1790179452562,0
1790179452620,1
1790179452620,0
1790179452779,1
1790179452779,0
1790179453211,1
1790179453211,0
1790179453871,1
1790179453871,0
1790179454195,1
1790179454195,0
1790179454680,1
1790179454680,0
1790179454732,1
1790179454732,0
1790179454786,1
1790179454786,0
1790179455224,1
1790179455224,0
1790179455375,1
1790179455375,0
1790179455429,1
1790179455430,0
1790179455863,1
1790179455863,0
1790179455918,1
1790179455918,0
1790179455969,1
1790179455969,0
1790179456021,1
1790179456021,0
1790179456080,1
1790179456080,0
1790179456128,1
1790179456128,0
1790179456186,1
1790179456186,0
1790179456237,1
1790179456237,0
1790179456406,1
1790179456406,0
1790179456460,1
1790179456460,0
1790179457594,1
1790179457594,0
1790179457645,1
1790179457645,0
1790179457701,1
1790179457701,0
1790179457971,1
1790179457971,0
1790179458569,1
1790179458569,0
1790179459094,1
1790179459094,0
1790179459153,1
1790179459153,0
1790179459204,1
1790179459204,0
1790179459264,1
1790179459265,0
1790179459637,1
1790179459637,0
1790179459694,1
1790179459695,0
1790179459744,1
1790179459744,0
1790179460070,1
1790179460070,0
1790179460123,1
1790179460123,0
1790179460180,1
1790179460180,0
1790179460231,1
1790179460231,0
1790179460285,1
1790179460285,0
1790179460878,1
1790179460878,0
1790179460932,1
1790179460932,0
1790179461637,1
1790179461638,0
1790179462067,1
1790179462067,0
1790179462666,1
1790179462666,0
1790179462720,1
1790179462720,0
1790179462773,1
1790179462774,0
1790179462828,1
1790179462828,0
