1790179473874,1
1790179473880,1
1790179473880,1
1790179474088,2
1790179474144,1
1790179474245,0
1790179474326,1
1790179474326,0
1790179474349,1
1790179474404,2
1790179474411,1
1790179474432,2
1790179474452,3
1790179474463,2
1790179474557,1
1790179474621,2
1790179474639,1
1790179474645,2
1790179474664,3
1790179474690,4
1790179474712,5
1790179474723,4
1790179474780,3
1790179474826,2
1790179474872,1
1790179474919,0
1790179475213,1
1790179475214,0
1790179475375,1
1790179475376,0
1790179475992,1
1790179475992,0
1790179476015,1
1790179476043,2
1790179476054,1
1790179476062,2
1790179476117,1
1790179476134,2
1790179476164,1
1790179476221,0
1790179476234,1
1790179476259,2
1790179476266,1
1790179476297,2
1790179476309,1
1790179476353,0
1790179476773,1
1790179476773,0
1790179476850,1
1790179476850,0
1790179477067,1
1790179477067,0
1790179477334,1
1790179477334,0
1790179477356,1
1790179477378,0
1790179477604,1
1790179477604,0
1790179477733,1
1790179477733,0
1790179477754,1
1790179477780,0
1790179478343,1
1790179478343,0
1790179478345,1
1790179478364,2
1790179478386,1
1790179478389,2
1790179478414,3
1790179478432,2
1790179478476,1
1790179478520,0
1790179478563,1
1790179478564,0
1790179478589,1
1790179478608,2
1790179478609,1
1790179478652,0
1790179478759,1
1790179478759,0
1790179478881,1
1790179478881,0
1790179479572,1
1790179479572,0
1790179479599,1
1790179479616,0
1790179479667,1
1790179479667,0
1790179479833,1
1790179479833,0
1790179479859,1
1790179479876,0
1790179479886,1
1790179479919,0
1790179480013,1
1790179480013,0
1790179480109,1
1790179480110,0
1790179480129,1
1790179480152,0
1790179480305,1
1790179480305,0
1790179480379,1
1790179480379,0
1790179481011,1
1790179481011,0
1790179481057,1
1790179481057,0
1790179481205,1
1790179481206,0
1790179481253,1
1790179481253,0
1790179481279,1
1790179481296,0
1790179481463,1
1790179481464,0
1790179481512,1
1790179481513,0
1790179481533,1
1790179481555,0
1790179481558,1
1790179481581,2
1790179481603,1
1790179481607,2
1790179481629,3
1790179481647,2
1790179481653,3
1790179481693,2
1790179481737,1
1790179481783,0
1790179482091,1
1790179482091,0
1790179482116,1
1790179482135,0
1790179482384,1
1790179482385,0
1790179482619,1
1790179482619,0
1790179482642,1
1790179482663,0
1790179482693,1
1790179482706,0
1790179482716,1
1790179482737,2
1790179482752,1
1790179482760,2
1790179482795,1
1790179482838,0
1790179482906,1
1790179482906,0
1790179482930,1
1790179482950,0
1790179482956,1
1790179482977,2
1790179482993,1
1790179483037,0
1790179483122,1
1790179483122,0
1790179483353,1
1790179483353,0
1790179483379,1
1790179483397,0
1790179483402,1
1790179483423,2
1790179483443,1
1790179483487,0
1790179483960,1
1790179483960,0
1790179484033,1
1790179484033,0
1790179484057,1
1790179484077,0
1790179484080,1
1790179484105,2
1790179484119,1
1790179484154,2
1790179484162,1
1790179484180,2
1790179484213,1
1790179484257,0
1790179484395,1
1790179484395,0
1790179485160,1
1790179485160,0
1790179485280,1
1790179485280,0
1790179485334,1
1790179485334,0
1790179485408,1
1790179485408,0
1790179485795,1
1790179485796,0
1790179485962,1
1790179485963,0
1790179486064,1
1790179486065,0
1790179486456,1
1790179486456,0
1790179486478,1
1790179486499,0
1790179486575,1
1790179486575,0
1790179486600,1
1790179486619,2
1790179486630,1
1790179486646,2
1790179486677,1
1790179486693,2
1790179486721,1
1790179486765,0
1790179486811,1
1790179486812,0
1790179486839,1
1790179486858,0
1790179486860,1
1790179486902,0
1790179486964,1
1790179486964,0
1790179487038,1
1790179487038,0
1790179487060,1
1790179487083,2
1790179487084,1
1790179487102,2
1790179487122,3
1790179487128,2
1790179487174,1
1790179487221,0
1790179487370,1
1790179487370,0
1790179487387,1
1790179487416,2
1790179487418,1
1790179487434,2
1790179487462,3
1790179487462,2
1790179487506,1
1790179487550,0
1790179487706,1
1790179487706,0
1790179488036,1
1790179488036,0
1790179488375,1
1790179488375,0
1790179488635,1
1790179488635,0
1790179488661,1
1790179488679,0
1790179488686,1
1790179488722,0
1790179488738,1
1790179488762,2
1790179488765,1
1790179488813,0
1790179489078,1
1790179489078,0
1790179489249,0
1790179489252,0
1790179489303,1
1790179489303,0
1790179489474,1
1790179489474,0
1790179489493,1
1790179489517,0
1790179489520,1
1790179489564,0
1790179489789,1
1790179489789,0
1790179489811,1
1790179489832,0
1790179489838,1
1790179489862,2
1790179489874,1
1790179489891,2
1790179489914,3
1790179489920,2
1790179489934,3
1790179489963,2
1790179490006,1
1790179490055,0
1790179490202,1
1790179490202,0
1790179490420,1
1790179490420,0
1790179490441,1
1790179490465,0
1790179490683,1
1790179490684,0
1790179490942,1
1790179490942,0
1790179490966,1
1790179490986,0
1790179490991,1
1790179491033,0
1790179491321,1
1790179491321,0
1790179491345,1
1790179491365,0
1790179491370,1
1790179491409,0
1790179491495,1
1790179491495,0
1790179491521,1
1790179491538,0
1790179491961,1
1790179491961,0
1790179491981,1
1790179492008,0
1790179492194,1
1790179492194,0
1790179492386,1
1790179492386,0
1790179492482,1
1790179492483,0
1790179492507,1
1790179492530,0
1790179492673,1
1790179492673,0
1790179492695,1
1790179492717,0
1790179492721,1
1790179492763,0
1790179492767,1
1790179492788,2
1790179492806,1
1790179492813,2
1790179492850,1
1790179492863,2
1790179492887,3
1790179492897,2
1790179492941,1
1790179492985,0
1790179492994,1
1790179493008,2
1790179493033,1
1790179493036,2
1790179493059,3
1790179493083,4
1790179493090,3
1790179493111,4
1790179493141,3
1790179493187,2
1790179493235,1
1790179493280,0
1790179493328,1
1790179493348,2
1790179493352,1
1790179493371,2
1790179493396,3
1790179493406,2
1790179493453,1
1790179493498,0
1790179493654,1
1790179493654,0
1790179493784,1
1790179493784,0
1790179493807,1
1790179493828,0
1790179494316,0
1790179494316,0
1790179494466,1
1790179494466,0
1790179494515,1
1790179494515,0
1790179494539,1
1790179494558,0
1790179494564,1
1790179494589,2
1790179494602,1
1790179494648,0
1790179494716,1
1790179494716,0
1790179494731,1
1790179494761,0
1790179494929,1
1790179494929,0
1790179494957,1
1790179494978,0
1790179495002,1
1790179495021,2
1790179495023,1
1790179495068,0
1790179495146,1
1790179495146,0
1790179495247,1
1790179495247,0
1790179495297,0
1790179495298,0
1790179495318,1
1790179495344,2
1790179495344,1
1790179495370,2
1790179495389,1
1790179495433,0
1790179495515,1
1790179495515,0
1790179495752,1
1790179495752,0
1790179495776,1
1790179495797,0
1790179495801,1
1790179495825,2
1790179495840,1
1790179495872,2
1790179495887,1
1790179495921,2
1790179495931,1
1790179495953,2
1790179495979,1
1790179496030,0
1790179496327,1
1790179496327,0
1790179496737,1
1790179496738,0
1790179496789,1
1790179496789,0
1790179496984,1
1790179496984,0
1790179497005,1
1790179497030,2
1790179497030,1
1790179497075,0
1790179497205,1
1790179497205,0
1790179497277,1
1790179497277,0
1790179497300,1
1790179497321,0
1790179497549,1
1790179497549,0
1790179497570,1
1790179497594,2
1790179497595,1
1790179497617,2
1790179497639,1
1790179497644,2
1790179497682,1
1790179497729,0
1790179497733,1
1790179497758,2
1790179497774,1
1790179497782,2
1790179497817,1
1790179497860,0
1790179497884,1
1790179497905,0
1790179498234,1
1790179498234,0
1790179498335,1
1790179498335,0
1790179498410,1
1790179498410,0
1790179498813,1
1790179498813,0
1790179498837,1
1790179498865,0
1790179498885,1
1790179498914,0
1790179499363,1
1790179499363,0
1790179499629,1
1790179499629,0
1790179499652,1
1790179499673,0
1790179499676,1
1790179499701,2
1790179499719,1
1790179499765,0
1790179499991,1
1790179499991,0
1790179500013,1
1790179500037,2
1790179500039,1
1790179500083,0
1790179500286,1
1790179500286,0
1790179500432,1
1790179500432,0
1790179500631,1
1790179500631,0
1790179500651,1
1790179500673,2
1790179500679,1
1790179500723,0
1790179500864,1
1790179500864,0
1790179500974,1
1790179500974,0
1790179501074,1
1790179501074,0
1790179501170,1
1790179501170,0
1790179501368,1
1790179501368,0
1790179501539,1
1790179501539,0
1790179501559,1
1790179501584,0
1790179501587,1
1790179501636,0
1790179502281,1
1790179502281,0
1790179502303,1
1790179502325,0
1790179502331,1
1790179502375,0
1790179502517,1
1790179502517,0
1790179502768,1
1790179502768,0
1790179502794,1
1790179502812,0
1790179502938,1
1790179502940,0
1790179502961,1
1790179502986,0
1790179503158,1
1790179503159,0
1790179503402,1
1790179503402,0
1790179503426,1
1790179503447,0
1790179503448,1
1790179503471,2
1790179503489,1
1790179503497,2
1790179503533,1
1790179503579,0
1790179503647,1
1790179503647,0
1790179503763,1
1790179503763,0
1790179503788,1
1790179503810,0
1790179503811,1
1790179503855,0
1790179503910,1
1790179503910,0
1790179503960,1
1790179503960,0
1790179503985,1
1790179504007,0
1790179504008,1
1790179504033,2
1790179504050,1
1790179504058,2
1790179504086,3
1790179504092,2
1790179504128,3
1790179504139,2
1790179504157,3
1790179504180,4
1790179504182,3
1790179504225,2
1790179504273,1
1790179504316,0
1790179504368,1
1790179504368,0
1790179504908,1
1790179504909,0
1790179504924,1
1790179504954,2
1790179504957,1
1790179504979,2
1790179505000,1
1790179505044,0
1790179505128,1
1790179505128,0
1790179505246,1
1790179505246,0
1790179505273,1
1790179505291,0
1790179505366,1
1790179505366,0
1790179505396,1
1790179505420,2
1790179505420,1
1790179505445,2
1790179505464,1
1790179505508,0
1790179505542,1
1790179505558,0
1790179505564,1
1790179505602,0
1790179505690,1
1790179505690,0
1790179505715,1
1790179505735,0
1790179505739,1
1790179505787,2
1790179505811,3
1790179505828,2
1790179505837,3
1790179505862,4
1790179505881,3
1790179505891,4
1790179505907,5
1790179505923,4
1790179505967,3
1790179506006,4
1790179506015,3
1790179506028,4
1790179506060,3
1790179506103,2
1790179506146,1
1790179506202,0
1790179506513,1
1790179506513,0
1790179507063,1
1790179507064,0
1790179507425,1
1790179507425,0
1790179507519,1
1790179507519,0
1790179507758,1
1790179507758,0
1790179508098,1
1790179508098,0
1790179508233,1
1790179508233,0
1790179508258,1
1790179508280,0
1790179508431,1
1790179508432,0
1790179508991,1
1790179508991,0
1790179509016,1
1790179509033,0
1790179509209,1
1790179509209,0
1790179509230,1
1790179509252,0
1790179509373,1
1790179509373,0
1790179509400,1
1790179509417,0
1790179509423,1
1790179509462,0
1790179509836,1
1790179509836,0
1790179509866,1
1790179509879,0
1790179510083,1
1790179510083,0
1790179510203,1
1790179510203,0
1790179510225,1
1790179510247,0
1790179510249,1
1790179510290,0
1790179510345,1
1790179510345,0
1790179510390,1
1790179510390,0
1790179510626,1
1790179510626,0
1790179510823,1
1790179510823,0
1790179510853,1
1790179510869,0
1790179511178,1
1790179511178,0
1790179511418,1
1790179511418,0
1790179511567,1
1790179511567,0
1790179511589,1
1790179511610,0
1790179511615,1
1790179511659,0
1790179511874,1
1790179511874,0
1790179511925,1
1790179511925,0
1790179512193,1
1790179512193,0
1790179512235,1
1790179512262,2
1790179512268,1
1790179512287,2
1790179512305,3
1790179512321,2
1790179512332,3
1790179512377,2
1790179512382,3
1790179512421,2
1790179512476,3
1790179512476,2
1790179512501,3
1790179512527,4
1790179512529,3
1790179512570,2
1790179512626,1
1790179512680,0
1790179512919,1
1790179512919,0
1790179513136,1
1790179513136,0
1790179513386,1
1790179513386,0
1790179513580,1
1790179513580,0
1790179513778,1
1790179513778,0
1790179513876,1
1790179513876,0
1790179513894,1
1790179513921,2
1790179513930,1
1790179513946,2
1790179513971,1
1790179514023,0
1790179514046,1
1790179514064,0
1790179514228,1
1790179514228,0
1790179514255,1
1790179514277,2
1790179514283,1
1790179514302,2
1790179514330,1
1790179514385,0
1790179514426,1
1790179514439,0
1790179514451,1
1790179514483,0
1790179514692,1
1790179514692,0
1790179514882,1
1790179514882,0
1790179514905,1
1790179514922,0
1790179514950,1
1790179514978,0
1790179515004,1
1790179515027,2
1790179515029,1
1790179515053,2
1790179515071,1
1790179515078,2
1790179515125,1
1790179515177,2
1790179515179,1
1790179515201,2
1790179515230,1
1790179515285,0
1790179515442,1
1790179515442,0
1790179515874,1
1790179515874,0
1790179516023,1
1790179516023,0
1790179516097,1
1790179516097,0
1790179516122,1
1790179516139,0
1790179516243,1
1790179516243,0
1790179516318,1
1790179516319,0
1790179516629,1
1790179516629,0
1790179516653,1
1790179516676,0
1790179516679,1
1790179516720,0
1790179516777,1
1790179516778,0
1790179516802,1
1790179516820,0
1790179516825,1
1790179516877,0
1790179516944,1
1790179516944,0
1790179517285,1
1790179517285,0
1790179517429,1
1790179517429,0
1790179517620,1
1790179517621,0
1790179517695,1
1790179517695,0
1790179517760,1
1790179517760,0
1790179517789,1
1790179517802,0
1790179517814,1
1790179517840,2
1790179517843,1
1790179517884,0
1790179517889,1
1790179517931,0
1790179518090,1
1790179518090,0
1790179518235,1
1790179518235,0
1790179518260,1
1790179518277,0
1790179518285,1
1790179518307,2
1790179518327,1
1790179518372,0
1790179518472,1
1790179518472,0
1790179518495,1
1790179518524,2
1790179518526,1
1790179518545,2
1790179518576,1
1790179518631,0
1790179518692,1
1790179518692,0
1790179518718,1
1790179518742,2
1790179518746,1
1790179518766,2
1790179518796,1
1790179518851,0
1790179518934,1
1790179518934,0
1790179518961,1
1790179518987,2
1790179518988,1
1790179519039,0
1790179519551,1
1790179519551,0
1790179519719,1
1790179519719,0
1790179519835,1
1790179519835,0
1790179519858,1
1790179519882,0
1790179519883,1
1790179519906,2
1790179519923,1
1790179519964,0
1790179520413,1
1790179520413,0
1790179520436,1
1790179520456,2
1790179520463,1
1790179520506,0
1790179520781,1
1790179520782,0
1790179520801,1
1790179520827,2
1790179520836,1
1790179520878,2
1790179520886,1
1790179520903,2
1790179520940,1
1790179520953,2
1790179520979,3
1790179520982,2
1790179521023,1
1790179521075,0
1790179521096,1
1790179521118,0
1790179521175,1
1790179521175,0
1790179521200,1
1790179521216,0
1790179521315,1
1790179521315,0
1790179521388,1
1790179521388,0
1790179521434,1
1790179521443,0
1790179521678,1
1790179521678,0
1790179521782,1
1790179521782,0
1790179521805,1
1790179521832,2
1790179521837,1
1790179521891,0
1790179522243,1
1790179522243,0
1790179522801,1
1790179522801,0
1790179522944,1
1790179522944,0
1790179522996,1
1790179522996,0
1790179523454,1
1790179523454,0
1790179523482,1
1790179523504,0
1790179523504,1
1790179523545,0
1790179523911,1
1790179523911,0
1790179524015,1
1790179524015,0
1790179524040,1
1790179524065,0
1790179524065,1
1790179524119,0
1790179524355,1
1790179524355,0
1790179524447,1
1790179524447,0
1790179525264,1
1790179525264,0
1790179525309,1
1790179525309,0
1790179525335,1
1790179525351,0
1790179525459,1
1790179525460,0
1790179525999,1
1790179526000,0
1790179526073,1
1790179526073,0
1790179526097,1
1790179526115,0
1790179526119,1
1790179526140,2
1790179526163,3
1790179526168,2
1790179526217,1
1790179526272,0
1790179526306,1
1790179526328,0
1790179526328,1
1790179526356,2
1790179526370,1
1790179526420,0
1790179526746,1
1790179526746,0
1790179527162,1
1790179527162,0
1790179527189,1
1790179527202,0
1790179527210,1
1790179527238,2
1790179527248,1
1790179527261,2
1790179527286,3
1790179527303,2
1790179527359,1
1790179527415,0
1790179527460,1
1790179527467,0
1790179527481,1
1790179527505,2
1790179527510,1
1790179527531,2
1790179527563,1
1790179527617,0
1790179527875,1
1790179527875,0
1790179528044,1
1790179528044,0
1790179528480,1
1790179528480,0
1790179528553,1
1790179528553,0
1790179528574,1
1790179528607,0
1790179528621,1
1790179528641,2
1790179528664,1
1790179528666,2
1790179528706,1
1790179528761,0
1790179528939,1
1790179528939,0
1790179528987,1
1790179528992,0
1790179529012,1
1790179529036,2
1790179529047,1
1790179529061,2
1790179529087,1
1790179529140,0
1790179529392,1
1790179529392,0
1790179529412,1
1790179529464,0
1790179529876,1
1790179529876,0
1790179529915,1
1790179529931,0
1790179529943,1
1790179529980,0
1790179530426,1
1790179530426,0
1790179530546,1
1790179530546,0
1790179530570,1
1790179530588,0
1790179530838,1
1790179530838,0
1790179530863,1
1790179530890,0
1790179530989,1
1790179530989,0
1790179531012,1
1790179531039,2
1790179531043,1
1790179531083,0
1790179531110,1
1790179531125,0
1790179531135,1
1790179531158,2
1790179531179,1
1790179531185,2
1790179531207,3
1790179531233,2
1790179531243,3
1790179531274,2
1790179531282,3
1790179531308,4
1790179531328,3
1790179531332,4
1790179531356,5
1790179531381,4
1790179531442,3
1790179531488,2
1790179531531,1
1790179531544,2
1790179531565,3
1790179531573,2
1790179531619,1
1790179531668,0
1790179531685,1
1790179531713,0
1790179531713,1
1790179531755,0
1790179532003,1
1790179532003,0
1790179532230,1
1790179532230,0
1790179532254,1
1790179532275,0
1790179532449,1
1790179532449,0
1790179532493,1
1790179532493,0
1790179532518,1
1790179532535,0
1790179532544,1
1790179532568,2
1790179532575,1
1790179532591,2
1790179532615,3
1790179532619,2
1790179532641,3
1790179532660,2
1790179532701,1
1790179532741,0
1790179533225,1
1790179533225,0
1790179533249,1
1790179533272,2
1790179533272,1
1790179533317,0
1790179533571,1
1790179533572,0
1790179534234,1
1790179534234,0
1790179534258,1
1790179534275,0
1790179534283,1
1790179534319,0
1790179534529,1
1790179534529,0
1790179534554,1
1790179534569,0
1790179534599,1
1790179534609,0
1790179534624,1
1790179534649,2
1790179534650,1
1790179534696,2
1790179534696,1
1790179534721,2
1790179534738,1
1790179534779,0
1790179534913,1
1790179534913,0
1790179535121,1
1790179535121,0
1790179535243,1
1790179535243,0
1790179535658,1
1790179535658,0
1790179535708,1
1790179535708,0
1790179535825,1
1790179535825,0
1790179535846,1
1790179535866,0
1790179535872,1
1790179535910,0
1790179536405,1
1790179536405,0
1790179536432,1
1790179536447,0
1790179536454,1
1790179536478,2
1790179536487,1
1790179536501,2
1790179536526,1
1790179536570,0
1790179537043,1
1790179537043,0
1790179537239,1
1790179537239,0
1790179537339,1
1790179537339,0
1790179537464,1
1790179537464,0
1790179537487,1
1790179537509,0
1790179537686,1
1790179537686,0
1790179537734,1
1790179537734,0
1790179538013,1
1790179538013,0
1790179538277,1
1790179538277,0
1790179538299,1
1790179538323,0
1790179538325,1
1790179538350,2
1790179538364,1
1790179538404,0
1790179538640,1
1790179538640,0
1790179538738,1
1790179538738,0
1790179538760,1
1790179538784,0
1790179538787,1
1790179538826,0
1790179538887,1
1790179538887,0
1790179538961,1
1790179538961,0
1790179538986,1
1790179539001,0
1790179539007,1
1790179539032,2
1790179539047,1
1790179539088,0
1790179539273,1
1790179539274,0
1790179539372,1
1790179539372,0
1790179539595,1
1790179539595,0
1790179539619,1
1790179539641,0
1790179539740,1
1790179539740,0
1790179540354,1
1790179540355,0
1790179540379,1
1790179540394,0
1790179540404,1
1790179540431,2
1790179540434,1
1790179540478,0
1790179540480,1
1790179540519,0
1790179540575,1
1790179540575,0
1790179540941,1
1790179540941,0
1790179541130,1
1790179541130,0
1790179541372,1
1790179541372,0
1790179541579,1
1790179541580,0
1790179541728,1
1790179541728,0
1790179541751,1
1790179541772,2
1790179541775,1
1790179541801,2
1790179541822,1
1790179541849,2
1790179541873,1
1790179541916,0
1790179541970,1
1790179541970,0
1790179541995,1
1790179542010,0
1790179542019,1
1790179542050,0
1790179542187,1
1790179542187,0
1790179542212,1
1790179542230,0
1790179542237,1
1790179542258,2
1790179542271,1
1790179542282,2
1790179542303,3
1790179542312,2
1790179542353,1
1790179542398,0
1790179542496,1
1790179542496,0
1790179542566,1
1790179542566,0
1790179542799,1
1790179542799,0
1790179542824,1
1790179542841,0
1790179542872,1
1790179542886,0
1790179542897,1
1790179542923,2
1790179542927,1
1790179542967,0
1790179543023,1
1790179543023,0
1790179543045,1
1790179543065,0
1790179543330,1
1790179543330,0
1790179543358,1
1790179543370,0
1790179543381,1
1790179543410,0
1790179543554,1
1790179543554,0
1790179543577,1
1790179543594,0
1790179543602,1
1790179543625,2
1790179543639,1
1790179543682,0
1790179543774,1
1790179543774,0
1790179543983,1
1790179543983,0
1790179544008,1
1790179544023,0
1790179544031,1
1790179544057,2
1790179544068,1
1790179544081,2
1790179544109,1
1790179544151,0
1790179544154,1
1790179544192,0
1790179544225,1
1790179544234,0
1790179544251,1
1790179544273,2
1790179544297,3
1790179544303,2
1790179544346,1
1790179544387,0
1790179544437,1
1790179544437,0
1790179544585,1
1790179544585,0
1790179544923,1
1790179544923,0
1790179544948,1
1790179544964,0
1790179544965,1
1790179544993,2
1790179545004,1
1790179545045,0
1790179545159,1
1790179545159,0
1790179545182,1
1790179545204,0
1790179545210,1
1790179545235,2
1790179545246,1
1790179545257,2
1790179545280,3
1790179545288,2
1790179545328,1
1790179545329,2
1790179545371,1
1790179545423,0
1790179545486,1
1790179545486,0
1790179545501,1
1790179545527,0
1790179545622,1
1790179545622,0
1790179545646,1
1790179545663,0
1790179545669,1
1790179545696,2
1790179545707,1
1790179545748,0
1790179545772,1
1790179545793,0
1790179545966,1
1790179545966,0
1790179546258,1
1790179546258,0
1790179546399,1
1790179546399,0
1790179546609,1
1790179546609,0
1790179546633,1
1790179546652,2
1790179546656,1
1790179546711,0
1790179546846,1
1790179546846,0
1790179546917,1
1790179546917,0
1790179546942,1
1790179546960,0
1790179547142,1
1790179547142,0
1790179547160,1
1790179547184,0
1790179547187,1
1790179547208,2
1790179547225,1
1790179547233,2
1790179547254,3
1790179547269,2
1790179547281,3
1790179547305,4
1790179547310,3
1790179547352,2
1790179547377,3
1790179547394,2
1790179547400,3
1790179547435,2
1790179547481,1
1790179547523,0
1790179547902,1
1790179547902,0
1790179547923,1
1790179547942,0
1790179547947,1
1790179547982,0
1790179548069,1
1790179548069,0
1790179548335,1
1790179548335,0
1790179548583,1
1790179548583,0
1790179548606,1
1790179548625,0
1790179548626,1
1790179548653,2
1790179548664,1
1790179548709,0
1790179548824,1
1790179548824,0
1790179548846,1
1790179548865,0
1790179548875,1
1790179548906,0
1790179549023,1
1790179549023,0
1790179549046,1
1790179549068,0
1790179549072,1
1790179549098,2
1790179549108,1
1790179549121,2
1790179549149,1
1790179549190,0
1790179549390,1
1790179549391,0
1790179549413,1
1790179549435,0
1790179549726,1
1790179549726,0
1790179549920,1
1790179549921,0
1790179550183,1
1790179550183,0
1790179550211,1
1790179550223,0
1790179550235,1
1790179550260,2
1790179550268,1
1790179550309,0
