1790179293218,1
1790179293223,0
1790179293239,1
1790179293410,2
1790179293541,1
1790179293653,0
1790179293724,1
1790179293724,0
1790179294209,1
1790179294210,0
1790179294260,1
1790179294276,0
1790179294371,1
1790179294371,0
1790179294478,1
1790179294478,0
1790179294532,1
1790179294539,0
1790179294584,1
1790179294585,0
1790179294643,1
1790179294643,0
1790179295021,1
1790179295021,0
1790179295076,1
1790179295076,0
1790179295135,1
1790179295136,0
1790179296277,1
1790179296277,0
1790179296331,1
1790179296331,0
1790179296386,1
1790179296386,0
1790179297909,1
1790179297909,0
1790179298340,1
1790179298340,0
1790179298388,1
1790179298388,0
1790179298879,1
1790179298879,0
1790179298983,1
1790179298983,0
1790179299040,1
1790179299040,0
1790179299153,1
1790179299153,0
1790179299208,1
1790179299208,0
1790179299256,1
1790179299257,0
1790179299370,1
1790179299370,0
1790179299421,1
1790179299421,0
1790179299912,1
1790179299912,0
1790179300018,1
1790179300018,0
1790179300076,1
1790179300076,0
1790179300185,1
1790179300185,0
1790179300240,1
1790179300240,0
1790179300293,1
1790179300294,0
1790179300510,1
1790179300510,0
1790179301054,1
1790179301054,0
1790179301108,1
1790179301108,0
1790179301387,1
1790179301387,0
1790179301608,1
1790179301609,0
1790179301666,1
1790179301666,0
1790179302100,1
1790179302101,0
1790179302155,1
1790179302155,0
1790179302427,1
1790179302427,0
1790179302755,1
1790179302755,0
1790179302809,1
1790179302809,0
1790179302861,1
1790179302861,0
1790179302916,1
1790179302917,0
1790179304104,1
1790179304104,0
1790179304156,1
1790179304156,0
1790179304210,1
1790179304210,0
1790179305021,1
1790179305021,0
1790179305083,1
1790179305083,0
1790179305684,1
1790179305684,0
1790179305841,1
1790179305841,0
1790179305897,1
1790179305897,0
1790179305948,1
1790179305948,0
1790179306005,1
1790179306005,0
1790179306113,1
1790179306113,0
1790179306715,1
1790179306715,0
1790179306875,1
1790179306875,0
1790179306931,1
1790179306932,0
1790179306983,1
1790179306983,0
1790179307030,1
1790179307031,0
1790179307079,1
1790179307080,0
1790179307248,1
1790179307249,0
1790179307303,1
1790179307303,0
1790179309247,1
1790179309247,0
1790179309829,1
1790179309829,0
1790179309882,1
1790179309882,0
1790179310308,1
1790179310308,0
1790179310367,1
1790179310367,0
1790179310425,1
1790179310425,0
1790179310480,1
1790179310480,0
1790179310532,1
1790179310532,0
1790179310589,1
1790179310589,0
1790179310697,1
1790179310697,0
1790179310750,1
1790179310750,0
1790179311297,1
1790179311297,0
1790179311722,1
1790179311722,0
1790179311777,1
1790179311777,0
1790179311831,1
1790179311831,0
1790179312689,1
1790179312690,0
1790179313343,1
1790179313343,0
1790179313397,1
1790179313398,0
1790179313452,1
1790179313452,0
1790179313556,1
1790179313556,0
1790179313612,1
1790179313612,0
1790179313671,1
1790179313671,0
1790179314421,1
1790179314421,0
1790179314478,1
1790179314478,0
1790179314748,1
1790179314748,0
1790179314912,1
1790179314913,0
1790179315283,1
1790179315283,0
1790179315391,1
1790179315391,0
1790179315443,1
1790179315444,0
1790179315496,1
1790179315497,0
1790179315929,1
1790179315929,0
1790179316467,1
1790179316467,0
1790179316518,1
1790179316518,0
1790179317113,1
1790179317114,0
1790179317165,1
1790179317165,0
1790179317218,1
1790179317218,0
1790179317272,1
1790179317272,0
1790179317375,1
1790179317375,0
1790179317801,1
1790179317801,0
1790179317854,1
1790179317854,0
1790179317905,1
1790179317913,0
1790179318007,1
1790179318007,0
1790179318120,1
1790179318120,0
1790179318166,1
1790179318166,0
1790179318218,1
1790179318218,0
1790179318278,1
1790179318278,0
1790179318984,1
1790179318984,0
1790179319679,1
1790179319679,0
1790179319738,1
1790179319738,0
1790179319789,1
1790179319789,0
1790179319844,1
1790179319845,0
1790179321455,1
1790179321455,0
1790179321565,1
1790179321565,0
1790179321622,1
1790179321622,0
1790179322213,1
1790179322213,0
1790179322269,1
1790179322269,0
1790179322321,1
1790179322321,0
1790179322378,1
1790179322378,0
1790179322760,1
1790179322760,0
1790179322812,1
1790179322812,0
1790179322870,1
1790179322870,0
1790179323618,1
1790179323618,0
1790179323668,0
1790179323670,0
1790179323725,1
1790179323725,0
1790179323939,1
1790179323939,0
1790179324631,1
1790179324631,0
1790179324688,1
1790179324688,0
1790179325119,1
1790179325120,0
1790179325497,1
1790179325497,0
1790179325550,1
1790179325550,0
1790179325824,1
1790179325824,0
1790179325874,1
1790179325874,0
1790179325929,1
1790179325929,0
1790179325984,1
1790179325985,0
1790179327287,1
1790179327288,0
1790179327879,1
1790179327879,0
1790179327933,1
1790179327933,0
1790179327990,1
1790179327990,0
1790179329081,1
1790179329081,0
1790179329299,1
1790179329299,0
1790179329629,1
1790179329629,0
1790179329680,1
1790179329680,0
1790179330171,1
1790179330171,0
1790179330226,1
1790179330226,0
1790179330334,1
1790179330334,0
1790179331315,1
1790179331315,0
1790179331690,1
1790179331690,0
1790179331798,1
1790179331798,0
1790179332505,1
1790179332505,0
1790179332560,1
1790179332560,0
1790179332607,1
1790179332608,0
1790179332664,1
1790179332664,0
1790179333257,1
1790179333257,0
1790179333308,1
1790179333308,0
1790179333528,1
1790179333528,0
1790179333583,1
1790179333583,0
1790179333634,1
1790179333634,0
1790179333694,1
1790179333694,0
1790179334405,1
1790179334405,0
1790179334925,1
1790179334925,0
1790179334979,1
1790179334980,0
1790179336450,1
1790179336450,0
1790179336505,1
1790179336505,0
1790179336613,1
1790179336613,0
1790179336666,1
1790179336666,0
1790179336725,1
1790179336725,0
1790179336779,1
1790179336779,0
1790179336889,1
1790179336889,0
1790179337109,1
1790179337109,0
1790179338196,1
1790179338196,0
1790179338251,1
1790179338251,0
1790179338306,1
1790179338306,0
1790179338630,1
1790179338630,0
1790179339215,1
1790179339215,0
1790179339268,1
1790179339268,0
1790179339319,1
1790179339319,0
1790179340411,1
1790179340411,0
1790179342245,1
1790179342245,0
1790179342293,1
1790179342293,0
1790179342351,1
1790179342351,0
1790179342405,1
1790179342406,0
1790179342675,1
1790179342675,0
1790179343276,1
1790179343276,0
1790179343331,1
1790179343331,0
1790179343388,1
1790179343388,0
1790179343440,1
1790179343441,0
1790179343496,1
1790179343497,0
1790179344365,1
1790179344366,0
1790179344417,1
1790179344417,0
1790179344468,1
1790179344468,0
1790179345061,1
1790179345061,0
1790179345392,1
1790179345392,0
1790179345444,1
1790179345444,0
1790179345504,1
1790179345504,0
1790179345609,1
1790179345609,0
1790179345667,1
1790179345667,0
1790179345836,1
1790179345836,0
1790179346650,1
1790179346650,0
1790179346708,1
1790179346708,0
1790179346927,1
1790179346927,0
1790179346979,1
1790179346979,0
1790179347033,1
1790179347033,0
1790179347082,1
1790179347082,0
1790179347300,1
1790179347300,0
1790179347349,1
1790179347349,0
1790179347786,1
1790179347786,0
1790179347888,1
1790179347888,0
1790179347944,1
1790179347944,0
1790179347998,1
1790179347998,0
1790179348052,1
1790179348052,0
1790179348102,1
1790179348102,0
1790179348160,1
1790179348160,0
1790179348269,1
1790179348269,0
1790179348325,1
1790179348325,0
1790179348380,1
1790179348380,0
1790179349199,1
1790179349199,0
1790179349311,1
1790179349311,0
1790179349733,1
1790179349733,0
1790179349787,1
1790179349787,0
1790179349947,1
1790179349947,0
1790179350002,1
1790179350002,0
1790179350052,1
1790179350052,0
1790179350108,1
1790179350109,0
1790179350166,1
1790179350166,0
1790179350220,1
1790179350220,0
1790179350273,1
1790179350273,0
1790179350702,1
1790179350702,0
1790179350920,0
1790179350920,0
1790179351564,1
1790179351564,0
1790179351623,1
1790179351623,0
1790179351679,1
1790179351680,0
1790179351950,1
1790179351950,0
1790179352004,1
1790179352004,0
1790179352439,1
1790179352439,0
1790179352494,1
1790179352494,0
1790179353043,1
1790179353043,0
1790179353098,1
1790179353098,0
1790179353152,1
1790179353152,0
1790179353203,1
1790179353203,0
1790179353258,1
1790179353258,0
1790179353312,1
1790179353312,0
1790179353478,1
1790179353479,0
1790179353530,1
1790179353530,0
1790179354989,1
1790179354989,0
1790179355704,1
1790179355704,0
1790179355749,1
1790179355749,0
1790179355804,1
1790179355804,0
1790179356460,1
1790179356460,0
1790179356677,1
1790179356677,0
1790179357500,1
1790179357500,0
1790179357556,1
1790179357558,0
1790179357710,1
1790179357711,0
1790179357934,1
1790179357934,0
1790179359562,1
1790179359562,0
1790179359834,1
1790179359834,0
1790179359889,1
1790179359889,0
1790179359944,1
1790179359944,0
1790179360056,1
1790179360056,0
1790179360109,1
1790179360109,0
1790179360274,1
1790179360274,0
1790179360652,1
1790179360653,0
1790179360707,1
1790179360707,0
1790179360764,1
1790179360764,0
1790179360872,1
1790179360872,0
1790179360921,1
1790179360921,0
1790179360976,1
1790179360976,0
1790179361030,1
1790179361030,0
1790179361568,1
1790179361568,0
1790179361678,1
1790179361678,0
1790179362066,1
1790179362066,0
1790179362331,1
1790179362331,0
1790179362600,1
1790179362600,0
1790179363693,1
1790179363693,0
1790179364182,1
1790179364183,0
1790179364244,1
1790179364244,0
1790179364351,1
1790179364351,0
1790179364406,1
1790179364406,0
1790179365482,0
1790179365482,0
1790179365534,1
1790179365534,0
1790179365591,1
1790179365591,0
1790179365646,1
1790179365646,0
1790179365811,1
1790179365811,0
1790179366517,1
1790179366517,0
1790179366569,1
1790179366569,0
1790179366628,1
1790179366628,0
1790179366680,1
1790179366680,0
1790179366734,1
1790179366734,0
1790179366834,1
1790179366834,0
1790179367369,1
1790179367369,0
1790179367476,1
1790179367476,0
1790179368290,1
1790179368290,0
1790179368340,1
1790179368340,0
1790179368773,1
1790179368773,0
1790179368932,1
1790179368933,0
1790179368984,1
1790179368984,0
1790179370068,1
1790179370068,0
1790179370122,1
1790179370122,0
1790179370179,1
1790179370179,0
1790179370228,1
1790179370228,0
1790179371092,1
1790179371092,0
1790179371144,1
1790179371144,0
1790179371201,1
1790179371201,0
1790179371256,1
1790179371256,0
1790179371857,1
1790179371857,0
1790179371911,1
1790179371911,0
1790179372016,1
1790179372016,0
1790179372072,1
1790179372073,0
1790179372505,1
1790179372505,0
1790179373049,1
1790179373049,0
1790179373104,1
1790179373104,0
1790179373161,1
1790179373161,0
1790179373435,1
1790179373435,0
1790179373488,1
1790179373488,0
1790179373599,1
1790179373599,0
1790179374028,1
1790179374028,0
1790179374082,1
1790179374082,0
1790179374136,1
1790179374136,0
1790179374247,1
1790179374248,0
1790179374301,1
1790179374301,0
1790179374353,1
1790179374354,0
1790179375018,0
1790179375018,0
1790179375121,1
1790179375121,0
1790179375174,1
1790179375175,0
1790179375284,1
1790179375284,0
1790179375336,1
1790179375336,0
1790179375391,1
1790179375391,0
1790179376491,1
1790179376491,0
1790179376543,1
1790179376544,0
1790179376597,1
1790179376597,0
1790179377193,1
1790179377193,0
1790179377247,1
1790179377247,0
1790179377529,1
1790179377529,0
1790179377576,1
1790179377587,0
1790179377631,1
1790179377636,0
1790179378605,1
1790179378605,0
1790179378658,1
1790179378658,0
1790179378710,1
1790179378710,0
1790179379093,1
1790179379093,0
1790179379913,1
1790179379913,0
1790179379968,1
1790179379968,0
1790179380022,1
1790179380022,0
1790179380078,1
1790179380078,0
1790179380672,1
1790179380672,0
1790179380725,1
1790179380725,0
1790179382203,1
1790179382203,0
1790179382858,1
1790179382858,0
1790179382912,1
1790179382912,0
1790179383292,1
1790179383292,0
1790179383400,1
1790179383400,0
1790179383455,1
1790179383455,0
1790179383505,1
1790179383505,0
1790179383563,1
1790179383563,0
1790179383615,1
1790179383615,0
1790179383667,1
1790179383667,0
1790179383724,1
1790179383724,0
1790179383887,1
1790179383887,0
1790179384268,1
1790179384268,0
1790179384325,1
1790179384325,0
1790179385083,1
1790179385083,0
1790179385137,1
1790179385137,0
1790179385194,1
1790179385194,0
1790179385248,1
1790179385248,0
1790179385355,1
1790179385356,0
1790179385574,1
1790179385574,0
1790179386449,1
1790179386449,0
1790179386614,1
1790179386614,0
1790179386887,1
1790179386887,0
1790179386942,1
1790179386947,0
1790179387153,1
1790179387153,0
1790179387203,1
1790179387203,0
1790179387255,1
1790179387255,0
1790179387311,1
1790179387311,0
1790179387421,1
1790179387421,0
1790179387913,1
1790179387913,0
1790179387966,1
1790179387966,0
1790179388680,1
1790179388680,0
1790179388895,1
1790179388895,0
1790179389435,1
1790179389435,0
1790179389596,1
1790179389596,0
1790179389652,1
1790179389652,0
1790179390190,1
1790179390191,0
1790179390565,1
1790179390565,0
1790179390789,1
1790179390789,0
1790179390842,1
1790179390842,0
1790179390898,1
1790179390898,0
1790179391551,1
1790179391551,0
1790179391657,1
1790179391657,0
1790179391708,1
1790179391710,0
1790179391763,1
1790179391763,0
1790179392034,1
1790179392034,0
1790179392092,1
1790179392092,0
1790179392140,1
1790179392146,0
1790179392250,1
1790179392250,0
1790179392630,1
1790179392630,0
1790179392794,1
1790179392794,0
1790179393651,1
1790179393651,0
1790179394091,1
1790179394091,0
1790179394144,1
1790179394145,0
1790179394252,1
1790179394252,0
1790179394307,1
1790179394307,0
1790179394688,1
1790179394688,0
1790179395624,1
1790179395624,0
1790179396713,1
1790179396714,0
1790179396759,1
1790179396759,0
1790179397801,1
1790179397801,0
1790179397959,1
1790179397959,0
1790179398231,1
1790179398231,0
1790179398284,1
1790179398284,0
1790179399036,1
1790179399036,0
1790179399090,1
1790179399091,0
1790179399144,1
1790179399144,0
1790179399420,1
1790179399420,0
1790179399527,1
1790179399527,0
1790179399582,1
1790179399582,0
1790179399634,1
1790179399634,0
1790179399689,1
1790179399689,0
1790179399797,1
1790179399797,0
1790179399906,1
1790179399907,0
1790179399962,1
1790179399962,0
1790179400287,1
1790179400287,0
1790179400337,1
1790179400340,0
1790179400452,1
1790179400452,0
1790179400501,1
1790179400504,0
1790179400774,1
1790179400774,0
1790179401039,1
1790179401039,0
1790179401587,1
1790179401587,0
1790179401644,1
1790179401645,0
1790179401696,1
1790179401696,0
1790179401749,1
1790179401749,0
1790179402076,1
1790179402076,0
1790179402297,1
1790179402297,0
1790179402351,1
1790179402351,0
1790179402406,1
1790179402406,0
1790179402458,1
1790179402460,0
1790179403113,1
1790179403114,0
1790179403378,1
1790179403378,0
1790179403432,1
1790179403433,0
1790179403648,1
1790179403648,0
1790179403704,1
1790179403704,0
1790179403756,1
1790179403756,0
1790179403812,1
1790179403812,0
1790179404513,1
1790179404513,0
1790179404616,1
1790179404616,0
1790179404664,1
1790179404670,0
1790179404716,1
1790179404721,0
1790179404771,1
1790179404771,0
1790179404826,1
1790179404826,0
1790179405210,1
1790179405210,0
1790179405269,1
1790179405269,0
1790179405318,1
1790179405322,0
1790179405375,1
1790179405375,0
1790179405533,1
1790179405533,0
1790179405969,1
1790179405970,0
1790179406024,1
1790179406024,0
1790179406565,1
1790179406565,0
1790179406615,1
1790179406621,0
1790179407584,1
1790179407584,0
1790179407632,1
1790179407639,0
1790179407686,1
1790179407695,0
1790179408005,1
1790179408006,0
1790179408277,1
1790179408277,0
1790179408331,1
1790179408331,0
1790179408381,1
1790179408388,0
1790179408655,1
1790179408655,0
1790179409032,1
1790179409033,0
1790179410661,1
1790179410661,0
1790179410766,1
1790179410766,0
1790179411685,1
1790179411685,0
1790179412222,1
1790179412222,0
1790179412277,1
1790179412280,0
1790179412385,1
1790179412385,0
1790179412440,1
1790179412440,0
1790179412492,1
1790179412492,0
1790179412542,1
1790179412547,0
1790179412821,1
1790179412821,0
1790179413637,1
1790179413637,0
1790179413689,1
1790179413693,0
1790179413745,1
1790179413747,0
1790179413853,1
1790179413853,0
1790179414653,1
1790179414653,0
1790179414704,1
1790179414704,0
1790179414764,1
1790179414764,0
1790179415630,1
1790179415630,0
1790179415685,1
1790179415685,0
1790179415739,1
1790179415740,0
1790179415790,1
1790179415794,0
1790179415897,1
1790179415897,0
1790179415949,1
1790179415949,0
1790179416005,1
1790179416005,0
1790179416059,1
1790179416059,0
1790179416112,1
1790179416113,0
1790179416971,1
1790179416972,0
1790179417026,1
1790179417026,0
1790179417078,1
1790179417078,0
1790179417132,1
1790179417133,0
1790179417292,1
1790179417292,0
1790179417508,1
1790179417508,0
1790179417564,1
1790179417564,0
1790179417621,1
1790179417621,0
1790179417832,1
1790179417832,0
1790179417886,1
1790179417886,0
1790179417940,1
1790179417940,0
1790179418860,1
1790179418860,0
1790179418909,1
1790179418909,0
1790179419018,1
1790179419018,0
1790179419077,1
1790179419077,0
1790179419132,1
1790179419132,0
1790179419181,1
1790179419187,0
1790179419351,1
1790179419352,0
1790179419506,1
1790179419506,0
1790179419561,1
1790179419561,0
1790179419616,1
1790179419616,0
1790179419666,1
1790179419671,0
1790179419885,1
1790179419885,0
1790179420760,1
1790179420761,0
1790179421070,1
1790179421070,0
1790179421122,1
1790179421122,0
1790179421178,1
1790179421178,0
1790179421231,1
1790179421231,0
1790179421448,1
1790179421448,0
1790179421501,1
1790179421501,0
1790179421768,1
1790179421768,0
1790179424632,1
1790179424632,0
1790179424849,1
1790179424849,0
1790179424904,1
1790179424904,0
1790179424957,1
1790179424957,0
1790179425011,1
1790179425011,0
1790179425122,1
1790179425122,0
1790179425176,1
1790179425176,0
1790179425232,1
1790179425232,0
1790179425290,1
1790179425290,0
1790179425341,1
1790179425341,0
1790179425670,1
1790179425670,0
1790179426155,1
1790179426155,0
1790179426430,1
1790179426430,0
1790179426705,1
1790179426705,0
1790179427727,1
1790179427727,0
1790179428157,1
1790179428157,0
1790179428540,1
1790179428540,0
1790179428594,1
1790179428594,0
1790179428754,1
1790179428755,0
1790179428810,1
1790179428811,0
1790179428866,1
1790179428866,0
1790179428919,1
1790179428919,0
1790179429557,1
1790179429557,0
1790179429664,1
1790179429664,0
1790179429719,1
1790179429719,0
1790179429992,1
1790179429992,0
1790179430319,1
1790179430319,0
1790179430373,1
1790179430373,0
1790179430429,1
1790179430429,0
1790179430482,1
1790179430482,0
1790179431187,1
1790179431187,0
1790179431569,1
1790179431569,0
1790179431622,1
1790179431622,0
1790179432273,1
1790179432274,0
1790179432859,1
1790179432860,0
1790179433349,1
1790179433349,0
1790179433404,1
1790179433404,0
1790179433450,1
1790179433450,0
1790179433510,1
1790179433510,0
1790179433565,1
1790179433565,0
1790179434712,1
1790179434713,0
1790179434987,1
1790179434987,0
1790179435038,1
1790179435038,0
1790179435098,1
1790179435098,0
1790179436235,1
1790179436236,0
1790179436285,1
1790179436285,0
1790179436720,1
1790179436720,0
1790179436773,1
1790179436773,0
1790179436880,1
1790179436880,0
1790179436935,1
1790179436935,0
1790179436993,1
1790179436994,0
1790179437261,1
1790179437261,0
1790179437313,1
1790179437313,0
1790179437482,1
1790179437482,0
1790179437861,1
1790179437861,0
1790179438026,1
1790179438026,0
1790179438077,1
1790179438077,0
1790179438129,1
1790179438129,0
1790179438185,1
1790179438185,0
1790179438294,1
1790179438294,0
1790179438349,1
1790179438349,0
1790179438566,1
1790179438566,0
1790179438621,1
1790179438621,0
1790179438674,1
1790179438675,0
1790179438731,1
1790179438731,0
1790179438836,1
1790179438837,0
1790179439106,1
1790179439106,0
1790179439161,1
1790179439161,0
1790179439216,1
1790179439216,0
1790179439591,1
1790179439591,0
1790179439646,1
1790179439646,0
1790179439702,1
1790179439702,0
1790179439756,1
1790179439756,0
1790179439866,1
1790179439866,0
1790179439972,1
1790179439972,0
1790179440027,1
1790179440027,0
1790179441328,1
1790179441328,0
1790179442186,1
1790179442186,0
1790179442239,1
1790179442240,0
1790179442292,1
1790179442292,0
1790179442670,1
1790179442670,0
1790179442725,1
1790179442725,0
1790179442778,1
1790179442778,0
1790179442838,1
1790179442838,0
1790179442995,1
1790179442995,0
1790179443211,1
1790179443211,0
1790179443263,1
1790179443263,0
1790179443319,1
1790179443319,0
1790179443528,1
1790179443528,0
1790179443586,1
1790179443586,0
1790179446019,1
1790179446019,0
1790179447105,1
1790179447105,0
1790179447156,1
1790179447156,0
1790179447211,1
1790179447211,0
1790179447267,1
1790179447267,0
1790179447752,1
1790179447753,0
1790179448562,1
1790179448562,0
1790179448621,1
1790179448621,0
1790179448732,1
1790179448732,0
1790179449695,1
1790179449695,0
1790179449750,1
1790179449750,0
1790179450070,1
1790179450070,0
1790179450180,1
1790179450181,0
1790179450236,1
1790179450236,0
1790179450291,1
1790179450291,0
1790179450400,1
1790179450400,0
1790179450453,1
1790179450453,0
1790179450507,1
1790179450507,0
1790179451374,1
1790179451374,0
1790179452295,1
1790179452295,0
1790179452351,1
1790179452351,0
1790179452674,1
1790179452674,0
1790179452728,1
1790179452728,0
1790179452944,1
1790179452944,0
1790179453002,1
1790179453002,0
1790179453057,1
1790179453057,0
1790179453103,1
1790179453103,0
1790179453267,1
1790179453267,0
1790179453428,1
1790179453428,0
1790179454304,1
1790179454304,0
1790179456293,1
1790179456293,0
1790179456782,1
1790179456782,0
1790179456828,1
1790179456837,0
1790179457429,1
1790179457429,0
1790179457480,1
1790179457480,0
1790179458085,1
1790179458085,0
1790179458136,1
1790179458136,0
1790179458192,1
1790179458192,0
1790179458244,1
1790179458244,0
1790179458298,1
1790179458298,0
1790179458403,1
1790179458403,0
1790179459313,1
1790179459313,0
1790179459965,1
1790179459965,0
1790179460334,1
1790179460334,0
1790179461094,1
1790179461094,0
1790179461147,1
1790179461147,0
1790179461201,1
1790179461201,0
1790179461258,1
1790179461258,0
1790179461308,1
1790179461309,0
1790179461903,1
1790179461903,0
1790179461957,1
1790179461957,0
1790179462011,1
1790179462011,0
1790179462178,1
1790179462178,0
1790179462232,1
1790179462232,0
1790179462286,1
1790179462287,0
1790179462340,1
1790179462340,0
1790179462499,1
1790179462500,0
