1790179473828,1
1790179473834,1
1790179473834,1
1790179473931,2
1790179473955,3
1790179473978,4
1790179474079,3
1790179474181,2
1790179474249,1
1790179474312,2
1790179474330,1
1790179474392,0
1790179474928,1
1790179474928,0
1790179475163,1
1790179475163,0
1790179475194,1
1790179475255,0
1790179475287,1
1790179475318,0
1790179475480,1
1790179475480,0
1790179475525,1
1790179475530,0
1790179475542,1
1790179475574,2
1790179475589,1
1790179475592,2
1790179475635,1
1790179475668,2
1790179475685,1
1790179475694,2
1790179475724,3
1790179475733,2
1790179475767,3
1790179475778,2
1790179475794,3
1790179475814,4
1790179475821,3
1790179475869,2
1790179475915,1
1790179475959,0
1790179475967,1
1790179476003,0
1790179476087,1
1790179476087,0
1790179476303,1
1790179476304,0
1790179476380,1
1790179476380,0
1790179476555,1
1790179476555,0
1790179476700,1
1790179476700,0
1790179476721,1
1790179476743,0
1790179476748,1
1790179476788,0
1790179477308,1
1790179477309,0
1790179477483,1
1790179477483,0
1790179477803,1
1790179477803,0
1790179477823,1
1790179477847,0
1790179478231,1
1790179478231,0
1790179478434,1
1790179478434,0
1790179478539,1
1790179478539,0
1790179479000,1
1790179479000,0
1790179479094,1
1790179479094,0
1790179479112,1
1790179479143,0
1790179479146,1
1790179479171,2
1790179479186,1
1790179479230,0
1790179479238,1
1790179479262,2
1790179479280,1
1790179479286,2
1790179479310,3
1790179479322,2
1790179479365,1
1790179479413,0
1790179479643,1
1790179479643,0
1790179479689,1
1790179479689,0
1790179479716,1
1790179479735,0
1790179479746,1
1790179479765,2
1790179479778,1
1790179479822,0
1790179480330,1
1790179480331,0
1790179480353,1
1790179480377,0
1790179480496,1
1790179480496,0
1790179480520,1
1790179480540,0
1790179480591,1
1790179480591,0
1790179480765,1
1790179480765,0
1790179480837,1
1790179480838,0
1790179480957,1
1790179480957,0
1790179480985,1
1790179481001,0
1790179481032,1
1790179481045,0
1790179481087,1
1790179481093,0
1790179481107,1
1790179481131,2
1790179481137,1
1790179481153,2
1790179481180,1
1790179481224,0
1790179481228,1
1790179481271,0
1790179481328,1
1790179481328,0
1790179481349,1
1790179481371,0
1790179481372,1
1790179481395,2
1790179481416,1
1790179481418,2
1790179481442,3
1790179481459,2
1790179481491,3
1790179481503,2
1790179481550,1
1790179481595,0
1790179481841,1
1790179481842,0
1790179482140,1
1790179482141,0
1790179482409,1
1790179482409,0
1790179483051,1
1790179483051,0
1790179483077,1
1790179483099,0
1790179483100,1
1790179483145,2
1790179483149,1
1790179483165,2
1790179483190,3
1790179483194,2
1790179483237,1
1790179483281,0
1790179483283,1
1790179483329,0
1790179483477,1
1790179483477,0
1790179483571,1
1790179483571,0
1790179483671,1
1790179483671,0
1790179483814,1
1790179483814,0
1790179483835,1
1790179483858,0
1790179483860,1
1790179483885,2
1790179483904,1
1790179483948,0
1790179484248,1
1790179484249,0
1790179484486,1
1790179484486,0
1790179484517,1
1790179484531,0
1790179484539,1
1790179484563,2
1790179484573,1
1790179484613,2
1790179484619,1
1790179484635,2
1790179484661,1
1790179484706,0
1790179484843,1
1790179484843,0
1790179484968,1
1790179484968,0
1790179484993,1
1790179485013,0
1790179485018,1
1790179485057,0
1790179485360,1
1790179485360,0
1790179485381,1
1790179485408,0
1790179485429,1
1790179485454,0
1790179485459,1
1790179485477,2
1790179485499,1
1790179485542,0
1790179485625,1
1790179485625,0
1790179485770,1
1790179485770,0
1790179486113,1
1790179486113,0
1790179486138,1
1790179486155,0
1790179486165,1
1790179486193,2
1790179486201,1
1790179486214,2
1790179486243,1
1790179486262,2
1790179486286,1
1790179486329,0
1790179486504,1
1790179486504,0
1790179486719,1
1790179486719,0
1790179486744,1
1790179486762,0
1790179486765,1
1790179486807,0
1790179486925,1
1790179486925,0
1790179486938,1
1790179486969,0
1790179486989,1
1790179487012,0
1790179487176,1
1790179487177,0
1790179487273,1
1790179487273,0
1790179487297,1
1790179487317,0
1790179487322,1
1790179487346,2
1790179487360,1
1790179487405,0
1790179487581,1
1790179487581,0
1790179487651,1
1790179487651,0
1790179487673,1
1790179487695,0
1790179487797,0
1790179487799,0
1790179487917,0
1790179487917,0
1790179488081,1
1790179488081,0
1790179488279,1
1790179488279,0
1790179488304,1
1790179488323,0
1790179488494,1
1790179488494,0
1790179488514,1
1790179488539,0
1790179488999,1
1790179488999,0
1790179489320,1
1790179489320,0
1790179489346,1
1790179489367,0
1790179489372,1
1790179489399,2
1790179489409,1
1790179489447,2
1790179489453,1
1790179489497,0
1790179489543,1
1790179489545,0
1790179489563,1
1790179489589,0
1790179489592,1
1790179489614,2
1790179489632,1
1790179489663,2
1790179489676,1
1790179489688,2
1790179489723,1
1790179489767,0
1790179490012,1
1790179490012,0
1790179490104,1
1790179490104,0
1790179490176,1
1790179490176,0
1790179490231,1
1790179490231,0
1790179490399,1
1790179490399,0
1790179490852,1
1790179490852,0
1790179491015,1
1790179491015,0
1790179491120,1
1790179491120,0
1790179491149,1
1790179491164,0
1790179491175,1
1790179491198,2
1790179491206,1
1790179491220,2
1790179491254,1
1790179491271,2
1790179491300,1
1790179491345,0
1790179491937,1
1790179491938,0
1790179492008,1
1790179492008,0
1790179492219,1
1790179492219,0
1790179492240,1
1790179492263,0
1790179492265,1
1790179492307,0
1790179492315,1
1790179492341,2
1790179492353,1
1790179492362,2
1790179492398,1
1790179492442,0
1790179492835,1
1790179492836,0
1790179492942,1
1790179492942,0
1790179492960,1
1790179492999,0
1790179493135,1
1790179493135,0
1790179493418,1
1790179493418,0
1790179493560,1
1790179493561,0
1790179493874,1
1790179493874,0
1790179494002,1
1790179494002,0
1790179494218,1
1790179494218,0
1790179494291,1
1790179494291,0
1790179494340,1
1790179494340,0
1790179494976,1
1790179494976,0
1790179495174,1
1790179495174,0
1790179495197,1
1790179495223,0
1790179495272,1
1790179495273,0
1790179495394,1
1790179495394,0
1790179495533,1
1790179495534,0
1790179495557,1
1790179495578,2
1790179495582,1
1790179495626,0
1790179495630,1
1790179495651,2
1790179495670,1
1790179495675,2
1790179495714,1
1790179495764,0
1790179495997,1
1790179495997,0
1790179496024,1
1790179496043,2
1790179496051,1
1790179496068,2
1790179496090,3
1790179496097,2
1790179496112,3
1790179496133,4
1790179496151,3
1790179496157,4
1790179496199,3
1790179496205,4
1790179496232,5
1790179496245,4
1790179496253,5
1790179496271,6
1790179496296,5
1790179496347,6
1790179496348,5
1790179496397,4
1790179496445,3
1790179496494,2
1790179496502,3
1790179496543,2
1790179496591,1
1790179496640,2
1790179496643,1
1790179496665,2
1790179496690,3
1790179496695,2
1790179496720,3
1790179496746,2
1790179496765,3
1790179496794,2
1790179496846,1
1790179496897,0
1790179497082,1
1790179497082,0
1790179497107,1
1790179497129,0
1790179497130,1
1790179497155,2
1790179497174,1
1790179497181,2
1790179497219,1
1790179497268,0
1790179497330,1
1790179497330,0
1790179498148,1
1790179498148,0
1790179498168,1
1790179498190,2
1790179498194,1
1790179498214,2
1790179498243,1
1790179498289,0
1790179498429,1
1790179498429,0
1790179498576,1
1790179498576,0
1790179498717,1
1790179498717,0
1790179498737,1
1790179498763,2
1790179498770,1
1790179498828,0
1790179499057,1
1790179499057,0
1790179499176,1
1790179499176,0
1790179499197,1
1790179499222,2
1790179499222,1
1790179499268,0
1790179499270,1
1790179499292,2
1790179499313,1
1790179499362,0
1790179499559,1
1790179499559,0
1790179499576,1
1790179499604,2
1790179499606,1
1790179499652,0
1790179500093,1
1790179500093,0
1790179500115,1
1790179500139,0
1790179500140,1
1790179500185,0
1790179500240,1
1790179500240,0
1790179500411,1
1790179500412,0
1790179500457,1
1790179500459,0
1790179500529,1
1790179500529,0
1790179500699,1
1790179500699,0
1790179500772,1
1790179500772,0
1790179500790,1
1790179500817,0
1790179500819,1
1790179500839,2
1790179500861,1
1790179500907,0
1790179500911,1
1790179500959,0
1790179501002,1
1790179501005,0
1790179501023,1
1790179501044,2
1790179501051,1
1790179501096,0
1790179501097,1
1790179501120,2
1790179501143,1
1790179501190,0
1790179501343,1
1790179501343,0
1790179501443,1
1790179501443,0
1790179501468,1
1790179501492,0
1790179501492,1
1790179501516,2
1790179501537,1
1790179501583,0
1790179501660,1
1790179501663,0
1790179501848,1
1790179501849,0
1790179501872,1
1790179501895,0
1790179501897,1
1790179501922,2
1790179501941,1
1790179501942,2
1790179501964,3
1790179501989,2
1790179502012,3
1790179502037,2
1790179502039,3
1790179502082,2
1790179502092,3
1790179502127,2
1790179502173,1
1790179502222,0
1790179502232,1
1790179502257,2
1790179502268,1
1790179502314,0
1790179502354,1
1790179502360,0
1790179502476,1
1790179502476,0
1790179502492,1
1790179502522,0
1790179502839,1
1790179502839,0
1790179502861,1
1790179502884,0
1790179502891,1
1790179502909,2
1790179502932,1
1790179502977,0
1790179503035,1
1790179503035,0
1790179503524,1
1790179503524,0
1790179503549,1
1790179503572,0
1790179503573,1
1790179503599,2
1790179503622,1
1790179503667,0
1790179503671,1
1790179503716,0
1790179503740,1
1790179503766,0
1790179503839,1
1790179503840,0
1790179503935,1
1790179503935,0
1790179504293,1
1790179504293,0
1790179504396,1
1790179504396,0
1790179504439,1
1790179504443,0
1790179504465,1
1790179504489,0
1790179504490,1
1790179504513,2
1790179504533,1
1790179504565,2
1790179504582,1
1790179504629,0
1790179504836,1
1790179504836,0
1790179504882,1
1790179504882,0
1790179505322,1
1790179505322,0
1790179505515,1
1790179505515,0
1790179505628,1
1790179505628,0
1790179505641,1
1790179505665,2
1790179505675,1
1790179505723,0
1790179505974,1
1790179505974,0
1790179506680,1
1790179506680,0
1790179506701,1
1790179506731,0
1790179506867,1
1790179506867,0
1790179506987,1
1790179506987,0
1790179507009,1
1790179507031,0
1790179507034,1
1790179507076,0
1790179507130,1
1790179507130,0
1790179507148,1
1790179507177,0
1790179507378,1
1790179507378,0
1790179507400,1
1790179507424,0
1790179507613,1
1790179507613,0
1790179507828,1
1790179507828,0
1790179507856,1
1790179507873,0
1790179507878,1
1790179507918,0
1790179507977,1
1790179507977,0
1790179508073,1
1790179508073,0
1790179508531,1
1790179508531,0
1790179508578,1
1790179508578,0
1790179508602,1
1790179508624,2
1790179508626,1
1790179508652,2
1790179508670,1
1790179508676,2
1790179508715,1
1790179508759,0
1790179509350,1
1790179509350,0
1790179509498,1
1790179509498,0
1790179509521,1
1790179509543,0
1790179509549,1
1790179509568,2
1790179509587,1
1790179509636,0
1790179509740,1
1790179509740,0
1790179509762,1
1790179509785,0
1790179509790,1
1790179509829,0
1790179509916,1
1790179509916,0
1790179509941,1
1790179509960,0
1790179509965,1
1790179509989,2
1790179510004,1
1790179510007,2
1790179510036,3
1790179510048,2
1790179510061,3
1790179510094,2
1790179510143,1
1790179510192,0
1790179510729,1
1790179510729,0
1790179510875,1
1790179510875,0
1790179510899,1
1790179510920,0
1790179510922,1
1790179510944,2
1790179510965,1
1790179511011,0
1790179511273,1
1790179511273,0
1790179511492,1
1790179511492,0
1790179511514,1
1790179511537,0
1790179511537,1
1790179511581,0
1790179511706,1
1790179511706,0
1790179511755,1
1790179511755,0
1790179512362,1
1790179512362,0
1790179512846,1
1790179512846,0
1790179513037,1
1790179513037,0
1790179513061,1
1790179513083,0
1790179513262,1
1790179513262,0
1790179513284,1
1790179513305,0
1790179513555,1
1790179513555,0
1790179513753,1
1790179513753,0
1790179513803,1
1790179513803,0
1790179513828,1
1790179513844,0
1790179513849,1
1790179513890,0
1790179514094,1
1790179514094,0
1790179514111,1
1790179514138,0
1790179514140,1
1790179514162,2
1790179514181,1
1790179514241,0
1790179514404,1
1790179514404,0
1790179514523,1
1790179514523,0
1790179514642,1
1790179514642,0
1790179515345,1
1790179515345,0
1790179515371,1
1790179515401,0
1790179515422,1
1790179515444,0
1790179515564,1
1790179515564,0
1790179515615,1
1790179515615,0
1790179515926,1
1790179515926,0
1790179515946,1
1790179515970,0
1790179515972,1
1790179515994,2
1790179516024,1
1790179516081,0
1790179516344,1
1790179516344,0
1790179516365,1
1790179516400,0
1790179516557,1
1790179516557,0
1790179516578,1
1790179516612,0
1790179516848,1
1790179516848,0
1790179516871,1
1790179516891,0
1790179516896,1
1790179516920,2
1790179516943,1
1790179516966,2
1790179516999,1
1790179517054,0
1790179517233,1
1790179517233,0
1790179517260,1
1790179517288,0
1790179517302,1
1790179517329,2
1790179517334,1
1790179517355,2
1790179517379,3
1790179517390,2
1790179517434,1
1790179517482,0
1790179517549,1
1790179517549,0
1790179517572,1
1790179517593,0
1790179517595,1
1790179517648,0
1790179517715,1
1790179517715,0
1790179518187,1
1790179518187,0
1790179518211,1
1790179518231,0
1790179518645,1
1790179518645,0
1790179518862,1
1790179518863,0
1790179518886,1
1790179518918,0
1790179519013,1
1790179519013,0
1790179519091,1
1790179519091,0
1790179519255,1
1790179519255,0
1790179519282,1
1790179519297,0
1790179519330,1
1790179519339,0
1790179519353,1
1790179519383,0
1790179519743,1
1790179519743,0
1790179519788,1
1790179519799,0
1790179519811,1
1790179519840,0
1790179519933,1
1790179519933,0
1790179519954,1
1790179519978,0
1790179519979,1
1790179520004,2
1790179520030,3
1790179520034,2
1790179520054,3
1790179520087,2
1790179520139,1
1790179520195,0
1790179520226,1
1790179520237,0
1790179520241,1
1790179520268,2
1790179520292,1
1790179520318,2
1790179520343,3
1790179520344,2
1790179520363,3
1790179520388,2
1790179520442,1
1790179520481,2
1790179520496,1
1790179520507,2
1790179520548,1
1790179520591,0
1790179520708,1
1790179520708,0
1790179520728,1
1790179520751,0
1790179521003,1
1790179521003,0
1790179521026,1
1790179521051,2
1790179521057,1
1790179521074,2
1790179521099,1
1790179521124,2
1790179521153,1
1790179521200,0
1790179521244,1
1790179521245,0
1790179521266,1
1790179521287,0
1790179521289,1
1790179521328,0
1790179521463,1
1790179521463,0
1790179521488,1
1790179521513,2
1790179521520,1
1790179521535,2
1790179521563,1
1790179521584,2
1790179521623,1
1790179521684,0
1790179522031,1
1790179522031,0
1790179522319,1
1790179522319,0
1790179522632,1
1790179522632,0
1790179522650,1
1790179522674,2
1790179522678,1
1790179522700,2
1790179522733,1
1790179522774,0
1790179523265,1
1790179523265,0
1790179523289,1
1790179523331,0
1790179523408,1
1790179523408,0
1790179523893,1
1790179523893,0
1790179523990,1
1790179523990,0
1790179524088,1
1790179524088,0
1790179524181,1
1790179524181,0
1790179524374,1
1790179524374,0
1790179524665,1
1790179524665,0
1790179525022,1
1790179525022,0
1790179525047,1
1790179525068,0
1790179525139,1
1790179525139,0
1790179525164,1
1790179525185,2
1790179525187,1
1790179525214,2
1790179525234,1
1790179525237,2
1790179525277,1
1790179525320,0
1790179525775,1
1790179525775,0
1790179525796,1
1790179525820,0
1790179526045,1
1790179526045,0
1790179526209,1
1790179526209,0
1790179526279,1
1790179526279,0
1790179526380,1
1790179526380,0
1790179526475,1
1790179526475,0
1790179526992,1
1790179526992,0
1790179527015,1
1790179527042,2
1790179527048,1
1790179527066,2
1790179527093,1
1790179527113,2
1790179527137,1
1790179527139,2
1790179527192,1
1790179527248,0
1790179527312,1
1790179527312,0
1790179527336,1
1790179527360,2
1790179527368,1
1790179527414,0
1790179528161,1
1790179528161,0
1790179528188,1
1790179528207,0
1790179528213,1
1790179528250,0
1790179528505,1
1790179528505,0
1790179529087,1
1790179529087,0
1790179529109,1
1790179529129,0
1790179529136,1
1790179529180,0
1790179529258,1
1790179529258,0
1790179529463,1
1790179529463,0
1790179529492,1
1790179529519,0
1790179529616,1
1790179529616,0
1790179529681,1
1790179529681,0
1790179530067,1
1790179530068,0
1790179530091,1
1790179530109,0
1790179530115,1
1790179530151,0
1790179530306,1
1790179530306,0
1790179530332,1
1790179530352,0
1790179531259,1
1790179531259,0
1790179531376,1
1790179531376,0
1790179531397,1
1790179531421,0
1790179531423,1
1790179531472,0
1790179531519,1
1790179531519,0
1790179532055,1
1790179532056,0
1790179532080,1
1790179532097,0
1790179532105,1
1790179532130,2
1790179532143,1
1790179532186,0
1790179532396,1
1790179532396,0
1790179532425,1
1790179532438,0
1790179532473,1
1790179532484,0
1790179532667,1
1790179532667,0
1790179532855,1
1790179532855,0
1790179532881,1
1790179532899,0
1790179532957,1
1790179532957,0
1790179532981,1
1790179533000,0
1790179533005,1
1790179533031,2
1790179533041,1
1790179533056,2
1790179533081,3
1790179533083,2
1790179533133,1
1790179533151,2
1790179533174,3
1790179533177,2
1790179533219,1
1790179533263,0
1790179533545,1
1790179533545,0
1790179533852,1
1790179533852,0
1790179533899,1
1790179533899,0
1790179533921,1
1790179533941,0
1790179533947,1
1790179533971,2
1790179533986,1
1790179534028,0
1790179534038,1
1790179534069,0
1790179534308,1
1790179534308,0
1790179534355,1
1790179534355,0
1790179534383,1
1790179534398,0
1790179534409,1
1790179534434,2
1790179534439,1
1790179534481,0
1790179534505,1
1790179534527,0
1790179534673,1
1790179534674,0
1790179534816,1
1790179534816,0
1790179534841,1
1790179534857,0
1790179534862,1
1790179534882,2
1790179534901,1
1790179534944,0
1790179534988,1
1790179534988,0
1790179535008,1
1790179535030,0
1790179535150,1
1790179535150,0
1790179535170,1
1790179535193,0
1790179535196,1
1790179535235,0
1790179535268,1
1790179535279,0
1790179535291,1
1790179535321,2
1790179535323,1
1790179535346,2
1790179535367,1
1790179535408,0
1790179535514,1
1790179535514,0
1790179535534,1
1790179535561,0
1790179535561,1
1790179535605,0
1790179535684,1
1790179535684,0
1790179536042,1
1790179536042,0
1790179536193,1
1790179536193,0
1790179536214,1
1790179536236,0
1790179536241,1
1790179536263,2
1790179536279,1
1790179536321,0
1790179536359,1
1790179536366,0
1790179536382,1
1790179536410,0
1790179536527,1
1790179536527,0
1790179536552,1
1790179536570,0
1790179536574,1
1790179536617,0
1790179536622,1
1790179536669,0
1790179537364,1
1790179537365,0
1790179537389,1
1790179537408,0
1790179537415,1
1790179537454,0
1790179537514,1
1790179537514,0
1790179537534,1
1790179537558,0
1790179537921,1
1790179537921,0
1790179537947,1
1790179537968,0
1790179538494,1
1790179538494,0
1790179538518,1
1790179538536,0
1790179538543,1
1790179538564,2
1790179538578,1
1790179538623,0
1790179538814,1
1790179538814,0
1790179538910,1
1790179538910,0
1790179539123,1
1790179539123,0
1790179539150,1
1790179539169,0
1790179539815,1
1790179539816,0
1790179539990,1
1790179539992,0
1790179540033,1
1790179540035,0
1790179540283,1
1790179540283,0
1790179540966,1
1790179540966,0
1790179540989,1
1790179541009,0
1790179541014,1
1790179541053,0
1790179541200,1
1790179541200,0
1790179541224,1
1790179541252,0
1790179541440,1
1790179541440,0
1790179541464,1
1790179541483,0
1790179542135,1
1790179542135,0
1790179542161,1
1790179542179,0
1790179542405,1
1790179542405,0
1790179542519,1
1790179542519,0
1790179542540,1
1790179542566,0
1790179542613,1
1790179542613,0
1790179542732,1
1790179542732,0
1790179542848,1
1790179542848,0
1790179542949,1
1790179542949,0
1790179543093,1
1790179543093,0
1790179543113,1
1790179543138,2
1790179543141,1
1790179543167,2
1790179543182,1
1790179543217,2
1790179543226,1
1790179543268,0
1790179543408,1
1790179543408,0
1790179543479,1
1790179543480,0
1790179543674,1
1790179543674,0
1790179543724,1
1790179543724,0
1790179543748,1
1790179543767,0
1790179544107,1
1790179544107,0
1790179545019,1
1790179545019,0
1790179545041,1
1790179545062,0
1790179545087,1
1790179545108,0
1790179545113,1
1790179545151,0
1790179545354,1
1790179545354,0
1790179545527,1
1790179545527,0
1790179545592,1
1790179545593,0
1790179545821,1
1790179545822,0
1790179545942,1
1790179545942,0
1790179546236,1
1790179546236,0
1790179546308,1
1790179546308,0
1790179546328,1
1790179546351,0
1790179546353,1
1790179546378,2
1790179546395,1
1790179546437,0
1790179546542,1
1790179546542,0
1790179546563,1
1790179546585,2
1790179546590,1
1790179546644,0
1790179546680,1
1790179546702,0
1790179547424,1
1790179547424,0
1790179547519,1
1790179547519,0
1790179547587,1
1790179547587,0
1790179547783,1
1790179547783,0
1790179548360,1
1790179548360,0
1790179548385,1
1790179548402,0
1790179548410,1
1790179548447,0
1790179548555,1
1790179548555,0
1790179548700,1
1790179548700,0
1790179548799,1
1790179548799,0
1790179548926,1
1790179548926,0
1790179548949,1
1790179548968,0
1790179549293,1
1790179549294,0
1790179549318,1
1790179549337,0
1790179549340,1
1790179549384,0
1790179549652,1
1790179549654,0
1790179549679,1
1790179549703,2
1790179549738,1
1790179549784,0
1790179549820,1
1790179549833,0
1790179549942,1
1790179549942,0
1790179550091,1
1790179550091,0
1790179550283,1
1790179550283,0
