1790179474145,1
1790179474150,0
1790179474489,1
1790179474489,0
1790179474552,1
1790179474612,0
1790179474765,1
1790179474766,0
1790179474825,1
1790179474825,0
1790179474861,1
1790179474885,2
1790179474905,3
1790179474915,2
1790179475024,1
1790179475048,2
1790179475120,1
1790179475182,0
1790179475499,1
1790179475499,0
1790179475615,1
1790179475616,0
1790179475640,1
1790179475679,0
1790179475943,1
1790179475943,0
1790179476159,1
1790179476159,0
1790179476182,1
1790179476209,0
1790179476210,1
1790179476262,0
1790179476427,1
1790179476427,0
1790179476576,1
1790179476576,0
1790179476625,1
1790179476629,0
1790179476647,1
1790179476669,2
1790179476680,1
1790179476727,0
1790179477529,1
1790179477529,0
1790179477973,1
1790179477974,0
1790179477998,1
1790179478021,0
1790179478064,1
1790179478068,0
1790179478471,1
1790179478471,0
1790179478663,1
1790179478663,0
1790179478689,1
1790179478708,0
1790179478924,1
1790179478924,0
1790179478949,1
1790179478973,0
1790179478976,1
1790179479020,0
1790179479025,1
1790179479057,2
1790179479065,1
1790179479067,2
1790179479115,1
1790179479159,0
1790179479213,1
1790179479213,0
1790179479333,1
1790179479334,0
1790179479359,1
1790179479375,0
1790179479553,1
1790179479553,0
1790179479913,1
1790179479913,0
1790179479933,1
1790179479955,2
1790179479959,1
1790179479985,2
1790179480003,1
1790179480052,0
1790179480403,1
1790179480403,0
1790179480428,1
1790179480449,0
1790179480449,1
1790179480499,0
1790179480864,1
1790179480865,0
1790179480890,1
1790179480910,0
1790179480912,1
1790179480936,2
1790179480954,1
1790179481001,0
1790179481301,1
1790179481301,0
1790179481871,1
1790179481871,0
1790179481896,1
1790179481920,0
1790179481993,1
1790179481993,0
1790179482019,1
1790179482038,2
1790179482038,1
1790179482063,2
1790179482085,1
1790179482130,0
1790179482422,1
1790179482422,0
1790179482865,1
1790179482865,0
1790179482882,1
1790179482911,0
1790179483002,1
1790179483002,0
1790179483235,1
1790179483236,0
1790179483260,1
1790179483282,0
1790179483303,1
1790179483325,2
1790179483327,1
1790179483375,0
1790179483747,1
1790179483748,0
1790179483766,1
1790179483791,2
1790179483791,1
1790179483839,0
1790179483935,1
1790179483935,0
1790179484281,1
1790179484281,0
1790179484298,1
1790179484326,2
1790179484332,1
1790179484344,2
1790179484376,1
1790179484422,0
1790179484683,1
1790179484683,0
1790179484704,1
1790179484729,0
1790179484731,1
1790179484752,2
1790179484774,1
1790179484782,2
1790179484806,3
1790179484822,4
1790179484822,3
1790179484869,2
1790179484915,1
1790179484943,2
1790179484964,1
1790179485010,0
1790179485047,1
1790179485055,0
1790179485061,1
1790179485089,2
1790179485105,1
1790179485113,2
1790179485131,3
1790179485151,2
1790179485197,1
1790179485246,0
1790179485987,1
1790179485988,0
1790179486009,1
1790179486034,0
1790179486330,1
1790179486330,0
1790179486551,1
1790179486552,0
1790179486671,1
1790179486671,0
1790179486888,1
1790179486888,0
1790179487012,1
1790179487012,0
1790179487246,1
1790179487246,0
1790179487601,1
1790179487601,0
1790179487624,1
1790179487645,0
1790179487866,1
1790179487867,0
1790179487940,1
1790179487940,0
1790179487960,1
1790179487985,0
1790179487987,1
1790179488011,2
1790179488029,1
1790179488062,2
1790179488074,1
1790179488126,0
1790179488188,1
1790179488188,0
1790179488213,1
1790179488234,0
1790179488235,1
1790179488279,0
1790179488325,1
1790179488328,0
1790179488544,1
1790179488544,0
1790179488617,1
1790179488617,0
1790179488810,1
1790179488810,0
1790179488835,1
1790179488856,2
1790179488858,1
1790179488880,2
1790179488902,1
1790179488905,2
1790179488930,3
1790179488945,2
1790179488989,1
1790179489036,0
1790179489201,1
1790179489201,0
1790179489226,1
1790179489248,0
1790179489271,1
1790179489294,0
1790179489425,1
1790179489425,0
1790179489714,1
1790179489715,0
1790179489740,1
1790179489761,0
1790179489967,1
1790179489967,0
1790179489987,1
1790179490015,0
1790179490353,1
1790179490353,0
1790179490466,1
1790179490466,0
1790179490487,1
1790179490511,0
1790179490512,1
1790179490547,2
1790179490558,1
1790179490605,0
1790179490637,1
1790179490650,0
1790179490706,1
1790179490706,0
1790179490732,1
1790179490756,0
1790179490757,1
1790179490782,2
1790179490810,1
1790179490856,0
1790179491083,1
1790179491083,0
1790179491246,1
1790179491246,0
1790179491295,1
1790179491295,0
1790179491468,1
1790179491468,0
1790179491573,1
1790179491573,0
1790179491596,1
1790179491621,2
1790179491627,1
1790179491642,2
1790179491669,3
1790179491675,2
1790179491688,3
1790179491720,2
1790179491742,3
1790179491765,2
1790179491812,1
1790179491840,2
1790179491858,1
1790179491903,0
1790179492055,1
1790179492055,0
1790179492172,1
1790179492172,0
1790179492457,1
1790179492457,0
1790179493238,1
1790179493238,0
1790179493255,1
1790179493277,2
1790179493295,1
1790179493302,2
1790179493371,1
1790179493423,0
1790179493446,1
1790179493468,2
1790179493472,1
1790179493487,2
1790179493512,3
1790179493518,2
1790179493538,3
1790179493568,2
1790179493579,3
1790179493616,2
1790179493665,1
1790179493681,2
1790179493706,3
1790179493714,2
1790179493734,3
1790179493757,4
1790179493762,3
1790179493810,2
1790179493857,1
1790179493904,0
1790179494489,1
1790179494489,0
1790179494761,1
1790179494761,0
1790179494834,1
1790179494834,0
1790179494857,1
1790179494880,0
1790179494882,1
1790179494902,2
1790179494928,1
1790179494980,0
1790179495217,1
1790179495218,0
1790179495416,1
1790179495416,0
1790179495442,1
1790179495465,0
1790179495702,1
1790179495702,0
1790179495851,1
1790179495851,0
1790179496298,1
1790179496299,0
1790179496363,1
1790179496363,0
1790179496389,1
1790179496412,0
1790179496572,1
1790179496572,0
1790179496815,1
1790179496815,0
1790179496838,1
1790179496868,0
1790179497225,1
1790179497225,0
1790179497253,1
1790179497272,0
1790179497431,1
1790179497431,0
1790179497958,1
1790179497959,0
1790179497983,1
1790179498005,0
1790179498027,1
1790179498051,0
1790179498054,1
1790179498077,2
1790179498102,1
1790179498103,2
1790179498156,1
1790179498204,0
1790179498455,1
1790179498455,0
1790179498621,1
1790179498621,0
1790179498692,1
1790179498692,0
1790179499150,1
1790179499150,0
1790179499245,1
1790179499245,0
1790179499511,1
1790179499511,0
1790179500315,1
1790179500316,0
1790179500337,1
1790179500362,2
1790179500364,1
1790179500388,2
1790179500412,1
1790179500460,0
1790179500479,1
1790179500504,2
1790179500510,1
1790179500557,0
1790179500887,1
1790179500887,0
1790179501141,1
1790179501141,0
1790179501610,1
1790179501610,0
1790179501629,1
1790179501662,0
1790179501678,1
1790179501703,2
1790179501714,1
1790179501728,2
1790179501753,3
1790179501768,2
1790179501801,3
1790179501817,2
1790179501821,3
1790179501864,2
1790179501911,1
1790179501958,0
1790179501986,1
1790179502007,0
1790179502112,1
1790179502112,0
1790179502449,1
1790179502449,0
1790179502544,1
1790179502544,0
1790179502594,1
1790179502594,0
1790179502618,1
1790179502639,0
1790179502645,1
1790179502666,2
1790179502685,1
1790179502694,2
1790179502730,1
1790179502744,2
1790179502780,1
1790179502828,0
1790179503012,1
1790179503012,0
1790179503231,1
1790179503231,0
1790179503256,1
1790179503281,0
1790179503621,1
1790179503621,0
1790179503860,1
1790179503860,0
1790179503883,1
1790179503909,0
1790179504204,1
1790179504204,0
1790179504665,1
1790179504665,0
1790179504788,1
1790179504788,0
1790179504812,1
1790179504835,0
1790179505491,1
1790179505491,0
1790179505762,1
1790179505762,0
1790179506145,1
1790179506145,0
1790179506220,1
1790179506220,0
1790179506295,1
1790179506295,0
1790179506321,1
1790179506342,0
1790179506344,1
1790179506369,2
1790179506389,1
1790179506436,0
1790179506441,1
1790179506494,0
1790179506541,1
1790179506542,0
1790179506564,1
1790179506587,2
1790179506589,1
1790179506633,2
1790179506643,1
1790179506657,2
1790179506696,1
1790179506721,2
1790179506744,1
1790179506792,0
1790179506918,1
1790179506918,0
1790179506939,1
1790179506967,0
1790179507178,1
1790179507178,0
1790179507325,1
1790179507325,0
1790179507542,1
1790179507542,0
1790179507567,1
1790179507591,0
1790179507660,1
1790179507660,0
1790179507685,1
1790179507707,0
1790179507710,1
1790179507736,2
1790179507753,1
1790179507782,2
1790179507802,1
1790179507850,0
1790179508124,1
1790179508124,0
1790179508144,1
1790179508167,2
1790179508172,1
1790179508191,2
1790179508223,1
1790179508271,0
1790179508335,1
1790179508335,0
1790179508456,1
1790179508456,0
1790179508482,1
1790179508507,0
1790179508916,1
1790179508916,0
1790179508940,1
1790179508963,0
1790179508965,1
1790179509011,0
1790179509038,1
1790179509054,2
1790179509060,1
1790179509084,2
1790179509108,3
1790179509108,2
1790179509135,3
1790179509154,2
1790179509159,3
1790179509184,4
1790179509200,3
1790179509250,2
1790179509298,1
1790179509345,0
1790179509451,1
1790179509451,0
1790179509473,1
1790179509500,0
1790179509643,1
1790179509643,0
1790179509816,1
1790179509816,0
1790179510106,1
1790179510106,0
1790179510275,1
1790179510276,0
1790179510423,1
1790179510423,0
1790179510439,1
1790179510465,2
1790179510469,1
1790179510487,2
1790179510505,3
1790179510519,2
1790179510532,3
1790179510567,2
1790179510615,1
1790179510669,0
1790179510754,1
1790179510754,0
1790179510776,1
1790179510811,0
1790179511009,1
1790179511010,0
1790179511085,1
1790179511085,0
1790179511202,1
1790179511202,0
1790179511227,1
1790179511253,0
1790179511294,1
1790179511300,0
1790179511467,1
1790179511467,0
1790179511733,1
1790179511733,0
1790179512021,1
1790179512021,0
1790179512046,1
1790179512067,2
1790179512101,1
1790179512151,0
1790179512166,1
1790179512197,0
1790179512451,1
1790179512451,0
1790179512546,1
1790179512547,0
1790179512676,1
1790179512676,0
1790179512699,1
1790179512724,2
1790179512733,1
1790179512747,2
1790179512774,3
1790179512791,2
1790179512826,3
1790179512847,2
1790179512871,3
1790179512891,2
1790179512896,3
1790179512941,4
1790179512948,3
1790179512967,4
1790179512991,5
1790179512992,4
1790179513049,3
1790179513098,2
1790179513162,1
1790179513218,0
1790179513310,1
1790179513310,0
1790179513337,1
1790179513354,0
1790179513361,1
1790179513407,0
1790179513410,1
1790179513439,2
1790179513451,1
1790179513460,2
1790179513486,3
1790179513508,2
1790179513551,1
1790179513600,0
1790179513971,1
1790179513972,0
1790179513996,1
1790179514016,0
1790179514021,1
1790179514062,0
1790179515249,1
1790179515250,0
1790179515271,1
1790179515294,0
1790179515297,1
1790179515351,0
1790179515396,1
1790179515396,0
1790179515707,1
1790179515707,0
1790179515730,1
1790179515753,0
1790179515756,1
1790179515782,2
1790179515799,1
1790179515854,2
1790179515856,1
1790179515896,2
1790179515915,1
1790179515959,0
1790179516047,1
1790179516047,0
1790179516992,1
1790179516992,0
1790179517014,1
1790179517039,2
1790179517049,1
1790179517085,2
1790179517095,1
1790179517107,2
1790179517133,3
1790179517139,2
1790179517182,3
1790179517197,2
1790179517204,3
1790179517254,2
1790179517299,1
1790179517355,0
1790179517647,1
1790179517647,0
1790179517671,1
1790179517705,0
1790179517865,1
1790179517865,0
1790179517939,1
1790179517939,0
1790179517964,1
1790179517984,0
1790179518162,1
1790179518162,0
1790179518330,1
1790179518330,0
1790179518791,1
1790179518792,0
1790179518817,1
1790179518836,0
1790179519038,1
1790179519038,0
1790179519063,1
1790179519082,0
1790179519136,1
1790179519139,0
1790179519378,1
1790179519378,0
1790179519471,1
1790179519471,0
1790179520079,1
1790179520079,0
1790179520104,1
1790179520129,2
1790179520136,1
1790179520153,2
1790179520181,1
1790179520229,0
1790179520291,1
1790179520291,0
1790179520532,1
1790179520532,0
1790179520557,1
1790179520576,0
1790179520579,1
1790179520606,2
1790179520632,3
1790179520635,2
1790179520692,1
1790179520736,0
1790179520756,1
1790179520785,0
1790179520854,1
1790179520854,0
1790179520931,1
1790179520931,0
1790179521559,1
1790179521559,0
1790179521908,1
1790179521908,0
1790179522080,1
1790179522080,0
1790179522149,1
1790179522149,0
1790179522174,1
1790179522193,0
1790179522200,1
1790179522221,2
1790179522241,1
1790179522287,0
1790179522387,1
1790179522387,0
1790179522410,1
1790179522430,0
1790179522434,1
1790179522459,2
1790179522486,1
1790179522544,0
1790179522776,1
1790179522776,0
1790179522826,1
1790179522826,0
1790179523022,1
1790179523022,0
1790179523045,1
1790179523080,0
1790179523432,1
1790179523432,0
1790179523703,1
1790179523703,0
1790179523872,1
1790179523872,0
1790179524113,1
1790179524114,0
1790179524137,1
1790179524159,0
1790179524330,1
1790179524330,0
1790179524641,1
1790179524642,0
1790179524856,1
1790179524857,0
1790179524878,1
1790179524915,0
1790179524922,1
1790179524947,2
1790179524959,1
1790179524972,2
1790179524997,3
1790179525004,2
1790179525061,1
1790179525114,2
1790179525118,1
1790179525175,0
1790179525385,1
1790179525385,0
1790179525410,1
1790179525434,2
1790179525442,1
1790179525483,2
1790179525499,1
1790179525507,2
1790179525545,1
1790179525611,0
1790179525701,1
1790179525702,0
1790179525745,1
1790179525746,0
1790179525926,1
1790179525926,0
1790179526234,1
1790179526234,0
1790179526259,1
1790179526290,0
1790179526404,1
1790179526404,0
1790179526426,1
1790179526454,0
1790179526501,1
1790179526512,0
1790179526522,1
1790179526550,2
1790179526555,1
1790179526574,2
1790179526598,3
1790179526611,2
1790179526670,1
1790179526717,0
1790179526871,1
1790179526871,0
1790179526895,1
1790179526915,0
1790179526943,1
1790179526971,0
1790179527410,1
1790179527410,0
1790179527434,1
1790179527467,0
1790179527602,1
1790179527602,0
1790179527681,1
1790179527682,0
1790179527802,1
1790179527802,0
1790179527827,1
1790179527845,0
1790179528020,1
1790179528021,0
1790179528137,1
1790179528137,0
1790179528332,1
1790179528332,0
1790179528383,1
1790179528388,0
1790179528405,1
1790179528430,2
1790179528431,1
1790179528455,2
1790179528492,1
1790179528575,0
1790179528599,1
1790179528633,0
1790179528691,1
1790179528691,0
1790179528791,1
1790179528791,0
1790179528816,1
1790179528841,2
1790179528848,1
1790179528864,2
1790179528890,2
1790179528890,2
1790179528913,3
1790179528933,2
1790179528991,1
1790179529035,0
1790179529516,1
1790179529516,0
1790179530210,1
1790179530210,0
1790179530233,1
1790179530256,0
1790179530257,1
1790179530282,2
1790179530313,1
1790179530357,0
1790179530790,1
1790179530790,0
1790179531809,1
1790179531809,0
1790179531828,1
1790179531857,2
1790179531867,1
1790179531881,2
1790179531911,1
1790179531931,2
1790179531954,1
1790179531958,2
1790179532000,1
1790179532030,2
1790179532045,1
1790179532090,0
1790179532154,1
1790179532154,0
1790179532176,1
1790179532199,0
1790179532202,1
1790179532244,0
1790179532278,1
1790179532288,0
1790179532374,1
1790179532374,0
1790179532691,1
1790179532691,0
1790179532711,1
1790179532734,0
1790179532930,1
1790179532930,0
1790179533106,1
1790179533106,0
1790179533396,1
1790179533396,0
1790179533590,1
1790179533590,0
1790179533688,1
1790179533688,0
1790179533713,1
1790179533731,0
1790179533738,1
1790179533763,2
1790179533775,1
1790179533788,2
1790179533809,3
1790179533818,2
1790179533863,1
1790179533908,0
1790179534135,1
1790179534135,0
1790179534155,1
1790179534179,0
1790179534184,1
1790179534222,0
1790179534333,1
1790179534333,0
1790179534458,1
1790179534458,0
1790179534743,1
1790179534743,0
1790179534792,1
1790179534792,0
1790179535216,1
1790179535216,0
1790179535370,1
1790179535370,0
1790179536163,1
1790179536163,0
1790179536799,1
1790179536799,0
1790179536818,1
1790179536842,2
1790179536842,1
1790179536889,0
1790179536969,1
1790179536969,0
1790179536993,1
1790179537011,0
1790179537018,1
1790179537056,0
1790179537898,1
1790179537898,0
1790179537996,1
1790179537996,0
1790179538041,1
1790179538041,0
1790179538067,1
1790179538085,0
1790179538089,1
1790179538114,2
1790179538136,1
1790179538157,2
1790179538185,1
1790179538228,0
1790179538253,1
1790179538271,0
1790179538424,1
1790179538424,0
1790179538445,1
1790179538465,2
1790179538467,1
1790179538510,0
1790179539053,1
1790179539053,0
1790179539077,1
1790179539098,0
1790179539344,1
1790179539344,0
1790179539866,1
1790179539866,0
1790179540205,1
1790179540205,0
1790179540228,1
1790179540250,0
1790179540257,1
1790179540294,0
1790179540503,1
1790179540503,0
1790179540524,1
1790179540545,2
1790179540546,1
1790179540594,0
1790179540699,1
1790179540699,0
1790179540723,1
1790179540742,0
1790179540747,1
1790179540772,2
1790179540785,1
1790179540818,2
1790179540832,1
1790179540844,2
1790179540868,3
1790179540875,2
1790179540891,3
1790179540918,4
1790179540921,3
1790179540967,2
1790179541015,1
1790179541062,0
1790179541250,1
1790179541250,0
1790179541392,1
1790179541392,0
1790179541486,1
1790179541487,0
1790179541706,1
1790179541706,0
1790179541827,1
1790179541827,0
1790179541867,1
1790179541869,0
1790179541893,1
1790179541916,0
1790179541916,1
1790179541941,2
1790179541961,1
1790179542007,0
1790179542357,1
1790179542357,0
1790179542383,1
1790179542403,0
1790179542429,1
1790179542448,0
1790179542450,1
1790179542472,2
1790179542493,1
1790179542539,0
1790179542638,1
1790179542638,0
1790179542659,1
1790179542680,2
1790179542683,1
1790179542708,2
1790179542725,1
1790179542768,0
1790179542778,1
1790179542813,0
1790179542969,1
1790179542969,0
1790179542996,1
1790179543011,0
1790179543192,1
1790179543192,0
1790179543433,1
1790179543433,0
1790179543454,1
1790179543477,0
1790179543647,1
1790179543647,0
1790179543798,1
1790179543798,0
1790179543821,1
1790179543844,0
1790179543846,1
1790179543889,0
1790179543939,1
1790179543939,0
1790179544131,1
1790179544131,0
1790179544177,1
1790179544178,0
1790179544201,1
1790179544222,0
1790179544462,1
1790179544462,0
1790179544482,1
1790179544510,0
1790179544511,1
1790179544537,2
1790179544555,1
1790179544599,0
1790179544779,1
1790179544779,0
1790179544848,1
1790179544848,0
1790179544876,1
1790179544894,0
1790179544899,1
1790179544937,0
1790179545378,1
1790179545378,0
1790179545402,1
1790179545423,0
1790179545429,1
1790179545452,2
1790179545468,1
1790179545512,0
1790179546017,1
1790179546017,0
1790179546039,1
1790179546061,0
1790179546162,1
1790179546162,0
1790179546185,1
1790179546206,0
1790179546209,1
1790179546248,0
1790179546428,1
1790179546428,0
1790179546705,1
1790179546705,0
1790179546730,1
1790179546749,0
1790179546895,1
1790179546895,0
1790179546970,1
1790179546970,0
1790179547067,1
1790179547067,0
1790179547089,1
1790179547111,0
1790179547114,1
1790179547154,0
1790179547355,1
1790179547355,0
1790179547449,1
1790179547449,0
1790179547471,1
1790179547493,0
1790179547494,1
1790179547537,0
1790179547639,1
1790179547639,0
1790179547761,1
1790179547762,0
1790179547809,1
1790179547809,0
1790179548086,1
1790179548086,0
1790179548459,1
1790179548459,0
1790179548482,1
1790179548506,0
1790179548507,1
1790179548551,0
1790179548900,1
1790179548900,0
1790179549168,1
1790179549168,0
1790179549219,1
1790179549219,0
1790179549243,1
1790179549264,0
1790179549269,1
1790179549309,0
1790179549365,1
1790179549365,0
1790179549464,1
1790179549464,0
1790179550139,1
1790179550139,0
1790179550164,1
1790179550183,0
1790179550308,1
1790179550308,0
1790179550330,1
1790179550354,0
