1790179291649,1
1790179291654,0
1790179291883,1
1790179291917,0
1790179292102,1
1790179292102,0
1790179292158,1
1790179292165,0
1790179292213,1
1790179292222,0
1790179292311,1
1790179292319,0
1790179292421,1
1790179292421,0
1790179292477,1
1790179292514,0
1790179292529,1
1790179292577,0
1790179292584,1
1790179292626,0
1790179292641,1
1790179292672,0
1790179292690,1
1790179292716,0
1790179292915,1
1790179292915,0
1790179293343,1
1790179293343,0
1790179293833,1
1790179293833,0
1790179293887,1
1790179293887,0
1790179294311,1
1790179294312,0
1790179294863,1
1790179294863,0
1790179294915,1
1790179294915,0
1790179295246,1
1790179295246,0
1790179295295,1
1790179295295,0
1790179295350,1
1790179295350,0
1790179296011,1
1790179296011,0
1790179296222,1
1790179296222,0
1790179296818,1
1790179296818,0
1790179297306,1
1790179297307,0
1790179297361,1
1790179297361,0
1790179297469,1
1790179297469,0
1790179297579,1
1790179297579,0
1790179297633,1
1790179297633,0
1790179297688,1
1790179297688,0
1790179297743,1
1790179297743,0
1790179298495,1
1790179298496,0
1790179298551,1
1790179298551,0
1790179298601,1
1790179298601,0
1790179298661,1
1790179298661,0
1790179298716,1
1790179298716,0
1790179298771,1
1790179298771,0
1790179298824,1
1790179298824,0
1790179299100,1
1790179299100,0
1790179299311,1
1790179299312,0
1790179299635,1
1790179299635,0
1790179299689,1
1790179299690,0
1790179299744,1
1790179299745,0
1790179299801,1
1790179299801,0
1790179300343,1
1790179300343,0
1790179300669,1
1790179300669,0
1790179300724,1
1790179300724,0
1790179300786,1
1790179300786,0
1790179300838,1
1790179300838,0
1790179300891,1
1790179300892,0
1790179301221,1
1790179301222,0
1790179301279,1
1790179301279,0
1790179301332,1
1790179301332,0
1790179301441,1
1790179301441,0
1790179301496,1
1790179301496,0
1790179302591,1
1790179302591,0
1790179302641,1
1790179302641,0
1790179303021,1
1790179303022,0
1790179303672,1
1790179303672,0
1790179304263,1
1790179304264,0
1790179304321,1
1790179304321,0
1790179304376,1
1790179304376,0
1790179304428,1
1790179304428,0
1790179304645,1
1790179304645,0
1790179305578,1
1790179305578,0
1790179305629,1
1790179305630,0
1790179306060,1
1790179306060,0
1790179306546,1
1790179306546,0
1790179306769,1
1790179306769,0
1790179307138,1
1790179307138,0
1790179308104,1
1790179308104,0
1790179309299,1
1790179309299,0
1790179309348,1
1790179309348,0
1790179309400,1
1790179309400,0
1790179309451,1
1790179309451,0
1790179309509,1
1790179309509,0
1790179309563,1
1790179309563,0
1790179309775,1
1790179309775,0
1790179310642,1
1790179310643,0
1790179310962,1
1790179310962,0
1790179311019,1
1790179311019,0
1790179311073,1
1790179311074,0
1790179311128,1
1790179311129,0
1790179311182,1
1790179311184,0
1790179311243,1
1790179311243,0
1790179311456,1
1790179311456,0
1790179312266,1
1790179312266,0
1790179313234,1
1790179313234,0
1790179313777,1
1790179313788,0
1790179313833,1
1790179313868,0
1790179314260,1
1790179314260,0
1790179314961,1
1790179314961,0
1790179315772,1
1790179315773,0
1790179316412,1
1790179316413,0
1790179317955,1
1790179317957,0
1790179318331,1
1790179318331,0
1790179318494,1
1790179318494,0
1790179318550,1
1790179318550,0
1790179318606,1
1790179318606,0
1790179318662,1
1790179318662,0
1790179318714,1
1790179318715,0
1790179318769,1
1790179318769,0
1790179319089,1
1790179319089,0
1790179319415,1
1790179319415,0
1790179319525,1
1790179319525,0
1790179319577,1
1790179319577,0
1790179320058,1
1790179320059,0
1790179320639,1
1790179320639,0
1790179322976,1
1790179322977,0
1790179323026,1
1790179323029,0
1790179323138,1
1790179323138,0
1790179324157,1
1790179324157,0
1790179324262,1
1790179324262,0
1790179324311,1
1790179324331,0
1790179324371,1
1790179324387,0
1790179324418,1
1790179324434,0
1790179324949,1
1790179324949,0
1790179325663,1
1790179325664,0
1790179325717,1
1790179325717,0
1790179327019,1
1790179327019,0
1790179328093,1
1790179328093,0
1790179328153,1
1790179328153,0
1790179328372,1
1790179328372,0
1790179328428,1
1790179328428,0
1790179328483,1
1790179328484,0
1790179328538,1
1790179328539,0
1790179328648,1
1790179328649,0
1790179329135,0
1790179329137,0
1790179329190,0
1790179329190,0
1790179329792,1
1790179329793,0
1790179329847,1
1790179329847,0
1790179329901,1
1790179329901,0
1790179330990,1
1790179330990,0
1790179331041,1
1790179331041,0
1790179331096,1
1790179331096,0
1790179331852,1
1790179331852,0
1790179331900,1
1790179331900,0
1790179332012,1
1790179332012,0
1790179332065,1
1790179332065,0
1790179332119,1
1790179332119,0
1790179332399,1
1790179332399,0
1790179332985,1
1790179332986,0
1790179333745,1
1790179333745,0
1790179333799,1
1790179333799,0
1790179334010,1
1790179334010,0
1790179335043,1
1790179335043,0
1790179335953,1
1790179335953,0
1790179336005,1
1790179336005,0
1790179336944,1
1790179336944,0
1790179336998,1
1790179336998,0
1790179337054,1
1790179337054,0
1790179337163,1
1790179337163,0
1790179337217,1
1790179337218,0
1790179337272,1
1790179337272,0
1790179337383,1
1790179337383,0
1790179337437,1
1790179337437,0
1790179337652,1
1790179337652,0
1790179337705,1
1790179337705,0
1790179337761,1
1790179337761,0
1790179337813,1
1790179337813,0
1790179338364,1
1790179338364,0
1790179338581,1
1790179338581,0
1790179339159,1
1790179339160,0
1790179340086,1
1790179340086,0
1790179340139,1
1790179340139,0
1790179340676,1
1790179340676,0
1790179341054,1
1790179341054,0
1790179341219,1
1790179341219,0
1790179341710,1
1790179341710,0
1790179342515,1
1790179342516,0
1790179342566,1
1790179342566,0
1790179342730,1
1790179342730,0
1790179343711,1
1790179343711,0
1790179344575,1
1790179344575,0
1790179344625,1
1790179344627,0
1790179344680,1
1790179344680,0
1790179344734,1
1790179344734,0
1790179345118,1
1790179345119,0
1790179345173,1
1790179345174,0
1790179346110,1
1790179346110,0
1790179346434,1
1790179346434,0
1790179346491,1
1790179346491,0
1790179346546,1
1790179346546,0
1790179347193,1
1790179347193,0
1790179347623,1
1790179347623,0
1790179348816,1
1790179348816,0
1790179348873,1
1790179348873,0
1790179348982,1
1790179348982,0
1790179349033,1
1790179349033,0
1790179349086,1
1790179349086,0
1790179349144,1
1790179349144,0
1790179349840,1
1790179349841,0
1790179349894,1
1790179349894,0
1790179350493,1
1790179350493,0
1790179350755,1
1790179350755,0
1790179350809,1
1790179350809,0
1790179354342,1
1790179354342,0
1790179355153,1
1790179355153,0
1790179355208,1
1790179355208,0
1790179355264,1
1790179355264,0
1790179355318,1
1790179355319,0
1790179356136,1
1790179356136,0
1790179357062,1
1790179357062,0
1790179357224,1
1790179357224,0
1790179357281,1
1790179357281,0
1790179357335,1
1790179357335,0
1790179357390,1
1790179357390,0
1790179357768,1
1790179357768,0
1790179357821,1
1790179357821,0
1790179357875,1
1790179357875,0
1790179358645,1
1790179358645,0
1790179358700,1
1790179358700,0
1790179360546,1
1790179360546,0
1790179361242,1
1790179361242,0
1790179361623,1
1790179361624,0
1790179361733,1
1790179361733,0
1790179361788,1
1790179361788,0
1790179361897,1
1790179361897,0
1790179361952,1
1790179361952,0
1790179362007,1
1790179362007,0
1790179362219,1
1790179362219,0
1790179362871,1
1790179362871,0
1790179363642,1
1790179363642,0
1790179363911,1
1790179363911,0
1790179363966,1
1790179363966,0
1790179364021,1
1790179364021,0
1790179364075,1
1790179364075,0
1790179364676,1
1790179364676,0
1790179364732,1
1790179364732,0
1790179364838,1
1790179364838,0
1790179364894,1
1790179364894,0
1790179365169,1
1790179365169,0
1790179365701,1
1790179365701,0
1790179365972,1
1790179365972,0
1790179366242,1
1790179366243,0
1790179366297,1
1790179366297,0
1790179367050,1
1790179367051,0
1790179367097,1
1790179367097,0
1790179367157,1
1790179367157,0
1790179367859,1
1790179367859,0
1790179368074,1
1790179368074,0
1790179368123,1
1790179368124,0
1790179368185,1
1790179368185,0
1790179368398,1
1790179368398,0
1790179369094,1
1790179369094,0
1790179369146,1
1790179369146,0
1790179369203,1
1790179369203,0
1790179369420,1
1790179369420,0
1790179369529,1
1790179369529,0
1790179369850,1
1790179369850,0
1790179369902,1
1790179369902,0
1790179369957,1
1790179369957,0
1790179370013,1
1790179370013,0
1790179370284,1
1790179370284,0
1790179372123,1
1790179372123,0
1790179374577,1
1790179374580,0
1790179374961,1
1790179374961,0
1790179375606,1
1790179375606,0
1790179375771,1
1790179375771,0
1790179375826,1
1790179375826,0
1790179375880,1
1790179375880,0
1790179375936,1
1790179375936,0
1790179376044,1
1790179376044,0
1790179376814,1
1790179376814,0
1790179376865,1
1790179376865,0
1790179376921,1
1790179376921,0
1790179376976,1
1790179376976,0
1790179377084,1
1790179377085,0
1790179377311,1
1790179377311,0
1790179377793,1
1790179377793,0
1790179378229,1
1790179378229,0
1790179378278,1
1790179378278,0
1790179378764,1
1790179378764,0
1790179379587,1
1790179379587,0
1790179379751,1
1790179379751,0
1790179379805,1
1790179379805,0
1790179380889,1
1790179380890,0
1790179380943,1
1790179380943,0
1790179380996,1
1790179380996,0
1790179381053,1
1790179381053,0
1790179381106,1
1790179381107,0
1790179381160,1
1790179381160,0
1790179381932,1
1790179381932,0
1790179382258,1
1790179382259,0
1790179382529,1
1790179382529,0
1790179382582,1
1790179382582,0
1790179382637,1
1790179382637,0
1790179383019,1
1790179383019,0
1790179383075,1
1790179383075,0
1790179383126,1
1790179383126,0
1790179383186,1
1790179383186,0
1790179383997,1
1790179383997,0
1790179384376,1
1790179384376,0
1790179384542,1
1790179384542,0
1790179384762,1
1790179384762,0
1790179385466,1
1790179385466,0
1790179385521,1
1790179385521,0
1790179385847,1
1790179385848,0
1790179385901,1
1790179385901,0
1790179386667,1
1790179386667,0
1790179386722,1
1790179386722,0
1790179386777,1
1790179386777,0
1790179387365,1
1790179387365,0
1790179387473,1
1790179387473,0
1790179387642,1
1790179387642,0
1790179387858,1
1790179387858,0
1790179389544,1
1790179389544,0
1790179389704,1
1790179389704,0
1790179390734,1
1790179390734,0
1790179391006,1
1790179391006,0
1790179391061,1
1790179391061,0
1790179391597,1
1790179391597,0
1790179393218,1
1790179393219,0
1790179393325,1
1790179393325,0
1790179393380,1
1790179393380,0
1790179393431,1
1790179393431,0
1790179393490,1
1790179393490,0
1790179393870,1
1790179393870,0
1790179393926,1
1790179393926,0
1790179393981,1
1790179393982,0
1790179394361,1
1790179394361,0
1790179394416,1
1790179394416,0
1790179394471,1
1790179394472,0
1790179394526,1
1790179394526,0
1790179395678,1
1790179395678,0
1790179396116,1
1790179396116,0
1790179398390,1
1790179398390,0
1790179398821,1
1790179398822,0
1790179398877,1
1790179398877,0
1790179398930,1
1790179398930,0
1790179399365,1
1790179399365,0
1790179400827,1
1790179400827,0
1790179400882,1
1790179400883,0
1790179400932,1
1790179400932,0
1790179400984,1
1790179400984,0
1790179401314,1
1790179401314,0
1790179401366,1
1790179401368,0
1790179401861,1
1790179401861,0
1790179402129,1
1790179402129,0
1790179402184,1
1790179402184,0
1790179402240,1
1790179402240,0
1790179402621,1
1790179402621,0
1790179402674,1
1790179402674,0
1790179402729,1
1790179402729,0
1790179402789,1
1790179402789,0
1790179403166,1
1790179403166,0
1790179403218,1
1790179403218,0
1790179403273,1
1790179403273,0
1790179403321,1
1790179403321,0
1790179403540,1
1790179403540,0
1790179403590,1
1790179403591,0
1790179404028,1
1790179404028,0
1790179404076,1
1790179404082,0
1790179405045,1
1790179405045,0
1790179405104,1
1790179405104,0
1790179405430,1
1790179405430,0
1790179405482,1
1790179405482,0
1790179405699,1
1790179405699,0
1790179405750,1
1790179405753,0
1790179405805,1
1790179405805,0
1790179405865,1
1790179405865,0
1790179405920,1
1790179405920,0
1790179406187,1
1790179406187,0
1790179407045,1
1790179407045,0
1790179407208,1
1790179407208,0
1790179407742,1
1790179407742,0
1790179407797,1
1790179407797,0
1790179407848,1
1790179407848,0
1790179407900,1
1790179407900,0
1790179408225,1
1790179408225,0
1790179408489,1
1790179408489,0
1790179408548,1
1790179408549,0
1790179409625,1
1790179409625,0
1790179410006,1
1790179410006,0
1790179410061,1
1790179410061,0
1790179410117,1
1790179410117,0
1790179410164,1
1790179410169,0
1790179410219,1
1790179410220,0
1790179410329,1
1790179410329,0
1790179410383,1
1790179410383,0
1790179410442,1
1790179410442,0
1790179410496,1
1790179410496,0
1790179411036,1
1790179411037,0
1790179412079,1
1790179412080,0
1790179412115,1
1790179412184,0
1790179412707,1
1790179412708,0
1790179412877,1
1790179412877,0
1790179412928,1
1790179412931,0
1790179412978,1
1790179412988,0
1790179413035,1
1790179413035,0
1790179413201,1
1790179413201,0
1790179413250,1
1790179413257,0
1790179413307,1
1790179413309,0
1790179413579,1
1790179413579,0
1790179414227,1
1790179414227,0
1790179415197,1
1790179415197,0
1790179416274,1
1790179416274,0
1790179416490,1
1790179416490,0
1790179416540,1
1790179416546,0
1790179416596,1
1790179416609,0
1790179416708,1
1790179416709,0
1790179416761,1
1790179416762,0
1790179416862,1
1790179416862,0
1790179416917,1
1790179416917,0
1790179417188,1
1790179417188,0
1790179417454,1
1790179417454,0
1790179418317,1
1790179418318,0
1790179418374,1
1790179418374,0
1790179418428,1
1790179418428,0
1790179418539,1
1790179418540,0
1790179418590,1
1790179418591,0
1790179418645,1
1790179418645,0
1790179418701,1
1790179418701,0
1790179418965,1
1790179418965,0
1790179419238,1
1790179419238,0
1790179419935,1
1790179419935,0
1790179420815,1
1790179420816,0
1790179420855,1
1790179420875,0
1790179421393,1
1790179421393,0
1790179421935,1
1790179421935,0
1790179422639,1
1790179422639,0
1790179422690,1
1790179422690,0
1790179422744,1
1790179422744,0
1790179423608,1
1790179423608,0
1790179423660,1
1790179423660,0
1790179423708,1
1790179423708,0
1790179423766,1
1790179423766,0
1790179423823,1
1790179423823,0
1790179423977,1
1790179423977,0
1790179424466,1
1790179424466,0
1790179425559,1
1790179425559,0
1790179425616,1
1790179425616,0
1790179426045,1
1790179426045,0
1790179426485,1
1790179426485,0
1790179426593,1
1790179426593,0
1790179426646,1
1790179426646,0
1790179426925,1
1790179426925,0
1790179427510,1
1790179427510,0
1790179429610,1
1790179429610,0
1790179429774,1
1790179429774,0
1790179430045,1
1790179430045,0
1790179430101,1
1790179430101,0
1790179430702,1
1790179430702,0
1790179430756,1
1790179430756,0
1790179430812,1
1790179430812,0
1790179430867,1
1790179430867,0
1790179430917,1
1790179430917,0
1790179430977,1
1790179430977,0
1790179431082,1
1790179431082,0
1790179431137,1
1790179431138,0
1790179431244,1
1790179431244,0
1790179431675,1
1790179431675,0
1790179432382,1
1790179432383,0
1790179432435,1
1790179432435,0
1790179432491,1
1790179432491,0
1790179432544,1
1790179432545,0
1790179432592,1
1790179432593,0
1790179432650,1
1790179432650,0
1790179432909,1
1790179432909,0
1790179432967,1
1790179432967,0
1790179433021,1
1790179433021,0
1790179433295,1
1790179433295,0
1790179433621,1
1790179433621,0
1790179433730,1
1790179433730,0
1790179433785,1
1790179433785,0
1790179433837,1
1790179433837,0
1790179434115,1
1790179434115,0
1790179434387,1
1790179434387,0
1790179434442,1
1790179434442,0
1790179434497,1
1790179434497,0
1790179434551,1
1790179434551,0
1790179434603,1
1790179434603,0
1790179434825,1
1790179434825,0
1790179434879,1
1790179434879,0
1790179434933,1
1790179434933,0
1790179435318,1
1790179435318,0
1790179435694,1
1790179435694,0
1790179435799,1
1790179435799,0
1790179435852,1
1790179435852,0
1790179435907,1
1790179435907,0
1790179438511,1
1790179438511,0
1790179438786,1
1790179438786,0
1790179438889,1
1790179438889,0
1790179439051,1
1790179439051,0
1790179439318,1
1790179439318,0
1790179439376,1
1790179439376,0
1790179439485,1
1790179439485,0
1790179440079,1
1790179440079,0
1790179440137,1
1790179440137,0
1790179440192,1
1790179440192,0
1790179440247,1
1790179440248,0
1790179440519,1
1790179440519,0
1790179440572,1
1790179440572,0
1790179440845,1
1790179440845,0
1790179441163,1
1790179441163,0
1790179441220,1
1790179441220,0
1790179441277,1
1790179441277,0
1790179441594,1
1790179441594,0
1790179442131,1
1790179442132,0
1790179442400,1
1790179442400,0
1790179442453,1
1790179442453,0
1790179443426,1
1790179443427,0
1790179443477,1
1790179443477,0
1790179444394,1
1790179444394,0
1790179444449,1
1790179444449,0
1790179444502,1
1790179444503,0
1790179444560,1
1790179444560,0
1790179445047,1
1790179445047,0
1790179445638,1
1790179445638,0
1790179446724,1
1790179446724,0
1790179447700,1
1790179447700,0
1790179448132,1
1790179448133,0
1790179448511,1
1790179448511,0
1790179449535,1
1790179449535,0
1790179449590,1
1790179449590,0
1790179449644,1
1790179449644,0
1790179450345,1
1790179450345,0
1790179450613,1
1790179450613,0
1790179450667,1
1790179450667,0
1790179451209,1
1790179451209,0
1790179451750,1
1790179451751,0
1790179452837,1
1790179452837,0
1790179453485,1
1790179453485,0
1790179453540,1
1790179453540,0
1790179453595,1
1790179453595,0
1790179453926,1
1790179453926,0
1790179454353,1
1790179454353,0
1790179454408,1
1790179454408,0
1790179454460,1
1790179454462,0
1790179455003,1
1790179455003,0
1790179455061,1
1790179455061,0
1790179455114,1
1790179455114,0
1790179455169,1
1790179455169,0
1790179455275,1
1790179455275,0
1790179455538,1
1790179455538,0
1790179455592,1
1790179455592,0
1790179455643,1
1790179455643,0
1790179456941,1
1790179456941,0
1790179457052,1
1790179457052,0
1790179457105,1
1790179457105,0
1790179457158,1
1790179457158,0
1790179457215,1
1790179457215,0
1790179457535,1
1790179457535,0
1790179457753,1
1790179457753,0
1790179457812,1
1790179457812,0
1790179457865,1
1790179457865,0
1790179457920,1
1790179457920,0
1790179458354,1
1790179458354,0
1790179458460,1
1790179458460,0
1790179458509,1
1790179458509,0
1790179458779,1
1790179458779,0
1790179458997,1
1790179458997,0
1790179459428,1
1790179459428,0
1790179459479,1
1790179459479,0
1790179459535,1
1790179459535,0
1790179460019,1
1790179460019,0
1790179460444,1
1790179460444,0
1790179460988,1
1790179460988,0
1790179461364,1
1790179461364,0
1790179461416,1
1790179461416,0
1790179461684,1
1790179461684,0
1790179461739,1
1790179461740,0
1790179461794,1
1790179461794,0
1790179462395,1
1790179462395,0
