1790179473820,1
1790179473825,0
1790179473903,1
1790179474006,2
1790179474035,3
1790179474055,4
1790179474086,3
1790179474116,4
1790179474153,5
1790179474180,6
1790179474206,5
1790179474213,6
1790179474236,7
1790179474257,8
1790179474276,7
1790179474292,8
1790179474360,7
1790179474375,8
1790179474426,7
1790179474506,6
1790179474580,7
1790179474591,6
1790179474669,5
1790179474725,4
1790179474771,3
1790179474781,4
1790179474801,5
1790179474817,4
1790179474872,3
1790179474919,2
1790179474976,1
1790179475005,2
1790179475029,1
1790179475089,0
1790179475251,1
1790179475251,0
1790179475266,1
1790179475310,0
1790179475404,1
1790179475404,0
1790179475429,1
1790179475449,2
1790179475462,1
1790179475511,0
1790179475741,1
1790179475741,0
1790179475839,1
1790179475839,0
1790179476111,1
1790179476111,0
1790179476329,1
1790179476329,0
1790179476355,1
1790179476374,0
1790179476402,1
1790179476417,0
1790179476453,1
1790179476461,0
1790179476476,1
1790179476502,2
1790179476508,1
1790179476525,2
1790179476550,1
1790179476593,0
1790179476874,1
1790179476874,0
1790179476903,1
1790179476917,0
1790179476924,1
1790179476950,2
1790179476959,1
1790179476973,2
1790179476996,3
1790179477000,2
1790179477023,3
1790179477088,2
1790179477142,3
1790179477146,2
1790179477192,1
1790179477236,0
1790179477240,1
1790179477282,0
1790179477385,1
1790179477385,0
1790179477409,1
1790179477428,0
1790179477434,1
1790179477457,2
1790179477469,1
1790179477517,0
1790179477708,1
1790179477708,0
1790179477848,1
1790179477848,0
1790179477873,1
1790179477891,0
1790179477900,1
1790179477923,2
1790179477935,1
1790179477948,2
1790179477977,1
1790179478019,0
1790179478091,1
1790179478091,0
1790179478118,1
1790179478141,0
1790179478144,1
1790179478184,0
1790179478187,1
1790179478208,2
1790179478228,1
1790179478273,0
1790179478713,1
1790179478713,0
1790179478733,1
1790179478756,0
1790179478904,1
1790179478904,0
1790179479191,1
1790179479191,0
1790179479456,1
1790179479457,0
1790179479482,1
1790179479501,0
1790179479505,1
1790179479525,2
1790179479545,1
1790179479590,0
1790179479617,1
1790179479637,0
1790179480033,1
1790179480033,0
1790179480059,1
1790179480076,0
1790179480254,1
1790179480254,0
1790179480471,1
1790179480471,0
1790179480570,1
1790179480570,0
1790179480741,1
1790179480741,0
1790179481180,1
1790179481180,0
1790179481699,1
1790179481699,0
1790179481722,1
1790179481743,0
1790179481748,1
1790179481772,2
1790179481786,1
1790179481796,2
1790179481825,3
1790179481829,2
1790179481876,1
1790179481920,2
1790179481921,1
1790179481965,0
1790179482311,1
1790179482312,0
1790179482447,1
1790179482448,0
1790179482468,1
1790179482492,0
1790179482497,1
1790179482523,2
1790179482535,1
1790179482547,2
1790179482572,3
1790179482576,2
1790179482622,1
1790179482666,2
1790179482667,1
1790179482712,0
1790179483026,1
1790179483026,0
1790179483449,1
1790179483449,0
1790179483698,1
1790179483698,0
1790179483727,1
1790179483742,0
1790179483910,1
1790179483910,0
1790179484225,1
1790179484225,0
1790179484587,1
1790179484587,0
1790179484871,1
1790179484871,0
1790179485571,1
1790179485572,0
1790179485746,1
1790179485746,0
1790179485815,1
1790179485816,0
1790179485841,1
1790179485859,0
1790179485864,1
1790179485892,2
1790179485901,1
1790179485914,2
1790179485934,3
1790179485946,2
1790179485989,1
1790179486032,0
1790179486089,1
1790179486089,0
1790179486238,1
1790179486238,0
1790179486283,1
1790179486283,0
1790179486308,1
1790179486327,0
1790179486524,1
1790179486524,0
1790179486791,1
1790179486791,0
1790179487821,1
1790179487821,0
1790179487842,1
1790179487865,0
1790179487891,1
1790179487908,0
1790179488349,1
1790179488349,0
1790179488398,1
1790179488398,0
1790179488420,1
1790179488443,0
1790179488446,1
1790179488465,2
1790179488485,1
1790179488533,0
1790179488710,1
1790179488710,0
1790179489027,1
1790179489028,0
1790179489053,1
1790179489071,0
1790179489649,1
1790179489649,0
1790179490130,1
1790179490130,0
1790179490155,1
1790179490173,0
1790179490254,1
1790179490254,0
1790179490281,1
1790179490300,0
1790179490303,1
1790179490326,2
1790179490345,1
1790179490376,2
1790179490390,1
1790179490435,0
1790179490588,0
1790179490590,0
1790179490612,1
1790179490635,0
1790179490874,1
1790179490874,0
1790179490895,1
1790179490917,2
1790179490919,1
1790179490965,0
1790179491396,1
1790179491396,0
1790179491421,1
1790179491438,0
1790179491445,1
1790179491481,0
1790179491791,1
1790179491792,0
1790179491816,1
1790179491836,0
1790179491865,1
1790179491880,0
1790179491885,1
1790179491908,2
1790179491922,1
1790179491969,0
1790179492036,1
1790179492036,0
1790179492291,1
1790179492291,0
1790179492630,1
1790179492630,0
1790179492651,1
1790179492676,0
1790179492746,1
1790179492746,0
1790179493215,1
1790179493215,0
1790179493608,1
1790179493608,0
1790179493632,1
1790179493659,0
1790179494053,1
1790179494053,0
1790179494072,1
1790179494098,0
1790179494099,1
1790179494143,0
1790179494146,1
1790179494173,2
1790179494189,1
1790179494195,2
1790179494236,1
1790179494242,2
1790179494268,3
1790179494281,2
1790179494325,1
1790179494361,2
1790179494377,1
1790179494388,2
1790179494414,3
1790179494423,2
1790179494447,3
1790179494467,2
1790179494513,1
1790179494563,0
1790179494690,1
1790179494690,0
1790179494785,1
1790179494786,0
1790179495049,1
1790179495049,0
1790179495468,1
1790179495468,0
1790179495487,1
1790179495514,0
1790179495723,1
1790179495723,0
1790179495897,1
1790179495897,0
1790179495972,1
1790179495973,0
1790179496182,1
1790179496182,0
1790179496525,1
1790179496525,0
1790179496548,1
1790179496573,0
1790179496613,1
1790179496630,0
1790179497055,1
1790179497055,0
1790179497453,1
1790179497453,0
1790179497478,1
1790179497498,0
1790179497502,1
1790179497520,2
1790179497545,1
1790179497591,0
1790179497685,1
1790179497685,0
1790179497710,1
1790179497731,0
1790179498129,1
1790179498131,0
1790179498263,1
1790179498263,0
1790179498286,1
1790179498309,0
1790179498310,1
1790179498355,0
1790179498595,1
1790179498595,0
1790179498790,1
1790179498790,0
1790179499317,1
1790179499317,0
1790179499342,1
1790179499365,0
1790179499387,1
1790179499412,2
1790179499418,1
1790179499437,2
1790179499462,3
1790179499463,2
1790179499508,1
1790179499554,0
1790179499774,1
1790179499775,0
1790179499798,1
1790179499821,0
1790179500065,1
1790179500065,0
1790179500189,1
1790179500190,0
1790179500219,1
1790179500237,0
1790179501778,1
1790179501778,0
1790179502139,1
1790179502139,0
1790179502160,1
1790179502180,2
1790179502193,1
1790179502205,2
1790179502243,1
1790179502289,0
1790179502567,1
1790179502567,0
1790179502983,1
1790179502983,0
1790179503060,1
1790179503060,0
1790179503085,1
1790179503107,0
1790179503112,1
1790179503134,2
1790179503159,1
1790179503205,0
1790179503302,1
1790179503302,0
1790179503329,1
1790179503348,2
1790179503348,1
1790179503393,0
1790179503694,1
1790179503694,0
1790179503719,1
1790179503742,0
1790179504540,1
1790179504540,0
1790179504860,1
1790179504860,0
1790179505028,1
1790179505028,0
1790179505080,1
1790179505080,0
1790179505102,1
1790179505126,0
1790179505153,1
1790179505172,0
1790179505176,1
1790179505201,2
1790179505216,1
1790179505265,0
1790179505298,1
1790179505312,0
1790179505591,1
1790179505591,0
1790179505928,1
1790179505928,0
1790179506046,1
1790179506046,0
1790179506066,1
1790179506092,0
1790179506094,1
1790179506120,2
1790179506137,1
1790179506191,0
1790179506394,1
1790179506394,0
1790179506419,1
1790179506440,0
1790179506466,1
1790179506491,2
1790179506494,1
1790179506541,0
1790179506608,1
1790179506608,0
1790179506842,1
1790179506842,0
1790179506965,1
1790179506965,0
1790179507082,1
1790179507082,0
1790179507104,1
1790179507130,0
1790179507447,1
1790179507447,0
1790179507470,1
1790179507493,0
1790179507499,1
1790179507538,0
1790179507808,1
1790179507808,0
1790179507907,1
1790179507907,0
1790179507932,1
1790179507953,0
1790179507957,1
1790179507999,0
1790179508046,1
1790179508048,0
1790179508359,1
1790179508359,0
1790179508383,1
1790179508405,0
1790179508406,1
1790179508449,0
1790179508503,1
1790179508503,0
1790179508553,1
1790179508553,0
1790179508703,1
1790179508703,0
1790179508725,1
1790179508747,0
1790179508748,1
1790179508777,2
1790179508795,1
1790179508842,0
1790179508893,1
1790179508893,0
1790179509715,1
1790179509715,0
1790179510806,1
1790179510809,0
1790179510964,1
1790179510964,0
1790179511245,1
1790179511245,0
1790179511318,1
1790179511318,0
1790179511341,1
1790179511368,2
1790179511372,1
1790179511393,2
1790179511417,1
1790179511443,2
1790179511462,1
1790179511508,0
1790179511781,1
1790179511782,0
1790179511804,1
1790179511826,2
1790179511832,1
1790179511845,2
1790179511877,1
1790179511900,2
1790179511922,1
1790179511971,0
1790179511996,1
1790179512019,0
1790179512213,1
1790179512213,0
1790179512403,1
1790179512403,0
1790179512433,1
1790179512451,0
1790179512652,1
1790179512652,0
1790179513013,1
1790179513013,0
1790179513083,1
1790179513083,0
1790179513117,1
1790179513136,0
1790179513606,1
1790179513606,0
1790179513630,1
1790179513648,0
1790179513655,1
1790179513676,2
1790179513690,1
1790179513703,2
1790179513727,3
1790179513743,2
1790179513799,1
1790179513855,0
1790179514067,1
1790179514068,0
1790179514207,1
1790179514208,0
1790179514327,1
1790179514327,0
1790179514346,1
1790179514371,2
1790179514382,1
1790179514439,0
1790179514549,1
1790179514549,0
1790179514568,1
1790179514591,0
1790179514593,1
1790179514618,2
1790179514632,1
1790179514687,0
1790179514977,1
1790179514978,0
1790179515152,1
1790179515152,0
1790179515219,1
1790179515219,0
1790179515322,1
1790179515323,0
1790179515635,1
1790179515635,0
1790179515659,1
1790179515692,0
1790179515808,1
1790179515808,0
1790179515832,1
1790179515863,0
1790179516171,1
1790179516171,0
1790179516197,1
1790179516214,0
1790179516214,1
1790179516255,0
1790179516489,1
1790179516489,0
1790179516538,1
1790179516543,0
1790179516606,1
1790179516606,0
1790179516704,1
1790179516704,0
1790179517454,1
1790179517454,0
1790179517523,1
1790179517523,0
1790179517988,1
1790179517988,0
1790179518115,1
1790179518115,0
1790179518136,1
1790179518170,0
1790179518379,1
1790179518380,0
1790179519113,1
1790179519113,0
1790179519161,1
1790179519168,0
1790179519184,1
1790179519208,2
1790179519222,1
1790179519233,2
1790179519266,1
1790179519321,0
1790179519403,1
1790179519403,0
1790179519425,1
1790179519446,0
1790179519454,1
1790179519500,0
1790179519622,1
1790179519622,0
1790179519642,1
1790179519664,0
1790179519669,1
1790179519694,2
1790179519705,1
1790179519759,0
1790179520199,1
1790179520200,0
1790179520388,1
1790179520388,0
1790179521412,1
1790179521412,0
1790179521606,1
1790179521606,0
1790179521634,1
1790179521653,0
1790179521654,1
1790179521701,0
1790179521855,1
1790179521855,0
1790179522511,1
1790179522511,0
1790179522531,1
1790179522555,0
1790179522557,1
1790179522581,2
1790179522597,1
1790179522652,0
1790179522725,1
1790179522725,0
1790179522750,1
1790179522782,0
1790179522971,1
1790179522971,0
1790179523097,1
1790179523097,0
1790179523122,1
1790179523145,0
1790179523146,1
1790179523188,0
1790179523314,1
1790179523314,0
1790179523337,1
1790179523357,2
1790179523359,1
1790179523382,2
1790179523406,1
1790179523461,0
1790179523556,1
1790179523556,0
1790179523580,1
1790179523600,0
1790179523601,1
1790179523631,2
1790179523653,1
1790179523697,0
1790179523723,1
1790179523742,0
1790179523751,1
1790179523784,0
1790179523940,1
1790179523940,0
1790179523965,1
1790179523996,0
1790179524402,1
1790179524402,0
1790179524425,1
1790179524459,0
1790179524571,1
1790179524571,0
1790179524596,1
1790179524614,0
1790179524687,1
1790179524687,0
1790179524713,1
1790179524736,2
1790179524742,1
1790179524763,2
1790179524784,3
1790179524787,2
1790179524842,1
1790179524885,0
1790179524900,1
1790179524928,0
1790179525292,1
1790179525292,0
1790179525361,1
1790179525361,0
1790179525606,1
1790179525606,0
1790179525628,1
1790179525651,2
1790179525662,1
1790179525674,2
1790179525716,1
1790179525760,0
1790179525825,1
1790179525825,0
1790179525952,1
1790179525952,0
1790179525974,1
1790179525998,0
1790179526451,1
1790179526451,0
1790179526624,1
1790179526624,0
1790179526649,1
1790179526673,0
1790179526674,1
1790179526696,2
1790179526724,3
1790179526727,2
1790179526772,3
1790179526783,2
1790179526795,3
1790179526821,4
1790179526839,3
1790179526848,4
1790179526894,3
1790179526950,2
1790179526993,1
1790179527035,0
1790179527091,1
1790179527092,0
1790179527557,1
1790179527558,0
1790179527581,1
1790179527615,0
1790179527851,1
1790179527852,0
1790179527925,1
1790179527925,0
1790179527951,1
1790179527972,0
1790179527973,1
1790179527995,2
1790179528027,1
1790179528069,0
1790179528070,1
1790179528088,2
1790179528114,3
1790179528115,2
1790179528172,1
1790179528227,0
1790179528238,1
1790179528271,0
1790179528529,1
1790179528529,0
1790179528964,1
1790179528964,0
1790179529442,1
1790179529442,0
1790179529538,1
1790179529538,0
1790179529563,1
1790179529589,2
1790179529594,1
1790179529642,2
1790179529649,1
1790179529662,2
1790179529704,1
1790179529710,2
1790179529736,3
1790179529746,2
1790179529788,1
1790179529833,0
1790179529851,1
1790179529890,0
1790179529965,1
1790179529966,0
1790179530350,1
1790179530350,0
1790179530373,1
1790179530398,0
1790179530400,1
1790179530441,0
1790179530450,1
1790179530475,2
1790179530496,1
1790179530497,2
1790179530524,3
1790179530541,2
1790179530587,1
1790179530643,0
1790179530643,1
1790179530699,0
1790179530764,1
1790179530765,0
1790179531085,1
1790179531085,0
1790179531479,1
1790179531479,0
1790179531496,1
1790179531539,0
1790179531735,1
1790179531735,0
1790179531982,1
1790179531982,0
1790179532305,1
1790179532305,0
1790179532330,1
1790179532347,0
1790179532350,1
1790179532388,0
1790179532738,1
1790179532738,0
1790179532759,1
1790179532780,0
1790179532780,1
1790179532806,2
1790179532820,1
1790179532831,2
1790179532860,1
1790179532906,0
1790179532906,1
1790179532948,0
1790179533129,1
1790179533129,0
1790179533613,1
1790179533613,0
1790179533638,1
1790179533658,0
1790179533830,1
1790179533830,0
1790179534015,1
1790179534016,0
1790179534061,1
1790179534061,0
1790179534087,1
1790179534107,0
1790179534205,1
1790179534205,0
1790179534478,1
1790179534478,0
1790179535416,1
1790179535416,0
1790179535488,1
1790179535488,0
1790179535608,1
1790179535609,0
1790179535629,1
1790179535649,0
1790179535898,1
1790179535898,0
1790179535918,1
1790179535942,2
1790179535943,1
1790179535968,2
1790179535984,1
1790179535992,2
1790179536019,3
1790179536025,2
1790179536066,1
1790179536066,2
1790179536093,3
1790179536113,2
1790179536140,3
1790179536156,2
1790179536198,1
1790179536240,0
1790179536338,1
1790179536338,0
1790179536649,1
1790179536649,0
1790179536674,1
1790179536694,0
1790179536698,1
1790179536724,2
1790179536735,1
1790179536749,2
1790179536774,3
1790179536780,2
1790179536821,1
1790179536862,0
1790179536890,1
1790179536904,0
1790179536918,1
1790179536943,2
1790179536950,1
1790179536993,0
1790179537069,1
1790179537069,0
1790179537214,1
1790179537214,0
1790179537259,1
1790179537260,0
1790179537286,1
1790179537302,0
1790179537313,1
1790179537342,0
1790179537439,1
1790179537439,0
1790179537563,1
1790179537563,0
1790179537587,1
1790179537606,0
1790179537610,1
1790179537635,2
1790179537649,1
1790179537658,2
1790179537692,1
1790179537740,0
1790179537758,1
1790179537783,2
1790179537789,1
1790179537812,2
1790179537829,1
1790179537870,0
1790179537973,1
1790179537973,0
1790179538141,1
1790179538141,0
1790179538181,1
1790179538188,0
1790179538206,1
1790179538224,2
1790179538228,1
1790179538274,0
1790179539397,1
1790179539397,0
1790179539520,1
1790179539520,0
1790179539570,1
1790179539570,0
1790179539645,1
1790179539645,0
1790179539765,1
1790179539765,0
1790179539788,1
1790179539806,0
1790179539840,1
1790179539847,0
1790179540112,1
1790179540112,0
1790179540135,1
1790179540154,0
1790179540159,1
1790179540184,2
1790179540195,1
1790179540236,0
1790179540306,1
1790179540306,0
1790179540329,1
1790179540349,0
1790179540456,1
1790179540456,0
1790179540599,1
1790179540600,0
1790179540627,1
1790179540646,0
1790179540649,1
1790179540687,0
1790179540798,1
1790179540798,0
1790179541035,1
1790179541035,0
1790179541151,1
1790179541151,0
1790179541174,1
1790179541195,0
1790179541604,1
1790179541604,0
1790179541629,1
1790179541657,0
1790179542045,1
1790179542045,0
1790179542070,1
1790179542088,0
1790179542093,1
1790179542117,2
1790179542132,1
1790179542173,0
1790179542331,1
1790179542331,0
1790179542591,1
1790179542591,0
1790179543070,1
1790179543070,0
1790179543504,1
1790179543505,0
1790179543700,1
1790179543700,0
1790179543868,1
1790179543868,0
1790179544325,1
1790179544325,0
1790179544346,1
1790179544367,2
1790179544374,1
1790179544424,0
1790179544683,1
1790179544683,0
1790179544802,1
1790179544802,0
1790179544825,1
1790179544845,0
1790179545065,1
1790179545065,0
1790179545304,1
1790179545304,0
1790179545796,1
1790179545796,0
1790179546088,1
1790179546088,0
1790179546111,1
1790179546134,0
1790179546136,1
1790179546176,0
1790179546281,1
1790179546281,0
1790179546475,1
1790179546475,0
1790179546499,1
1790179546517,2
1790179546521,1
1790179546566,0
1790179546753,1
1790179546753,0
1790179546775,1
1790179546794,0
1790179546800,1
1790179546821,2
1790179546838,1
1790179546869,2
1790179546883,1
1790179546929,0
1790179546996,1
1790179546996,0
1790179547020,1
1790179547042,0
1790179547045,1
1790179547085,0
1790179547612,1
1790179547613,0
1790179547660,1
1790179547660,0
1790179547687,1
1790179547706,0
1790179547714,1
1790179547737,2
1790179547747,1
1790179547788,0
1790179547878,1
1790179547879,0
1790179547972,1
1790179547972,0
1790179547997,1
1790179548015,0
1790179548020,1
1790179548045,2
1790179548056,1
1790179548104,0
1790179548240,1
1790179548240,0
1790179548285,1
1790179548285,0
1790179548308,1
1790179548326,0
1790179548435,1
1790179548435,0
1790179548533,1
1790179548533,0
1790179548729,1
1790179548729,0
1790179548751,1
1790179548769,2
1790179548770,1
1790179548813,0
1790179548998,1
1790179548999,0
1790179549191,1
1790179549191,0
1790179549438,1
1790179549438,0
1790179549602,1
1790179549602,0
1790179549630,1
1790179549649,0
1790179549748,1
1790179549748,0
1790179549774,1
1790179549791,0
1790179549794,1
1790179549832,0
1790179550068,1
1790179550068,0
