1790179292390,1
1790179292396,0
1790179293132,0
1790179293133,0
1790179293296,1
1790179293296,0
1790179293780,1
1790179293780,0
1790179293936,1
1790179293936,0
1790179293992,1
1790179294033,0
1790179294054,1
1790179294099,2
1790179294153,1
1790179294228,0
1790179294424,1
1790179294424,0
1790179295463,1
1790179295463,0
1790179295735,1
1790179295735,0
1790179295793,1
1790179295793,0
1790179296443,1
1790179296443,0
1790179296928,1
1790179296928,0
1790179296979,1
1790179296979,0
1790179297030,1
1790179297030,0
1790179297524,1
1790179297524,0
1790179297852,1
1790179297852,0
1790179297961,1
1790179297961,0
1790179298013,1
1790179298014,0
1790179298074,1
1790179298074,0
1790179299966,1
1790179299966,0
1790179300944,1
1790179300944,0
1790179300997,1
1790179300997,0
1790179301167,1
1790179301167,0
1790179302046,1
1790179302046,0
1790179302479,1
1790179302480,0
1790179302535,1
1790179302535,0
1790179303075,1
1790179303076,0
1790179303129,1
1790179303130,0
1790179303184,1
1790179303185,0
1790179303295,1
1790179303295,0
1790179303346,1
1790179303347,0
1790179303399,1
1790179303400,0
1790179303727,1
1790179303727,0
1790179303994,1
1790179303994,0
1790179304047,1
1790179304047,0
1790179304480,1
1790179304480,0
1790179305301,1
1790179305301,0
1790179305354,1
1790179305354,0
1790179305410,1
1790179305410,0
1790179305465,0
1790179305465,0
1790179306388,1
1790179306388,0
1790179306441,1
1790179306442,0
1790179306496,1
1790179306496,0
1790179307408,1
1790179307408,0
1790179307464,1
1790179307464,0
1790179307515,1
1790179307515,0
1790179307572,1
1790179307572,0
1790179308378,1
1790179308379,0
1790179309672,1
1790179309672,0
1790179309722,1
1790179309723,0
1790179309936,1
1790179309936,0
1790179309989,1
1790179309989,0
1790179310044,1
1790179310044,0
1790179310098,1
1790179310098,0
1790179310912,1
1790179310912,0
1790179311887,1
1790179311888,0
1790179311937,1
1790179311938,0
1790179312212,1
1790179312212,0
1790179312744,1
1790179312745,0
1790179312796,1
1790179312796,0
1790179312904,1
1790179312904,0
1790179312962,1
1790179312962,0
1790179313887,1
1790179313888,0
1790179313939,1
1790179313939,0
1790179313989,1
1790179313989,0
1790179314312,1
1790179314312,0
1790179315069,1
1790179315069,0
1790179315123,1
1790179315123,0
1790179315176,1
1790179315176,0
1790179315230,1
1790179315230,0
1790179315984,1
1790179315984,0
1790179316033,1
1790179316033,0
1790179316090,1
1790179316090,0
1790179316145,1
1790179316145,0
1790179316200,1
1790179316200,0
1790179316252,1
1790179316252,0
1790179316308,1
1790179316308,0
1790179316576,1
1790179316577,0
1790179316789,1
1790179316789,0
1790179316839,1
1790179316840,0
1790179316897,1
1790179316897,0
1790179316950,1
1790179316950,0
1790179317000,1
1790179317020,0
1790179318876,1
1790179318877,0
1790179318937,1
1790179318940,0
1790179319631,1
1790179319631,0
1790179320108,1
1790179320108,0
1790179320374,1
1790179320374,0
1790179320855,1
1790179320855,0
1790179321123,1
1790179321124,0
1790179321669,1
1790179321669,0
1790179322488,1
1790179322489,0
1790179322542,1
1790179322542,0
1790179323080,1
1790179323081,0
1790179323240,1
1790179323240,0
1790179323296,1
1790179323297,0
1790179323348,1
1790179323348,0
1790179323400,1
1790179323400,0
1790179323506,1
1790179323506,0
1790179323783,1
1790179323783,0
1790179323838,1
1790179323838,0
1790179323887,1
1790179323887,0
1790179324104,1
1790179324105,0
1790179324584,1
1790179324584,0
1790179324739,1
1790179324739,0
1790179325169,1
1790179325169,0
1790179325224,1
1790179325224,0
1790179325279,1
1790179325279,0
1790179325335,1
1790179325335,0
1790179325386,1
1790179325386,0
1790179325439,1
1790179325440,0
1790179326039,1
1790179326039,0
1790179326092,1
1790179326092,0
1790179326193,1
1790179326193,0
1790179326527,1
1790179326528,0
1790179327179,1
1790179327179,0
1790179327234,1
1790179327234,0
1790179327717,1
1790179327718,0
1790179327769,1
1790179327770,0
1790179328594,1
1790179328594,0
1790179328868,1
1790179328868,0
1790179328923,1
1790179328923,0
1790179328975,1
1790179328975,0
1790179329030,0
1790179329031,0
1790179329246,1
1790179329246,0
1790179329410,1
1790179329410,0
1790179329464,0
1790179329466,0
1790179329516,1
1790179329516,0
1790179329574,1
1790179329574,0
1790179330279,1
1790179330279,0
1790179330659,1
1790179330659,0
1790179330774,1
1790179330774,0
1790179331152,1
1790179331152,0
1790179331370,1
1790179331371,0
1790179331420,1
1790179331434,0
1790179331472,1
1790179331485,0
1790179331527,1
1790179331532,0
1790179331583,1
1790179331583,0
1790179331630,1
1790179331630,0
1790179331738,1
1790179331738,0
1790179331955,1
1790179331955,0
1790179332452,1
1790179332452,0
1790179332721,1
1790179332721,0
1790179333359,1
1790179333359,0
1790179335099,1
1790179335099,0
1790179335143,1
1790179335153,0
1790179335199,1
1790179335202,0
1790179335255,1
1790179335255,0
1790179335574,1
1790179335574,0
1790179335625,1
1790179335625,0
1790179335677,1
1790179335677,0
1790179335735,1
1790179335735,0
1790179335789,1
1790179335790,0
1790179335898,1
1790179335898,0
1790179336120,1
1790179336120,0
1790179336170,1
1790179336170,0
1790179336231,1
1790179336232,0
1790179336286,1
1790179336286,0
1790179337926,1
1790179337926,0
1790179338527,1
1790179338527,0
1790179338686,1
1790179338686,0
1790179338737,1
1790179338737,0
1790179338788,1
1790179338790,0
1790179338840,1
1790179338840,0
1790179339541,1
1790179339541,0
1790179339980,1
1790179339980,0
1790179340033,1
1790179340033,0
1790179340621,1
1790179340621,0
1790179340950,1
1790179340950,0
1790179341974,1
1790179341974,0
1790179342138,1
1790179342138,0
1790179342188,1
1790179342188,0
1790179342620,1
1790179342620,0
1790179343165,1
1790179343165,0
1790179343222,1
1790179343222,0
1790179344093,1
1790179344093,0
1790179344147,1
1790179344147,0
1790179344528,1
1790179344529,0
1790179345725,1
1790179345725,0
1790179345779,1
1790179345779,0
1790179345888,1
1790179345888,0
1790179345939,1
1790179345939,0
1790179346000,1
1790179346001,0
1790179346052,1
1790179346052,0
1790179346875,1
1790179346875,0
1790179347242,1
1790179347242,0
1790179347406,1
1790179347406,0
1790179348435,1
1790179348436,0
1790179348653,1
1790179348654,0
1790179349255,1
1790179349255,0
1790179351028,1
1790179351028,0
1790179351081,1
1790179351082,0
1790179351136,1
1790179351136,0
1790179351185,1
1790179351185,0
1790179351405,1
1790179351405,0
1790179351459,1
1790179351459,0
1790179352328,1
1790179352328,0
1790179352935,1
1790179352935,0
1790179353964,1
1790179353964,0
1790179354019,1
1790179354019,0
1790179354127,1
1790179354127,0
1790179354181,1
1790179354181,0
1790179354232,1
1790179354232,0
1790179354287,1
1790179354287,0
1790179354394,1
1790179354394,0
1790179354452,1
1790179354452,0
1790179354830,1
1790179354830,0
1790179355098,1
1790179355098,0
1790179355859,1
1790179355859,0
1790179356077,1
1790179356077,0
1790179356185,1
1790179356185,0
1790179356240,1
1790179356240,0
1790179356301,1
1790179356301,0
1790179356352,1
1790179356353,0
1790179356405,1
1790179356405,0
1790179356517,1
1790179356517,0
1790179357114,1
1790179357114,0
1790179357605,1
1790179357605,0
1790179357661,1
1790179357661,0
1790179358480,1
1790179358481,0
1790179359020,1
1790179359020,0
1790179359075,1
1790179359075,0
1790179359779,1
1790179359779,0
1790179360817,1
1790179360817,0
1790179361086,1
1790179361086,0
1790179361136,1
1790179361136,0
1790179362659,1
1790179362659,0
1790179363253,1
1790179363253,0
1790179364131,1
1790179364131,0
1790179364297,1
1790179364297,0
1790179364461,1
1790179364461,0
1790179364516,1
1790179364516,0
1790179364571,1
1790179364572,0
1790179364625,1
1790179364625,0
1790179364787,1
1790179364787,0
1790179365004,1
1790179365004,0
1790179365059,1
1790179365059,0
1790179365114,1
1790179365114,0
1790179365220,1
1790179365220,0
1790179365274,1
1790179365274,0
1790179365431,1
1790179365431,0
1790179365865,1
1790179365865,0
1790179365923,1
1790179365923,0
1790179366463,1
1790179366463,0
1790179366780,1
1790179366780,0
1790179367264,1
1790179367264,0
1790179367311,1
1790179367311,0
1790179367533,1
1790179367533,0
1790179367588,1
1790179367588,0
1790179367642,1
1790179367642,0
1790179367691,1
1790179367691,0
1790179367803,1
1790179367803,0
1790179368557,1
1790179368557,0
1790179368612,1
1790179368612,0
1790179368666,1
1790179368669,0
1790179368720,1
1790179368720,0
1790179369039,1
1790179369039,0
1790179369314,1
1790179369314,0
1790179369366,1
1790179369366,0
1790179370338,1
1790179370338,0
1790179370393,1
1790179370394,0
1790179370449,1
1790179370449,0
1790179370612,1
1790179370612,0
1790179370666,1
1790179370666,0
1790179370718,1
1790179370719,0
1790179370774,1
1790179370774,0
1790179370826,1
1790179370826,0
1790179370876,1
1790179370876,0
1790179370927,1
1790179370927,0
1790179371532,1
1790179371532,0
1790179371582,1
1790179371582,0
1790179371960,1
1790179371960,0
1790179372345,1
1790179372345,0
1790179372995,1
1790179372995,0
1790179373381,1
1790179373381,0
1790179373709,1
1790179373710,0
1790179373761,1
1790179373761,0
1790179373813,1
1790179373813,0
1790179373872,1
1790179373872,0
1790179373924,1
1790179373924,0
1790179373980,1
1790179373980,0
1790179374463,1
1790179374464,0
1790179374519,1
1790179374519,0
1790179375065,1
1790179375065,0
1790179375230,1
1790179375230,0
1790179375499,1
1790179375499,0
1790179375551,1
1790179375551,0
1790179375730,1
1790179375730,0
1790179376097,1
1790179376097,0
1790179376704,1
1790179376705,0
1790179377364,1
1790179377364,0
1790179377413,1
1790179377445,0
1790179377467,1
1790179377496,0
1790179377683,1
1790179377683,0
1790179378338,1
1790179378338,0
1790179378553,1
1790179378553,0
1790179378818,1
1790179378818,0
1790179378873,1
1790179378873,0
1790179378924,1
1790179378925,0
1790179378982,1
1790179378982,0
1790179379034,1
1790179379034,0
1790179379146,1
1790179379146,0
1790179379259,1
1790179379259,0
1790179379312,1
1790179379312,0
1790179379426,1
1790179379426,0
1790179379477,1
1790179379479,0
1790179379529,1
1790179379531,0
1790179380239,1
1790179380239,0
1790179380291,1
1790179380291,0
1790179380346,1
1790179380347,0
1790179380457,1
1790179380457,0
1790179380512,1
1790179380512,0
1790179380562,1
1790179380562,0
1790179380621,1
1790179380621,0
1790179381713,1
1790179381713,0
1790179381767,1
1790179381767,0
1790179381822,1
1790179381822,0
1790179384598,1
1790179384598,0
1790179384652,1
1790179384652,0
1790179384712,1
1790179384712,0
1790179384921,1
1790179384921,0
1790179385629,1
1790179385629,0
1790179385683,1
1790179385683,0
1790179385738,1
1790179385738,0
1790179385790,1
1790179385791,0
1790179385958,1
1790179385958,0
1790179386067,1
1790179386067,0
1790179386390,1
1790179386390,0
1790179388515,1
1790179388515,0
1790179388570,1
1790179388570,0
1790179388625,1
1790179388625,0
1790179388733,1
1790179388733,0
1790179388788,1
1790179388788,0
1790179388839,1
1790179388840,0
1790179388952,1
1790179388952,0
1790179389006,1
1790179389006,0
1790179389980,1
1790179389980,0
1790179390026,1
1790179390033,0
1790179390460,1
1790179390460,0
1790179390623,1
1790179390623,0
1790179390674,1
1790179390674,0
1790179391117,1
1790179391117,0
1790179391495,1
1790179391495,0
1790179392520,1
1790179392520,0
1790179392575,1
1790179392575,0
1790179393058,1
1790179393058,0
1790179393113,1
1790179393113,0
1790179393271,1
1790179393271,0
1790179393814,1
1790179393814,0
1790179394034,1
1790179394034,0
1790179395404,1
1790179395405,0
1790179395459,1
1790179395465,0
1790179395511,1
1790179395511,0
1790179395566,1
1790179395566,0
1790179395896,1
1790179395896,0
1790179396441,1
1790179396441,0
1790179396496,1
1790179396496,0
1790179396551,1
1790179396551,0
1790179396603,1
1790179396606,0
1790179396659,1
1790179396659,0
1790179396930,1
1790179396930,0
1790179397145,1
1790179397145,0
1790179397310,1
1790179397310,0
1790179398716,1
1790179398717,0
1790179399472,1
1790179399472,0
1790179399852,1
1790179399852,0
1790179400018,1
1790179400018,0
1790179400068,1
1790179400068,0
1790179400124,1
1790179400125,0
1790179400179,1
1790179400179,0
1790179400554,1
1790179400554,0
1790179400610,1
1790179400610,0
1790179400667,1
1790179400667,0
1790179400721,1
1790179400721,0
1790179401425,1
1790179401425,0
1790179401531,1
1790179401531,0
1790179401963,1
1790179401963,0
1790179402017,1
1790179402017,0
1790179402896,1
1790179402896,0
1790179403485,1
1790179403485,0
1790179403865,1
1790179403865,0
1790179404406,1
1790179404406,0
1790179404461,1
1790179404461,0
1790179404883,1
1790179404884,0
1790179405589,1
1790179405589,0
1790179406077,1
1790179406077,0
1790179406131,1
1790179406131,0
1790179406239,1
1790179406239,0
1790179406291,1
1790179406291,0
1790179406347,1
1790179406347,0
1790179406401,1
1790179406401,0
1790179406670,1
1790179406670,0
1790179407259,1
1790179407260,0
1790179407317,1
1790179407317,0
1790179407372,1
1790179407372,0
1790179407473,1
1790179407473,0
1790179407531,1
1790179407531,0
1790179407956,1
1790179407956,0
1790179408063,1
1790179408063,0
1790179408438,1
1790179408438,0
1790179409146,1
1790179409147,0
1790179409201,1
1790179409201,0
1790179409522,1
1790179409522,0
1790179409573,1
1790179409573,0
1790179409735,1
1790179409735,0
1790179409787,1
1790179409787,0
1790179409843,1
1790179409843,0
1790179409894,1
1790179409894,0
1790179409949,1
1790179409949,0
1790179410551,1
1790179410552,0
1790179410606,1
1790179410606,0
1790179410713,1
1790179410713,0
1790179411740,1
1790179411740,0
1790179411793,1
1790179411836,0
1790179412165,1
1790179412165,0
1790179412332,1
1790179412332,0
1790179412597,1
1790179412597,0
1790179412656,1
1790179412656,0
1790179413090,1
1790179413091,0
1790179413360,1
1790179413360,0
1790179413800,1
1790179413800,0
1790179413907,1
1790179413907,0
1790179413962,1
1790179413963,0
1790179414013,1
1790179414013,0
1790179414066,1
1790179414066,0
1790179414386,1
1790179414386,0
1790179414602,1
1790179414602,0
1790179414816,1
1790179414816,0
1790179414868,1
1790179414869,0
1790179414922,1
1790179414922,0
1790179414977,1
1790179414977,0
1790179415028,1
1790179415031,0
1790179415083,1
1790179415083,0
1790179416435,1
1790179416435,0
1790179417994,1
1790179417995,0
1790179418055,1
1790179418055,0
1790179418108,1
1790179418119,0
1790179418159,1
1790179418164,0
1790179419293,1
1790179419293,0
1790179421567,1
1790179421567,0
1790179421610,1
1790179421632,0
1790179421667,1
1790179421678,0
1790179421719,1
1790179421719,0
1790179421827,1
1790179421827,0
1790179421875,1
1790179421876,0
1790179422041,1
1790179422041,0
1790179422314,1
1790179422314,0
1790179422366,1
1790179422367,0
1790179422418,1
1790179422418,0
1790179422584,0
1790179422584,0
1790179422799,1
1790179422799,0
1790179423496,1
1790179423496,0
1790179423550,1
1790179423550,0
1790179424033,1
1790179424033,0
1790179424417,1
1790179424417,0
1790179425067,1
1790179425067,0
1790179425507,1
1790179425507,0
1790179425725,1
1790179425725,0
1790179425776,1
1790179425776,0
1790179425829,1
1790179425829,0
1790179425880,1
1790179425880,0
1790179425935,1
1790179425935,0
1790179425990,1
1790179425990,0
1790179426758,1
1790179426759,0
1790179426811,1
1790179426811,0
1790179426866,1
1790179426866,0
1790179427186,0
1790179427186,0
1790179427451,1
1790179427451,0
1790179428104,1
1790179428104,0
1790179428212,0
1790179428212,0
1790179429182,1
1790179429182,0
1790179429502,1
1790179429502,0
1790179431299,1
1790179431299,0
1790179432703,1
1790179432703,0
1790179432752,1
1790179432754,0
1790179432801,1
1790179432808,0
1790179433077,1
1790179433077,0
1790179433131,1
1790179433131,0
1790179433186,1
1790179433186,0
1790179435153,1
1790179435153,0
1790179435369,1
1790179435369,0
1790179435474,1
1790179435474,0
1790179435528,1
1790179435528,0
1790179435584,1
1790179435584,0
1790179435642,1
1790179435642,0
1790179435742,1
1790179435742,0
1790179435960,1
1790179435960,0
1790179436341,1
1790179436341,0
1790179436395,1
1790179436395,0
1790179436445,1
1790179436445,0
1790179437751,1
1790179437751,0
1790179437806,1
1790179437806,0
1790179438405,1
1790179438405,0
1790179439540,1
1790179439540,0
1790179440302,1
1790179440302,0
1790179440356,1
1790179440356,0
1790179440411,1
1790179440411,0
1790179440952,1
1790179440953,0
1790179441006,1
1790179441006,0
1790179441057,1
1790179441057,0
1790179441383,1
1790179441383,0
1790179441437,1
1790179441437,0
1790179441486,1
1790179441486,0
1790179441543,1
1790179441543,0
1790179441650,1
1790179441650,0
1790179441703,1
1790179441703,0
1790179441755,1
1790179441755,0
1790179441809,1
1790179441809,0
1790179441861,1
1790179441861,0
1790179442617,1
1790179442618,0
1790179442942,1
1790179442942,0
1790179443161,1
1790179443161,0
1790179443643,1
1790179443643,0
1790179443912,1
1790179443912,0
1790179444021,1
1790179444021,0
1790179444073,1
1790179444073,0
1790179444129,1
1790179444129,0
1790179444180,1
1790179444180,0
1790179445094,1
1790179445094,0
1790179445153,1
1790179445153,0
1790179445262,1
1790179445262,0
1790179445315,1
1790179445315,0
1790179445367,1
1790179445367,0
1790179445752,1
1790179445752,0
1790179445802,1
1790179445802,0
1790179445861,1
1790179445861,0
1790179445915,1
1790179445915,0
1790179446078,1
1790179446078,0
1790179446506,1
1790179446506,0
1790179446559,1
1790179446559,0
1790179446999,1
1790179446999,0
1790179447540,1
1790179447540,0
1790179447591,1
1790179447591,0
1790179448023,1
1790179448023,0
1790179448346,1
1790179448346,0
1790179448402,1
1790179448402,0
1790179448453,1
1790179448453,0
1790179448678,1
1790179448678,0
1790179449103,1
1790179449103,0
1790179449208,1
1790179449209,0
1790179449263,1
1790179449263,0
1790179449852,1
1790179449853,0
1790179449905,1
1790179449905,0
1790179449969,1
1790179449969,0
1790179450019,1
1790179450019,0
1790179450562,1
1790179450563,0
1790179450719,1
1790179450719,0
1790179450777,1
1790179450778,0
1790179450832,1
1790179450832,0
1790179451913,1
1790179451913,0
1790179451966,1
1790179451966,0
1790179452022,1
1790179452022,0
1790179452077,1
1790179452078,0
1790179453323,1
1790179453323,0
1790179453378,1
1790179453378,0
1790179453648,1
1790179453648,0
1790179453704,1
1790179453704,0
1790179453757,1
1790179453757,0
1790179454250,1
1790179454250,0
1790179454897,1
1790179454897,0
1790179454950,1
1790179454950,0
1790179455325,1
1790179455325,0
1790179455484,1
1790179455484,0
1790179455702,1
1790179455702,0
1790179455753,1
1790179455753,0
1790179455808,1
1790179455808,0
1790179456346,1
1790179456346,0
1790179456567,1
1790179456567,0
1790179456621,1
1790179456621,0
1790179456675,1
1790179456676,0
1790179456994,1
1790179456995,0
1790179457271,1
1790179457271,0
1790179457374,1
1790179457374,0
1790179458030,1
1790179458030,0
1790179458836,1
1790179458837,0
1790179458886,1
1790179458886,0
1790179458944,1
1790179458944,0
1790179459803,1
1790179459803,0
1790179460388,1
1790179460388,0
1790179460502,1
1790179460502,0
1790179460553,1
1790179460553,0
1790179460608,1
1790179460608,0
1790179460827,1
1790179460827,0
1790179461039,1
1790179461039,0
1790179462557,1
1790179462557,0
1790179462608,1
1790179462608,0
1790179462934,1
1790179462934,0
1790179462992,1
1790179462992,0
