1790179291687,1
1790179291691,0
1790179291722,1
1790179291940,2
1790179291945,1
1790179291991,2
1790179292041,3
1790179292080,2
1790179292141,1
1790179292201,0
1790179292749,1
1790179292750,0
1790179294152,1
1790179294152,0
1790179294698,1
1790179294698,0
1790179294754,1
1790179294784,0
1790179294971,1
1790179294971,0
1790179295409,1
1790179295409,0
1790179295518,1
1790179295518,0
1790179295576,1
1790179295576,0
1790179295626,1
1790179295626,0
1790179295675,1
1790179295675,0
1790179295847,1
1790179295847,0
1790179295895,1
1790179295896,0
1790179295957,1
1790179295957,0
1790179296064,1
1790179296064,0
1790179296119,1
1790179296119,0
1790179296187,1
1790179296187,0
1790179296492,1
1790179296492,0
1790179296760,1
1790179296760,0
1790179297249,1
1790179297249,0
1790179297415,1
1790179297415,0
1790179297796,1
1790179297796,0
1790179298125,1
1790179298126,0
1790179298179,1
1790179298179,0
1790179298233,1
1790179298233,0
1790179299474,1
1790179299474,0
1790179299856,1
1790179299856,0
1790179300563,1
1790179300563,0
1790179300613,1
1790179300613,0
1790179301551,1
1790179301552,0
1790179301992,1
1790179301992,0
1790179302213,1
1790179302213,0
1790179303241,1
1790179303241,0
1790179303453,1
1790179303453,0
1790179303509,1
1790179303509,0
1790179303563,1
1790179303563,0
1790179303622,1
1790179303622,0
1790179303778,1
1790179303778,0
1790179303832,0
1790179303832,0
1790179303887,1
1790179303887,0
1790179303939,1
1790179303939,0
1790179304700,1
1790179304701,0
1790179304808,1
1790179304808,0
1790179304864,1
1790179304865,0
1790179304915,1
1790179304915,0
1790179304971,1
1790179304971,0
1790179306227,1
1790179306227,0
1790179306280,1
1790179306280,0
1790179306608,1
1790179306608,0
1790179306659,1
1790179306659,0
1790179306822,1
1790179306822,0
1790179307194,1
1790179307194,0
1790179307356,1
1790179307356,0
1790179307622,1
1790179307622,0
1790179307673,1
1790179307673,0
1790179307782,1
1790179307782,0
1790179307885,1
1790179307885,0
1790179307943,1
1790179307943,0
1790179308001,1
1790179308001,0
1790179308046,1
1790179308047,0
1790179308272,1
1790179308273,0
1790179308428,1
1790179308428,0
1790179308483,1
1790179308483,0
1790179308538,1
1790179308538,0
1790179308592,1
1790179308592,0
1790179308653,1
1790179308653,0
1790179308701,1
1790179308701,0
1790179308812,1
1790179308812,0
1790179309613,1
1790179309613,0
1790179310260,1
1790179310260,0
1790179310855,1
1790179310855,0
1790179312316,1
1790179312316,0
1790179312368,1
1790179312368,0
1790179312423,1
1790179312423,0
1790179312531,1
1790179312531,0
1790179312580,1
1790179312580,0
1790179312639,1
1790179312639,0
1790179312857,1
1790179312857,0
1790179313290,1
1790179313290,0
1790179313515,1
1790179313515,0
1790179313725,1
1790179313725,0
1790179314045,1
1790179314045,0
1790179314100,1
1790179314105,0
1790179314153,1
1790179314153,0
1790179314210,1
1790179314210,0
1790179315016,1
1790179315016,0
1790179315556,1
1790179315556,0
1790179315609,1
1790179315609,0
1790179315662,1
1790179315662,0
1790179315716,1
1790179315716,0
1790179315818,1
1790179315818,0
1790179315877,1
1790179315878,0
1790179316358,1
1790179316358,0
1790179316627,1
1790179316627,0
1790179316685,1
1790179316686,0
1790179316738,1
1790179316738,0
1790179317480,1
1790179317480,0
1790179317530,1
1790179317530,0
1790179317638,1
1790179317638,0
1790179317694,1
1790179317695,0
1790179317748,1
1790179317748,0
1790179318065,1
1790179318065,0
1790179318380,1
1790179318380,0
1790179319145,1
1790179319146,0
1790179319197,1
1790179319197,0
1790179319253,1
1790179319253,0
1790179319314,1
1790179319314,0
1790179319365,1
1790179319365,0
1790179319471,1
1790179319471,0
1790179320001,1
1790179320001,0
1790179320480,1
1790179320480,0
1790179320526,1
1790179320526,0
1790179320584,1
1790179320585,0
1790179320914,1
1790179320914,0
1790179320969,1
1790179320969,0
1790179321077,1
1790179321077,0
1790179321509,1
1790179321509,0
1790179321727,1
1790179321727,0
1790179321781,1
1790179321781,0
1790179321834,1
1790179321834,0
1790179321889,1
1790179321889,0
1790179322436,1
1790179322436,0
1790179322599,1
1790179322599,0
1790179322648,1
1790179322648,0
1790179322925,0
1790179322927,0
1790179323193,1
1790179323193,0
1790179323561,1
1790179323561,0
1790179323996,1
1790179323996,0
1790179324057,1
1790179324060,0
1790179324476,1
1790179324476,0
1790179324530,1
1790179324530,0
1790179325608,1
1790179325608,0
1790179326307,1
1790179326307,0
1790179326361,1
1790179326361,0
1790179326416,1
1790179326416,0
1790179326478,1
1790179326478,0
1790179326579,1
1790179326579,0
1790179326795,1
1790179326796,0
1790179326849,1
1790179326849,0
1790179326901,1
1790179326901,0
1790179326956,1
1790179326956,0
1790179327073,1
1790179327073,0
1790179327121,1
1790179327121,0
1790179327824,1
1790179327824,0
1790179328043,1
1790179328043,0
1790179328208,1
1790179328208,0
1790179328313,1
1790179328314,0
1790179328701,1
1790179328701,0
1790179329735,1
1790179329735,0
1790179330111,1
1790179330111,0
1790179330387,1
1790179330387,0
1790179330442,1
1790179330442,0
1790179330494,1
1790179330494,0
1790179330553,1
1790179330553,0
1790179330604,1
1790179330604,0
1790179330720,1
1790179330720,0
1790179332179,1
1790179332180,0
1790179332344,1
1790179332344,0
1790179332821,1
1790179332821,0
1790179332874,1
1790179332875,0
1790179332930,1
1790179332930,0
1790179333040,1
1790179333040,0
1790179333093,1
1790179333093,0
1790179333147,1
1790179333148,0
1790179334225,1
1790179334225,0
1790179334453,1
1790179334453,0
1790179334496,1
1790179334511,0
1790179334872,1
1790179334872,0
1790179335520,1
1790179335529,0
1790179335845,1
1790179335845,0
1790179336560,1
1790179336560,0
1790179336834,1
1790179336834,0
1790179337327,1
1790179337327,0
1790179337492,1
1790179337492,0
1790179337596,1
1790179337596,0
1790179339010,1
1790179339010,0
1790179339430,1
1790179339430,0
1790179339485,1
1790179339485,0
1790179339645,1
1790179339645,0
1790179339920,1
1790179339921,0
1790179340246,1
1790179340247,0
1790179340295,1
1790179340295,0
1790179340350,1
1790179340350,0
1790179340459,1
1790179340459,0
1790179340511,1
1790179340511,0
1790179340568,1
1790179340568,0
1790179341274,1
1790179341274,0
1790179341327,1
1790179341328,0
1790179341380,1
1790179341380,0
1790179341435,1
1790179341435,0
1790179341488,1
1790179341489,0
1790179341553,1
1790179341553,0
1790179341603,1
1790179341603,0
1790179341651,1
1790179341651,0
1790179341765,1
1790179341765,0
1790179341814,1
1790179341814,0
1790179341868,1
1790179341868,0
1790179341921,1
1790179341921,0
1790179342079,1
1790179342079,0
1790179342460,1
1790179342460,0
1790179342780,1
1790179342780,0
1790179342838,1
1790179342839,0
1790179342896,1
1790179342896,0
1790179342946,1
1790179342946,0
1790179343059,1
1790179343059,0
1790179343766,1
1790179343766,0
1790179343821,1
1790179343821,0
1790179343873,1
1790179343873,0
1790179343928,1
1790179343928,0
1790179343985,1
1790179343985,0
1790179344312,1
1790179344312,0
1790179346162,1
1790179346162,0
1790179346216,1
1790179346216,0
1790179346270,1
1790179346270,0
1790179346326,1
1790179346326,0
1790179346818,1
1790179346818,0
1790179347138,1
1790179347138,0
1790179347459,1
1790179347459,0
1790179347514,1
1790179347515,0
1790179347569,1
1790179347569,0
1790179348218,1
1790179348218,0
1790179348489,1
1790179348489,0
1790179348539,1
1790179348539,0
1790179348600,1
1790179348600,0
1790179348708,1
1790179348708,0
1790179348763,1
1790179348763,0
1790179349360,1
1790179349360,0
1790179349409,1
1790179349409,0
1790179349465,1
1790179349465,0
1790179350549,1
1790179350549,0
1790179350599,1
1790179350599,0
1790179350652,1
1790179350652,0
1790179350864,1
1790179350865,0
1790179351235,1
1790179351235,0
1790179351349,1
1790179351349,0
1790179351513,1
1790179351514,0
1790179351896,1
1790179351897,0
1790179352056,1
1790179352056,0
1790179352111,1
1790179352111,0
1790179352167,1
1790179352168,0
1790179352221,1
1790179352222,0
1790179352384,1
1790179352384,0
1790179352603,1
1790179352603,0
1790179352658,1
1790179352658,0
1790179352714,1
1790179352714,0
1790179352821,1
1790179352821,0
1790179352876,1
1790179352876,0
1790179353369,1
1790179353369,0
1790179353586,1
1790179353586,0
1790179353643,1
1790179353643,0
1790179353698,1
1790179353698,0
1790179353754,1
1790179353754,0
1790179354075,1
1790179354078,0
1790179354503,1
1790179354503,0
1790179354561,1
1790179354561,0
1790179354615,1
1790179354615,0
1790179354669,1
1790179354669,0
1790179354722,1
1790179354722,0
1790179354776,1
1790179354776,0
1790179354880,1
1790179354880,0
1790179354933,1
1790179354934,0
1790179355044,1
1790179355044,0
1790179355373,1
1790179355373,0
1790179355428,1
1790179355428,0
1790179355649,1
1790179355650,0
1790179355915,1
1790179355915,0
1790179355965,1
1790179355965,0
1790179356735,1
1790179356735,0
1790179356790,1
1790179356790,0
1790179356841,1
1790179356841,0
1790179356900,1
1790179356900,0
1790179357172,1
1790179357172,0
1790179358263,1
1790179358264,0
1790179358318,1
1790179358318,0
1790179358372,1
1790179358372,0
1790179358425,1
1790179358426,0
1790179358589,1
1790179358589,0
1790179358750,1
1790179358750,0
1790179358969,1
1790179358969,0
1790179359185,1
1790179359185,0
1790179359999,1
1790179359999,0
1790179360220,1
1790179360220,0
1790179360331,1
1790179360332,0
1790179360384,1
1790179360384,0
1790179360435,1
1790179360435,0
1790179360491,1
1790179360491,0
1790179360601,1
1790179360601,0
1790179361187,1
1790179361187,0
1790179361301,1
1790179361301,0
1790179362274,1
1790179362274,0
1790179362706,1
1790179362706,0
1790179362924,1
1790179362924,0
1790179362979,1
1790179362979,0
1790179363039,1
1790179363039,0
1790179363750,1
1790179363750,0
1790179365321,1
1790179365321,0
1790179365375,1
1790179365375,0
1790179365756,1
1790179365756,0
1790179366023,1
1790179366023,0
1790179366079,1
1790179366079,0
1790179366133,1
1790179366133,0
1790179366352,1
1790179366352,0
1790179366407,1
1790179366407,0
1790179366889,1
1790179366889,0
1790179366944,1
1790179366944,0
1790179367420,1
1790179367420,0
1790179367912,1
1790179367912,0
1790179367962,1
1790179367963,0
1790179368017,1
1790179368018,0
1790179368235,1
1790179368236,0
1790179368452,1
1790179368452,0
1790179369474,1
1790179369474,0
1790179369584,1
1790179369584,0
1790179369639,1
1790179369645,0
1790179369693,1
1790179369700,0
1790179369748,1
1790179369748,0
1790179369799,1
1790179369799,0
1790179371308,1
1790179371308,0
1790179371636,1
1790179371637,0
1790179371693,1
1790179371693,0
1790179371743,1
1790179371743,0
1790179371801,1
1790179371801,0
1790179372179,1
1790179372179,0
1790179372231,1
1790179372231,0
1790179372289,1
1790179372289,0
1790179372564,1
1790179372564,0
1790179372619,1
1790179372619,0
1790179372668,1
1790179372668,0
1790179372724,1
1790179372724,0
1790179372776,1
1790179372776,0
1790179372825,1
1790179372825,0
1790179372884,1
1790179372884,0
1790179374409,1
1790179374410,0
1790179374740,1
1790179374740,0
1790179374795,1
1790179374795,0
1790179374850,1
1790179374850,0
1790179374905,1
1790179374905,0
1790179375661,1
1790179375661,0
1790179376156,1
1790179376156,0
1790179376211,1
1790179376211,0
1790179376264,1
1790179376264,0
1790179376644,1
1790179376644,0
1790179376759,1
1790179376759,0
1790179378123,1
1790179378123,0
1790179379202,1
1790179379202,0
1790179379641,0
1790179379641,0
1790179379696,1
1790179379696,0
1790179380133,1
1790179380133,0
1790179380187,1
1790179380187,0
1790179380782,1
1790179380782,0
1790179381215,1
1790179381216,0
1790179381325,1
1790179381325,0
1790179381383,1
1790179381383,0
1790179381438,1
1790179381438,0
1790179381987,1
1790179381987,0
1790179382042,1
1790179382042,0
1790179382098,1
1790179382098,0
1790179382147,1
1790179382153,0
1790179382692,1
1790179382692,0
1790179382961,1
1790179382961,0
1790179383240,1
1790179383240,0
1790179384811,1
1790179384811,0
1790179384865,1
1790179384865,0
1790179384972,1
1790179384972,0
1790179385304,1
1790179385304,0
1790179385417,1
1790179385417,0
1790179386122,1
1790179386123,0
1790179386177,1
1790179386177,0
1790179386231,1
1790179386233,0
1790179386287,1
1790179386287,0
1790179387049,1
1790179387049,0
1790179387103,1
1790179387103,0
1790179387528,1
1790179387528,0
1790179387582,1
1790179387582,0
1790179388188,1
1790179388188,0
1790179388241,1
1790179388241,0
1790179388296,1
1790179388296,0
1790179388354,1
1790179388354,0
1790179388461,1
1790179388462,0
1790179389052,1
1790179389053,0
1790179389110,1
1790179389110,0
1790179389214,1
1790179389215,0
1790179389269,1
1790179389269,0
1790179389324,1
1790179389324,0
1790179389379,1
1790179389379,0
1790179389760,1
1790179389760,0
1790179389815,1
1790179389815,0
1790179389871,1
1790179389871,0
1790179390137,1
1790179390137,0
1790179391170,1
1790179391170,0
1790179391225,1
1790179391225,0
1790179392201,1
1790179392201,0
1790179392688,1
1790179392689,0
1790179392739,1
1790179392743,0
1790179393003,1
1790179393003,0
1790179393167,1
1790179393167,0
1790179393546,1
1790179393546,0
1790179393600,1
1790179393600,0
1790179393706,1
1790179393706,0
1790179393761,1
1790179393761,0
1790179394633,1
1790179394633,0
1790179394746,1
1790179394746,0
1790179394801,1
1790179394801,0
1790179395077,1
1790179395077,0
1790179395131,1
1790179395132,0
1790179395184,1
1790179395185,0
1790179395242,1
1790179395242,0
1790179395291,1
1790179395294,0
1790179395346,1
1790179395346,0
1790179395734,1
1790179395734,0
1790179395787,1
1790179395790,0
1790179395841,1
1790179395845,0
1790179395951,1
1790179395951,0
1790179396005,1
1790179396005,0
1790179396065,1
1790179396065,0
1790179396335,1
1790179396335,0
1790179396386,1
1790179396386,0
1790179396820,1
1790179396820,0
1790179396874,1
1790179396874,0
1790179397475,1
1790179397475,0
1790179397530,1
1790179397530,0
1790179397589,1
1790179397589,0
1790179397640,1
1790179397644,0
1790179397746,1
1790179397746,0
1790179398015,1
1790179398015,0
1790179398068,1
1790179398068,0
1790179398120,1
1790179398120,0
1790179398496,1
1790179398496,0
1790179398551,1
1790179398554,0
1790179398605,1
1790179398606,0
1790179398660,1
1790179398660,0
1790179398768,1
1790179398769,0
1790179399745,1
1790179399745,0
1790179400397,1
1790179400397,0
1790179401094,1
1790179401094,0
1790179401152,1
1790179401152,0
1790179401200,1
1790179401206,0
1790179401259,1
1790179401259,0
1790179402511,1
1790179402511,0
1790179402569,1
1790179402569,0
1790179402844,1
1790179402844,0
1790179403921,1
1790179403922,0
1790179404132,1
1790179404132,0
1790179404352,1
1790179404352,0
1790179404565,1
1790179404565,0
1790179404994,1
1790179404995,0
1790179405644,1
1790179405644,0
1790179406457,1
1790179406457,0
1790179406514,1
1790179406514,0
1790179406715,1
1790179406715,0
1790179406774,1
1790179406774,0
1790179406828,1
1790179406829,0
1790179406883,1
1790179406883,0
1790179406932,1
1790179406932,0
1790179408117,1
1790179408117,0
1790179408168,1
1790179408168,0
1790179408707,1
1790179408707,0
1790179409089,1
1790179409089,0
1790179409256,1
1790179409256,0
1790179409467,1
1790179409467,0
1790179409676,1
1790179409676,0
1790179410818,1
1790179410818,0
1790179410876,1
1790179410876,0
1790179410929,1
1790179410929,0
1790179410983,1
1790179410983,0
1790179411089,1
1790179411090,0
1790179411140,1
1790179411163,0
1790179411540,0
1790179411541,0
1790179411578,1
1790179411598,0
1790179411637,1
1790179411686,0
1790179413418,1
1790179413418,0
1790179413469,1
1790179413469,0
1790179413524,1
1790179413524,0
1790179414173,1
1790179414174,0
1790179415466,1
1790179415466,0
1790179415519,1
1790179415520,0
1790179415571,1
1790179415571,0
1790179415842,1
1790179415842,0
1790179416323,1
1790179416323,0
1790179416379,1
1790179416397,0
1790179416651,1
1790179416651,0
1790179416812,1
1790179416812,0
1790179417674,1
1790179417674,0
1790179417728,1
1790179417728,0
1790179417783,1
1790179417783,0
1790179418211,1
1790179418211,0
1790179418265,1
1790179418265,0
1790179420321,1
1790179420321,0
1790179420588,1
1790179420589,0
1790179420640,1
1790179420640,0
1790179420698,1
1790179420698,0
1790179420910,1
1790179420910,0
1790179422093,1
1790179422093,0
1790179422151,1
1790179422151,0
1790179422207,1
1790179422207,0
1790179422257,1
1790179422257,0
1790179422851,1
1790179422851,0
1790179422911,1
1790179422911,0
1790179423013,1
1790179423013,0
1790179423441,1
1790179423441,0
1790179423877,1
1790179423877,0
1790179423927,1
1790179423927,0
1790179424093,1
1790179424093,0
1790179424144,1
1790179424144,0
1790179424200,1
1790179424200,0
1790179424256,1
1790179424256,0
1790179424307,1
1790179424307,0
1790179424361,1
1790179424361,0
1790179424519,1
1790179424519,0
1790179424574,1
1790179424574,0
1790179425396,1
1790179425396,0
1790179426100,1
1790179426100,0
1790179426211,1
1790179426211,0
1790179426266,1
1790179426266,0
1790179426321,1
1790179426321,0
1790179426373,1
1790179426373,0
1790179426540,1
1790179426540,0
1790179427133,1
1790179427133,0
1790179427240,1
1790179427241,0
1790179427297,1
1790179427297,0
1790179427349,1
1790179427349,0
1790179427401,1
1790179427401,0
1790179427561,1
1790179427561,0
1790179427940,1
1790179427940,0
1790179428267,1
1790179428267,0
1790179428319,1
1790179428319,0
1790179428375,1
1790179428375,0
1790179428430,1
1790179428430,0
1790179428646,1
1790179428646,0
1790179428703,1
1790179428703,0
1790179429027,1
1790179429027,0
1790179429080,1
1790179429080,0
1790179429132,1
1790179429133,0
1790179429290,1
1790179429290,0
1790179429339,1
1790179429340,0
1790179429396,1
1790179429396,0
1790179429448,1
1790179429448,0
1790179429825,1
1790179429825,0
1790179429884,1
1790179429884,0
1790179429936,1
1790179429936,0
1790179430207,1
1790179430207,0
1790179431027,1
1790179431027,0
1790179431353,1
1790179431353,0
1790179431407,1
1790179431407,0
1790179431461,1
1790179431461,0
1790179431516,1
1790179431516,0
1790179431730,1
1790179431730,0
1790179431785,1
1790179431785,0
1790179432110,1
1790179432110,0
1790179432165,1
1790179432166,0
1790179432216,1
1790179432216,0
1790179432326,1
1790179432326,0
1790179433950,1
1790179433950,0
1790179434006,1
1790179434006,0
1790179434061,1
1790179434061,0
1790179434279,1
1790179434279,0
1790179434331,1
1790179434331,0
1790179435207,1
1790179435207,0
1790179435262,1
1790179435262,0
1790179436501,1
1790179436502,0
1790179436554,1
1790179436554,0
1790179436610,1
1790179436610,0
1790179436663,1
1790179436663,0
1790179437203,1
1790179437203,0
1790179437427,1
1790179437427,0
1790179437916,1
1790179437916,0
1790179437968,1
1790179437968,0
1790179439430,1
1790179439430,0
1790179439811,1
1790179439811,0
1790179439917,1
1790179439917,0
1790179440465,1
1790179440465,0
1790179441969,1
1790179441969,0
1790179442024,1
1790179442024,0
1790179442075,1
1790179442075,0
1790179442510,1
1790179442510,0
1790179442560,1
1790179442560,0
1790179443048,1
1790179443048,0
1790179443103,1
1790179443103,0
1790179444613,1
1790179444614,0
1790179444661,1
1790179444662,0
1790179445203,1
1790179445203,0
1790179445475,1
1790179445475,0
1790179445528,1
1790179445528,0
1790179445694,1
1790179445694,0
1790179445967,1
1790179445967,0
1790179446234,1
1790179446234,0
1790179446446,1
1790179446446,0
1790179446779,1
1790179446779,0
1790179446833,1
1790179446833,0
1790179446890,1
1790179446890,0
1790179446944,1
1790179446944,0
1790179447048,1
1790179447048,0
1790179447486,1
1790179447486,0
1790179447646,1
1790179447646,0
1790179448079,1
1790179448079,0
1790179448187,1
1790179448188,0
1790179448235,1
1790179448235,0
1790179449051,1
1790179449051,0
1790179451104,1
1790179451104,0
1790179451153,1
1790179451153,0
1790179451264,1
1790179451264,0
1790179451317,1
1790179451317,0
1790179451857,1
1790179451857,0
1790179452242,1
1790179452242,0
1790179452404,1
1790179452404,0
1790179452889,1
1790179452889,0
1790179453157,1
1790179453157,0
1790179453814,1
1790179453814,0
1790179453978,1
1790179453978,0
1790179454028,1
1790179454028,0
1790179454081,1
1790179454082,0
1790179454140,1
1790179454140,0
1790179454517,1
1790179454517,0
1790179454569,1
1790179454569,0
1790179454625,1
1790179454625,0
1790179454842,1
1790179454842,0
1790179456515,1
1790179456515,0
1790179456730,1
1790179456730,0
1790179456886,1
1790179456886,0
1790179457321,1
1790179457321,0
1790179458619,1
1790179458619,0
1790179458670,1
1790179458670,0
1790179458725,1
1790179458725,0
1790179459044,1
1790179459044,0
1790179459371,1
1790179459372,0
1790179459589,1
1790179459589,0
1790179459857,1
1790179459858,0
1790179459908,1
1790179459908,0
1790179460661,1
1790179460661,0
1790179460720,1
1790179460720,0
1790179460770,1
1790179460770,0
1790179461471,1
1790179461471,0
1790179461521,1
1790179461521,0
1790179461580,1
1790179461580,0
1790179461848,1
1790179461849,0
1790179462119,1
1790179462119,0
1790179462445,1
1790179462445,0
1790179462880,1
1790179462880,0
