1790179831227,1
1790179831234,0
1790179831972,1
1790179831973,0
1790179832148,1
1790179832149,0
1790179832621,1
1790179832621,0
1790179832784,1
1790179832784,0
1790179832842,1
1790179832857,0
1790179832897,1
1790179832897,0
1790179832944,1
1790179832944,0
1790179833280,1
1790179833281,0
1790179834319,1
1790179834319,0
1790179834594,1
1790179834594,0
1790179834648,1
1790179834681,0
1790179835311,0
1790179835312,0
1790179835799,1
1790179835799,0
1790179835854,1
1790179835854,0
1790179835907,1
1790179835907,0
1790179836396,1
1790179836396,0
1790179836729,1
1790179836729,0
1790179836838,1
1790179836838,0
1790179836892,1
1790179836892,0
1790179836948,1
1790179836948,0
1790179838853,1
1790179838853,0
1790179839832,1
1790179839832,0
1790179839881,1
1790179839881,0
1790179840046,1
1790179840047,0
1790179840936,1
1790179840936,0
1790179841365,1
1790179841365,0
1790179841420,1
1790179841420,0
1790179841961,1
1790179841961,0
1790179842021,1
1790179842021,0
1790179842068,1
1790179842068,0
1790179842178,1
1790179842178,0
1790179842233,1
1790179842233,0
1790179842289,0
1790179842289,0
1790179842614,1
1790179842614,0
1790179842892,1
1790179842892,0
1790179842943,1
1790179842958,0
1790179843379,1
1790179843380,0
1790179844190,1
1790179844190,0
1790179844242,1
1790179844250,0
1790179844297,1
1790179844298,0
1790179844347,1
1790179844347,0
1790179845263,1
1790179845263,0
1790179845319,1
1790179845320,0
1790179845373,1
1790179845373,0
1790179846303,1
1790179846303,0
1790179846355,1
1790179846360,0
1790179846415,1
1790179846415,0
1790179846471,1
1790179846471,0
1790179847284,1
1790179847284,0
1790179848600,1
1790179848600,0
1790179848650,1
1790179848651,0
1790179848856,1
1790179848856,0
1790179848914,1
1790179848914,0
1790179848966,1
1790179848966,0
1790179849020,1
1790179849020,0
1790179849838,1
1790179849838,0
1790179850827,1
1790179850827,0
1790179850881,1
1790179850881,0
1790179851156,1
1790179851157,0
1790179851695,1
1790179851696,0
1790179851745,1
1790179851745,0
1790179851855,1
1790179851855,0
1790179851910,1
1790179851911,0
1790179852837,1
1790179852839,0
1790179852892,1
1790179852892,0
1790179852947,1
1790179852948,0
1790179853278,1
1790179853278,0
1790179854040,1
1790179854040,0
1790179854092,1
1790179854092,0
1790179854147,1
1790179854147,0
1790179854200,1
1790179854200,0
1790179854967,1
1790179854967,0
1790179855022,1
1790179855028,0
1790179855067,1
1790179855071,0
1790179855123,1
1790179855123,0
1790179855178,1
1790179855178,0
1790179855232,1
1790179855232,0
1790179855292,1
1790179855292,0
1790179855554,1
1790179855555,0
1790179855773,1
1790179855773,0
1790179855828,1
1790179855828,0
1790179855885,1
1790179855885,0
1790179855937,1
1790179855938,0
1790179855988,1
1790179855989,0
1790179857889,1
1790179857889,0
1790179857943,1
1790179857959,0
1790179858648,1
1790179858648,0
1790179859140,1
1790179859140,0
1790179859411,1
1790179859411,0
1790179859898,1
1790179859899,0
1790179860168,1
1790179860168,0
1790179860708,1
1790179860708,0
1790179861636,1
1790179861636,0
1790179861691,1
1790179861693,0
1790179862234,1
1790179862235,0
1790179862393,1
1790179862393,0
1790179862451,1
1790179862451,0
1790179862506,1
1790179862506,0
1790179862560,1
1790179862560,0
1790179862667,1
1790179862667,0
1790179862937,1
1790179862937,0
1790179862991,1
1790179862991,0
1790179863040,1
1790179863040,0
1790179863259,1
1790179863259,0
1790179863751,1
1790179863751,0
1790179863911,1
1790179863911,0
1790179864336,1
1790179864336,0
1790179864391,1
1790179864392,0
1790179864445,1
1790179864446,0
1790179864504,1
1790179864504,0
1790179864553,1
1790179864553,0
1790179864607,1
1790179864607,0
1790179865196,1
1790179865196,0
1790179865259,1
1790179865264,0
1790179865360,1
1790179865360,0
1790179865687,1
1790179865687,0
1790179866332,1
1790179866332,0
1790179866387,1
1790179866387,0
1790179866888,1
1790179866888,0
1790179866938,1
1790179866938,0
1790179867749,1
1790179867749,0
1790179868016,1
1790179868017,0
1790179868073,1
1790179868073,0
1790179868132,1
1790179868132,0
1790179868182,1
1790179868182,0
1790179868397,1
1790179868398,0
1790179868557,1
1790179868558,0
1790179868603,1
1790179868617,0
1790179868658,1
1790179868658,0
1790179868715,1
1790179868715,0
1790179869423,1
1790179869423,0
1790179869804,1
1790179869804,0
1790179869915,0
1790179869915,0
1790179870304,1
1790179870304,0
1790179870526,1
1790179870527,0
1790179870576,1
1790179870577,0
1790179870628,1
1790179870628,0
1790179870690,1
1790179870703,0
1790179870733,1
1790179870733,0
1790179870792,1
1790179870792,0
1790179870898,1
1790179870898,0
1790179871117,1
1790179871118,0
1790179871604,1
1790179871605,0
1790179871876,1
1790179871876,0
1790179872530,1
1790179872530,0
1790179874277,1
1790179874277,0
1790179874326,1
1790179874328,0
1790179874377,1
1790179874377,0
1790179874433,1
1790179874433,0
1790179874762,1
1790179874762,0
1790179874817,1
1790179874817,0
1790179874870,1
1790179874870,0
1790179874923,1
1790179874923,0
1790179874972,1
1790179874981,0
1790179875082,1
1790179875082,0
1790179875296,1
1790179875296,0
1790179875349,1
1790179875349,0
1790179875404,1
1790179875404,0
1790179875457,1
1790179875458,0
1790179877092,1
1790179877092,0
1790179877687,1
1790179877687,0
1790179877844,1
1790179877844,0
1790179877896,1
1790179877896,0
1790179877953,1
1790179877953,0
1790179878005,1
1790179878005,0
1790179878717,1
1790179878717,0
1790179879155,1
1790179879155,0
1790179879209,1
1790179879209,0
1790179879807,1
1790179879808,0
1790179880136,1
1790179880136,0
1790179881173,1
1790179881173,0
1790179881332,1
1790179881332,0
1790179881386,1
1790179881386,0
1790179881824,1
1790179881824,0
1790179882363,1
1790179882363,0
1790179882418,1
1790179882418,0
1790179883283,1
1790179883285,0
1790179883331,1
1790179883331,0
1790179883722,1
1790179883722,0
1790179884913,1
1790179884914,0
1790179884967,1
1790179884967,0
1790179885071,1
1790179885071,0
1790179885122,1
1790179885123,0
1790179885182,1
1790179885182,0
1790179885233,1
1790179885236,0
1790179886054,1
1790179886054,0
1790179886437,1
1790179886437,0
1790179886592,1
1790179886592,0
1790179887629,1
1790179887629,0
1790179887846,1
1790179887846,0
1790179888452,1
1790179888452,0
1790179890249,1
1790179890250,0
1790179890302,1
1790179890302,0
1790179890352,1
1790179890352,0
1790179890412,1
1790179890412,0
1790179890632,1
1790179890632,0
1790179890687,1
1790179890687,0
1790179891552,1
1790179891552,0
1790179892144,1
1790179892144,0
1790179893176,1
1790179893176,0
1790179893228,1
1790179893228,0
1790179893336,1
1790179893336,0
1790179893393,1
1790179893393,0
1790179893444,1
1790179893444,0
1790179893504,1
1790179893504,0
1790179893606,1
1790179893607,0
1790179893666,1
1790179893666,0
1790179894042,1
1790179894042,0
1790179894317,1
1790179894317,0
1790179895080,1
1790179895080,0
1790179895294,1
1790179895294,0
1790179895402,1
1790179895402,0
1790179895457,1
1790179895457,0
1790179895510,1
1790179895511,0
1790179895565,1
1790179895565,0
1790179895619,1
1790179895628,0
1790179895731,1
1790179895731,0
1790179896324,1
1790179896324,0
1790179896817,1
1790179896817,0
1790179896868,1
1790179896868,0
1790179897682,1
1790179897683,0
1790179898216,1
1790179898216,0
1790179898273,1
1790179898273,0
1790179898977,1
1790179898977,0
1790179900005,1
1790179900005,0
1790179900276,1
1790179900276,0
1790179900334,1
1790179900334,0
1790179901860,1
1790179901860,0
1790179902462,1
1790179902462,0
1790179903325,1
1790179903325,0
1790179903492,1
1790179903493,0
1790179903653,1
1790179903653,0
1790179903700,1
1790179903700,0
1790179903754,1
1790179903754,0
1790179903810,1
1790179903810,0
1790179903971,1
1790179903971,0
1790179904190,1
1790179904190,0
1790179904244,1
1790179904244,0
1790179904297,1
1790179904297,0
1790179904407,1
1790179904407,0
1790179904457,1
1790179904457,0
1790179904626,1
1790179904626,0
1790179905060,1
1790179905060,0
1790179905115,1
1790179905115,0
1790179905661,1
1790179905661,0
1790179905984,1
1790179905985,0
1790179906470,1
1790179906470,0
1790179906522,1
1790179906522,0
1790179906738,1
1790179906738,0
1790179906793,1
1790179906793,0
1790179906845,1
1790179906845,0
1790179906900,1
1790179906900,0
1790179907009,1
1790179907009,0
1790179907774,1
1790179907774,0
1790179907829,1
1790179907829,0
1790179907886,0
1790179907890,0
1790179907941,1
1790179907941,0
1790179908270,1
1790179908270,0
1790179908544,1
1790179908544,0
1790179908596,1
1790179908596,0
1790179909566,1
1790179909566,0
1790179909618,1
1790179909618,0
1790179909674,1
1790179909674,0
1790179909837,1
1790179909837,0
1790179909887,1
1790179909887,0
1790179909942,1
1790179909942,0
1790179909997,1
1790179909998,0
1790179910052,1
1790179910057,0
1790179910104,1
1790179910104,0
1790179910158,1
1790179910159,0
1790179910753,1
1790179910753,0
1790179910807,1
1790179910807,0
1790179911184,1
1790179911184,0
1790179911568,1
1790179911568,0
1790179912204,1
1790179912204,0
1790179912586,1
1790179912586,0
1790179912908,1
1790179912908,0
1790179912960,1
1790179912960,0
1790179913018,1
1790179913018,0
1790179913073,1
1790179913073,0
1790179913127,1
1790179913127,0
1790179913183,1
1790179913187,0
1790179913678,1
1790179913678,0
1790179913728,1
1790179913728,0
1790179914268,1
1790179914268,0
1790179914429,1
1790179914429,0
1790179914711,1
1790179914711,0
1790179914763,1
1790179914763,0
1790179914927,1
1790179914927,0
1790179915302,1
1790179915303,0
1790179915896,1
1790179915896,0
1790179916556,1
1790179916556,0
1790179916607,1
1790179916632,0
1790179916660,1
1790179916676,0
1790179916876,1
1790179916876,0
1790179917506,1
1790179917506,0
1790179917727,1
1790179917727,0
1790179918000,1
1790179918000,0
1790179918055,1
1790179918055,0
1790179918109,1
1790179918109,0
1790179918173,1
1790179918173,0
1790179918219,1
1790179918219,0
1790179918329,1
1790179918329,0
1790179918437,1
1790179918437,0
1790179918492,1
1790179918492,0
1790179918602,1
1790179918602,0
1790179918653,1
1790179918653,0
1790179918705,1
1790179918705,0
1790179919418,1
1790179919418,0
1790179919473,1
1790179919473,0
1790179919526,1
1790179919526,0
1790179919638,1
1790179919638,0
1790179919693,1
1790179919693,0
1790179919747,1
1790179919747,0
1790179919803,1
1790179919803,0
1790179920880,1
1790179920881,0
1790179920934,1
1790179920934,0
1790179920990,1
1790179920990,0
1790179923736,1
1790179923736,0
1790179923789,1
1790179923789,0
1790179923841,1
1790179923842,0
1790179924058,1
1790179924058,0
1790179924773,1
1790179924774,0
1790179924824,1
1790179924824,0
1790179924874,1
1790179924875,0
1790179924925,1
1790179924933,0
1790179925094,1
1790179925094,0
1790179925204,1
1790179925204,0
1790179925529,1
1790179925529,0
1790179927636,1
1790179927637,0
1790179927688,1
1790179927688,0
1790179927755,1
1790179927755,0
1790179927858,1
1790179927858,0
1790179927908,1
1790179927910,0
1790179927963,1
1790179927963,0
1790179928077,1
1790179928077,0
1790179928131,1
1790179928131,0
1790179929109,1
1790179929109,0
1790179929161,1
1790179929161,0
1790179929599,1
1790179929599,0
1790179929763,1
1790179929764,0
1790179929814,1
1790179929814,0
1790179930248,1
1790179930248,0
1790179930628,1
1790179930628,0
1790179931658,1
1790179931658,0
1790179931710,1
1790179931727,0
1790179932206,1
1790179932206,0
1790179932260,1
1790179932260,0
1790179932426,1
1790179932426,0
1790179932970,1
1790179932970,0
1790179933188,1
1790179933188,0
1790179934549,1
1790179934549,0
1790179934603,1
1790179934604,0
1790179934655,1
1790179934655,0
1790179934708,1
1790179934708,0
1790179935036,1
1790179935036,0
1790179935583,1
1790179935583,0
1790179935637,1
1790179935637,0
1790179935690,1
1790179935690,0
1790179935747,1
1790179935747,0
1790179935804,1
1790179935804,0
1790179936069,1
1790179936069,0
1790179936281,1
1790179936281,0
1790179936448,1
1790179936448,0
1790179937852,1
1790179937852,0
1790179938609,1
1790179938609,0
1790179938996,1
1790179938996,0
1790179939153,1
1790179939153,0
1790179939208,1
1790179939208,0
1790179939263,1
1790179939263,0
1790179939316,1
1790179939316,0
1790179939700,1
1790179939700,0
1790179939756,1
1790179939756,0
1790179939811,1
1790179939811,0
1790179939866,1
1790179939866,0
1790179940571,1
1790179940571,0
1790179940683,1
1790179940683,0
1790179941120,1
1790179941120,0
1790179941169,1
1790179941172,0
1790179942038,1
1790179942038,0
1790179942635,1
1790179942636,0
1790179943006,1
1790179943006,0
1790179943549,1
1790179943549,0
1790179943604,1
1790179943604,0
1790179944044,1
1790179944044,0
1790179944741,1
1790179944741,0
1790179945223,1
1790179945223,0
1790179945279,1
1790179945279,0
1790179945389,1
1790179945389,0
1790179945440,1
1790179945440,0
1790179945499,1
1790179945499,0
1790179945549,1
1790179945549,0
1790179945817,1
1790179945817,0
1790179946423,1
1790179946423,0
1790179946476,1
1790179946476,0
1790179946528,1
1790179946529,0
1790179946639,1
1790179946639,0
1790179946695,1
1790179946695,0
1790179947130,1
1790179947131,0
1790179947238,1
1790179947238,0
1790179947625,1
1790179947625,0
1790179948325,1
1790179948325,0
1790179948376,1
1790179948377,0
1790179948707,1
1790179948707,0
1790179948763,1
1790179948763,0
1790179948929,1
1790179948929,0
1790179948983,1
1790179948983,0
1790179949038,1
1790179949038,0
1790179949092,1
1790179949093,0
1790179949148,1
1790179949148,0
1790179949748,1
1790179949749,0
1790179949803,1
1790179949803,0
1790179949913,1
1790179949913,0
1790179950950,1
1790179950950,0
1790179951004,1
1790179951004,0
1790179951387,1
1790179951387,0
1790179951552,1
1790179951552,0
1790179951825,1
1790179951825,0
1790179951880,1
1790179951880,0
1790179952313,1
1790179952313,0
1790179952575,1
1790179952575,0
1790179953008,1
1790179953008,0
1790179953125,1
1790179953125,0
1790179953173,1
1790179953173,0
1790179953228,1
1790179953228,0
1790179953283,1
1790179953283,0
1790179953612,1
1790179953612,0
1790179953831,1
1790179953831,0
1790179954043,1
1790179954043,0
1790179954098,1
1790179954099,0
1790179954153,1
1790179954154,0
1790179954215,1
1790179954215,0
1790179954261,1
1790179954269,0
1790179954314,1
1790179954314,0
1790179955669,1
1790179955669,0
1790179957258,1
1790179957258,0
1790179957311,1
1790179957311,0
1790179957365,1
1790179957365,0
1790179957422,1
1790179957422,0
1790179958557,1
1790179958557,0
1790179960862,1
1790179960862,0
1790179960909,1
1790179960927,0
1790179960966,1
1790179960969,0
1790179961021,1
1790179961021,0
1790179961128,1
1790179961128,0
1790179961185,1
1790179961185,0
1790179961347,1
1790179961347,0
1790179961616,1
1790179961616,0
1790179961671,1
1790179961680,0
1790179961727,1
1790179961730,0
1790179961892,1
1790179961892,0
1790179962109,1
1790179962109,0
1790179962817,1
1790179962817,0
1790179962871,1
1790179962871,0
1790179963361,1
1790179963361,0
1790179963744,1
1790179963744,0
1790179964399,1
1790179964399,0
1790179964834,1
1790179964834,0
1790179965052,1
1790179965052,0
1790179965106,1
1790179965106,0
1790179965162,1
1790179965162,0
1790179965218,1
1790179965218,0
1790179965269,1
1790179965275,0
1790179965327,1
1790179965327,0
1790179966085,1
1790179966085,0
1790179966140,1
1790179966140,0
1790179966191,1
1790179966191,0
1790179966519,1
1790179966519,0
1790179966783,1
1790179966783,0
1790179967444,1
1790179967444,0
1790179967552,1
1790179967552,0
1790179968534,1
1790179968534,0
1790179968854,1
1790179968854,0
1790179970653,1
1790179970653,0
1790179972058,1
1790179972058,0
1790179972113,1
1790179972113,0
1790179972163,1
1790179972164,0
1790179972437,1
1790179972437,0
1790179972489,1
1790179972494,0
1790179972547,1
1790179972547,0
1790179974497,1
1790179974497,0
1790179974714,1
1790179974714,0
1790179974824,1
1790179974824,0
1790179974879,1
1790179974879,0
1790179974934,1
1790179974934,0
1790179974989,1
1790179974989,0
1790179975099,1
1790179975099,0
1790179975315,1
1790179975315,0
1790179975697,1
1790179975697,0
1790179975747,1
1790179975747,0
1790179975806,1
1790179975806,0
1790179977113,1
1790179977113,0
1790179977167,1
1790179977177,0
1790179977772,1
1790179977772,0
1790179978920,1
1790179978920,0
1790179979678,1
1790179979678,0
1790179979737,1
1790179979738,0
1790179979791,1
1790179979791,0
1790179980334,1
1790179980335,0
1790179980389,1
1790179980389,0
1790179980445,1
1790179980445,0
1790179980773,1
1790179980774,0
1790179980828,1
1790179980828,0
1790179980883,1
1790179980883,0
1790179980936,1
1790179980936,0
1790179981048,1
1790179981048,0
1790179981103,1
1790179981103,0
1790179981158,1
1790179981158,0
1790179981213,1
1790179981213,0
1790179981268,1
1790179981268,0
1790179982030,1
1790179982030,0
1790179982359,1
1790179982359,0
1790179982576,1
1790179982576,0
1790179983065,1
1790179983065,0
1790179983336,1
1790179983336,0
1790179983444,1
1790179983444,0
1790179983499,1
1790179983499,0
1790179983555,1
1790179983555,0
1790179983606,1
1790179983606,0
1790179984534,1
1790179984534,0
1790179984590,1
1790179984590,0
1790179984702,1
1790179984702,0
1790179984757,1
1790179984757,0
1790179984811,1
1790179984812,0
1790179985197,1
1790179985197,0
1790179985252,1
1790179985252,0
1790179985307,1
1790179985307,0
1790179985361,1
1790179985362,0
1790179985520,1
1790179985520,0
1790179985955,1
1790179985955,0
1790179986012,1
1790179986012,0
1790179986452,1
1790179986452,0
1790179986992,1
1790179986992,0
1790179987047,1
1790179987047,0
1790179987476,1
1790179987476,0
1790179987799,1
1790179987799,0
1790179987856,1
1790179987856,0
1790179987909,1
1790179987909,0
1790179988128,1
1790179988128,0
1790179988554,1
1790179988555,0
1790179988666,1
1790179988666,0
1790179988717,1
1790179988717,0
1790179989318,1
1790179989318,0
1790179989375,1
1790179989376,0
1790179989422,1
1790179989422,0
1790179989477,1
1790179989477,0
1790179990021,1
1790179990021,0
1790179990191,1
1790179990191,0
1790179990245,1
1790179990245,0
1790179990300,1
1790179990300,0
1790179991385,1
1790179991385,0
1790179991440,1
1790179991440,0
1790179991495,1
1790179991495,0
1790179991550,1
1790179991550,0
1790179992807,1
1790179992808,0
1790179992862,1
1790179992862,0
1790179993131,1
1790179993131,0
1790179993186,1
1790179993191,0
1790179993241,1
1790179993241,0
1790179993736,1
1790179993736,0
1790179994390,1
1790179994390,0
1790179994449,1
1790179994449,0
1790179994825,1
1790179994825,0
1790179994992,1
1790179994992,0
1790179995213,1
1790179995213,0
1790179995267,1
1790179995269,0
1790179995322,1
1790179995322,0
1790179995866,1
1790179995866,0
1790179996084,1
1790179996084,0
1790179996139,1
1790179996139,0
1790179996194,1
1790179996194,0
1790179996515,1
1790179996516,0
1790179996791,1
1790179996791,0
1790179996898,1
1790179996898,0
1790179997554,1
1790179997555,0
1790179998376,1
1790179998376,0
1790179998426,1
1790179998426,0
1790179998482,1
1790179998482,0
1790179999358,1
1790179999358,0
1790179999961,1
1790179999961,0
1790180000070,1
1790180000070,0
1790180000125,1
1790180000125,0
1790180000180,1
1790180000180,0
1790180000396,1
1790180000396,0
1790180000615,1
1790180000615,0
1790180002138,1
1790180002139,0
1790180002193,1
1790180002193,0
1790180002520,1
1790180002520,0
1790180002575,1
1790180002575,0
