1790179743327,1
1790179743332,0
1790179743337,1
1790179743540,2
1790179743589,1
1790179743590,0
1790179743778,1
1790179743779,0
1790179743807,1
1790179743854,2
1790179743864,1
1790179743864,0
1790179743875,1
1790179743900,2
1790179743913,1
1790179743914,0
1790179744062,1
1790179744062,0
1790179744089,1
1790179744113,2
1790179744133,3
1790179744145,2
1790179744146,1
1790179744146,0
1790179744159,1
1790179744159,0
1790179744676,1
1790179744676,0
1790179744823,1
1790179744824,0
1790179745407,1
1790179745408,0
1790179745434,1
1790179745461,2
1790179745482,3
1790179745494,2
1790179745494,1
1790179745494,0
1790179745559,1
1790179745559,0
1790179745655,1
1790179745656,0
1790179745674,1
1790179745696,2
1790179745721,1
1790179745721,0
1790179746191,1
1790179746191,0
1790179746266,1
1790179746266,0
1790179746472,1
1790179746473,0
1790179746730,1
1790179746730,0
1790179746755,1
1790179746776,0
1790179746995,1
1790179746996,0
1790179747121,1
1790179747121,0
1790179747177,1
1790179747177,0
1790179747708,1
1790179747708,0
1790179747733,1
1790179747733,0
1790179747760,1
1790179747760,0
1790179747785,1
1790179747785,0
1790179747811,1
1790179747811,0
1790179747951,1
1790179747951,0
1790179747974,1
1790179747996,0
1790179747997,1
1790179747997,0
1790179748153,1
1790179748153,0
1790179748272,1
1790179748272,0
1790179748966,1
1790179748966,0
1790179748989,1
1790179749014,0
1790179749068,1
1790179749068,0
1790179749236,1
1790179749236,0
1790179749262,1
1790179749279,2
1790179749279,1
1790179749280,0
1790179749408,1
1790179749409,0
1790179749494,1
1790179749494,0
1790179749518,1
1790179749539,0
1790179749684,1
1790179749684,0
1790179749762,1
1790179749762,0
1790179750379,1
1790179750379,0
1790179750428,1
1790179750434,0
1790179750572,1
1790179750573,0
1790179750623,1
1790179750623,0
1790179750642,1
1790179750669,0
1790179750832,1
1790179750832,0
1790179750879,1
1790179750890,0
1790179750902,1
1790179750926,2
1790179750933,1
1790179750945,2
1790179750975,3
1790179750976,2
1790179750976,1
1790179750976,0
1790179750999,1
1790179750999,0
1790179751018,1
1790179751018,0
1790179751431,1
1790179751431,0
1790179751456,1
1790179751456,0
1790179751721,1
1790179751721,0
1790179751965,1
1790179751965,0
1790179751987,1
1790179752009,0
1790179752038,1
1790179752038,0
1790179752061,1
1790179752083,0
1790179752088,1
1790179752089,0
1790179752113,1
1790179752113,0
1790179752254,1
1790179752254,0
1790179752278,1
1790179752278,0
1790179752306,1
1790179752306,0
1790179752323,1
1790179752323,0
1790179752478,1
1790179752478,0
1790179752721,1
1790179752722,0
1790179752745,1
1790179752766,0
1790179752769,1
1790179752769,0
1790179752796,1
1790179752796,0
1790179753325,1
1790179753325,0
1790179753396,1
1790179753396,0
1790179753421,1
1790179753442,0
1790179753446,1
1790179753471,2
1790179753486,1
1790179753487,0
1790179753522,1
1790179753522,0
1790179753546,1
1790179753547,0
1790179753762,1
1790179753762,0
1790179754525,1
1790179754525,0
1790179754645,1
1790179754645,0
1790179754694,1
1790179754705,0
1790179754771,1
1790179754771,0
1790179755149,1
1790179755150,0
1790179755318,1
1790179755318,0
1790179755419,1
1790179755419,0
1790179755809,1
1790179755809,0
1790179755833,1
1790179755834,0
1790179755932,1
1790179755933,0
1790179755957,1
1790179755978,0
1790179755982,1
1790179755982,0
1790179756007,1
1790179756007,0
1790179756057,1
1790179756057,0
1790179756180,1
1790179756180,0
1790179756201,1
1790179756201,0
1790179756221,1
1790179756221,0
1790179756326,1
1790179756326,0
1790179756397,1
1790179756397,0
1790179756422,1
1790179756422,0
1790179756447,1
1790179756447,0
1790179756472,1
1790179756472,0
1790179756496,1
1790179756496,0
1790179756741,1
1790179756741,0
1790179756763,1
1790179756763,0
1790179756785,1
1790179756785,0
1790179756810,1
1790179756811,0
1790179756833,1
1790179756833,0
1790179757072,1
1790179757072,0
1790179757392,1
1790179757392,0
1790179757729,1
1790179757729,0
1790179757993,1
1790179757993,0
1790179758018,1
1790179758018,0
1790179758041,1
1790179758042,0
1790179758091,1
1790179758091,0
1790179758116,1
1790179758116,0
1790179758424,1
1790179758424,0
1790179758587,0
1790179758588,0
1790179758642,1
1790179758642,0
1790179758812,1
1790179758812,0
1790179758837,1
1790179758837,0
1790179758861,1
1790179758861,0
1790179759132,1
1790179759132,0
1790179759156,1
1790179759156,0
1790179759186,1
1790179759186,0
1790179759207,1
1790179759207,0
1790179759235,1
1790179759235,0
1790179759260,1
1790179759260,0
1790179759288,1
1790179759288,0
1790179759554,1
1790179759554,0
1790179759765,1
1790179759765,0
1790179759785,1
1790179759810,0
1790179760024,1
1790179760024,0
1790179760294,1
1790179760294,0
1790179760317,1
1790179760317,0
1790179760336,1
1790179760336,0
1790179760687,1
1790179760687,0
1790179760702,1
1790179760702,0
1790179760731,1
1790179760731,0
1790179760853,1
1790179760853,0
1790179760874,1
1790179760874,0
1790179761314,1
1790179761314,0
1790179761337,1
1790179761337,0
1790179761549,1
1790179761549,0
1790179761739,1
1790179761739,0
1790179761839,1
1790179761839,0
1790179761865,1
1790179761865,0
1790179762029,1
1790179762029,0
1790179762051,1
1790179762051,0
1790179762075,1
1790179762075,0
1790179762122,1
1790179762122,0
1790179762148,1
1790179762148,0
1790179762172,1
1790179762172,0
1790179762215,1
1790179762216,0
1790179762238,1
1790179762238,0
1790179762339,1
1790179762339,0
1790179762364,1
1790179762388,2
1790179762395,1
1790179762408,2
1790179762430,3
1790179762444,2
1790179762444,1
1790179762444,0
1790179762456,1
1790179762490,0
1790179762686,1
1790179762686,0
1790179762709,1
1790179762732,0
1790179762733,1
1790179762759,2
1790179762776,1
1790179762821,0
1790179763023,1
1790179763023,0
1790179763143,1
1790179763144,0
1790179763165,1
1790179763193,0
1790179763681,1
1790179763681,0
1790179763827,1
1790179763827,0
1790179763873,1
1790179763874,0
1790179763893,1
1790179763917,2
1790179763919,1
1790179763944,2
1790179763961,1
1790179764006,0
1790179764063,1
1790179764063,0
1790179764085,1
1790179764107,0
1790179764282,1
1790179764282,0
1790179764305,1
1790179764330,0
1790179764349,1
1790179764369,2
1790179764375,1
1790179764421,0
1790179764492,1
1790179764492,0
1790179764586,1
1790179764586,0
1790179764637,1
1790179764637,0
1790179764661,1
1790179764681,0
1790179764689,1
1790179764689,0
1790179764712,1
1790179764712,0
1790179764855,1
1790179764855,0
1790179765089,1
1790179765089,0
1790179765114,1
1790179765134,0
1790179765136,1
1790179765153,2
1790179765176,1
1790179765176,0
1790179765208,1
1790179765208,0
1790179765254,1
1790179765254,0
1790179765278,1
1790179765301,0
1790179765668,1
1790179765669,0
1790179766109,1
1790179766109,0
1790179766156,1
1790179766156,0
1790179766359,1
1790179766359,0
1790179766383,1
1790179766403,0
1790179766407,1
1790179766447,0
1790179766577,1
1790179766577,0
1790179766646,1
1790179766646,0
1790179766666,1
1790179766695,0
1790179766913,1
1790179766913,0
1790179766943,1
1790179766960,2
1790179766960,1
1790179766985,2
1790179767004,1
1790179767004,0
1790179767006,1
1790179767047,0
1790179767095,1
1790179767095,0
1790179767115,1
1790179767141,0
1790179767147,1
1790179767188,0
1790179767236,1
1790179767236,0
1790179767602,1
1790179767602,0
1790179767701,1
1790179767701,0
1790179767769,1
1790179767769,0
1790179768165,1
1790179768165,0
1790179768190,1
1790179768210,0
1790179768241,1
1790179768259,0
1790179768722,1
1790179768722,0
1790179768992,1
1790179768992,0
1790179769016,1
1790179769040,0
1790179769040,1
1790179769041,0
1790179769065,1
1790179769086,0
1790179769361,1
1790179769361,0
1790179769387,1
1790179769405,0
1790179769412,1
1790179769452,0
1790179769645,1
1790179769645,0
1790179769792,1
1790179769792,0
1790179769994,1
1790179769994,0
1790179770017,1
1790179770038,0
1790179770042,1
1790179770082,0
1790179770236,1
1790179770236,0
1790179770353,1
1790179770353,0
1790179770455,1
1790179770455,0
1790179770549,1
1790179770549,0
1790179770745,1
1790179770745,0
1790179770908,1
1790179770908,0
1790179770934,1
1790179770953,0
1790179770962,1
1790179770996,0
1790179771661,1
1790179771662,0
1790179771683,1
1790179771704,2
1790179771709,1
1790179771754,0
1790179771896,1
1790179771896,0
1790179772145,1
1790179772145,0
1790179772165,1
1790179772190,0
1790179772300,0
1790179772304,0
1790179772330,1
1790179772352,0
1790179772524,1
1790179772524,0
1790179772756,0
1790179772756,0
1790179772780,1
1790179772802,0
1790179772807,1
1790179772807,0
1790179772831,1
1790179772851,2
1790179772852,1
1790179772896,0
1790179772995,1
1790179772995,0
1790179773113,1
1790179773114,0
1790179773136,1
1790179773162,2
1790179773162,1
1790179773208,0
1790179773261,1
1790179773261,0
1790179773310,1
1790179773311,0
1790179773330,1
1790179773350,2
1790179773354,1
1790179773379,2
1790179773398,1
1790179773398,0
1790179773401,1
1790179773426,2
1790179773441,1
1790179773441,0
1790179773478,1
1790179773488,0
1790179773500,1
1790179773524,2
1790179773531,1
1790179773575,0
1790179773723,1
1790179773723,0
1790179774258,1
1790179774259,0
1790179774282,1
1790179774303,0
1790179774307,1
1790179774307,0
1790179774332,1
1790179774350,0
1790179774476,1
1790179774476,0
1790179774592,1
1790179774592,0
1790179774619,1
1790179774637,0
1790179774721,1
1790179774721,0
1790179774744,1
1790179774767,0
1790179774769,1
1790179774794,2
1790179774811,1
1790179774811,0
1790179774890,1
1790179774890,0
1790179774914,1
1790179774934,0
1790179775035,1
1790179775035,0
1790179775060,1
1790179775081,0
1790179775088,1
1790179775130,0
1790179775131,1
1790179775131,0
1790179775191,1
1790179775191,0
1790179775197,1
1790179775210,2
1790179775234,3
1790179775235,2
1790179775259,3
1790179775283,2
1790179775328,1
1790179775328,0
1790179775352,1
1790179775353,0
1790179775378,1
1790179775397,0
1790179775852,1
1790179775852,0
1790179776417,1
1790179776417,0
1790179776789,1
1790179776789,0
1790179776882,1
1790179776882,0
1790179777124,1
1790179777124,0
1790179777465,1
1790179777465,0
1790179777615,1
1790179777615,0
1790179777640,1
1790179777658,0
1790179777812,1
1790179777812,0
1790179778369,1
1790179778370,0
1790179778394,1
1790179778415,0
1790179778579,1
1790179778579,0
1790179778604,1
1790179778626,0
1790179778754,1
1790179778755,0
1790179778776,1
1790179778798,0
1790179778803,1
1790179778841,0
1790179779211,1
1790179779211,0
1790179779232,1
1790179779256,0
1790179779451,1
1790179779451,0
1790179779569,1
1790179779569,0
1790179779588,1
1790179779613,0
1790179779615,1
1790179779615,0
1790179779709,1
1790179779709,0
1790179779764,1
1790179779764,0
1790179780004,1
1790179780004,0
1790179780197,1
1790179780198,0
1790179780219,1
1790179780242,0
1790179780545,1
1790179780545,0
1790179780783,1
1790179780783,0
1790179780925,1
1790179780925,0
1790179780946,1
1790179780968,0
1790179780971,1
1790179781011,0
1790179781239,1
1790179781239,0
1790179781289,1
1790179781290,0
1790179781559,1
1790179781559,0
1790179781605,1
1790179781630,0
1790179781630,1
1790179781661,2
1790179781677,3
1790179781686,2
1790179781702,3
1790179781746,2
1790179781746,1
1790179781746,0
1790179781748,1
1790179781804,0
1790179781847,1
1790179781847,0
1790179781866,1
1790179781896,2
1790179781904,1
1790179781904,0
1790179782294,1
1790179782294,0
1790179782518,1
1790179782518,0
1790179782761,1
1790179782761,0
1790179782949,1
1790179782949,0
1790179783143,1
1790179783143,0
1790179783240,1
1790179783240,0
1790179783263,1
1790179783284,2
1790179783298,1
1790179783309,2
1790179783340,1
1790179783340,0
1790179783402,1
1790179783402,0
1790179783588,1
1790179783588,0
1790179783612,1
1790179783638,2
1790179783644,1
1790179783660,2
1790179783687,1
1790179783739,0
1790179783777,1
1790179783795,0
1790179783807,1
1790179783838,0
1790179784048,1
1790179784048,0
1790179784236,1
1790179784237,0
1790179784260,1
1790179784279,0
1790179784309,1
1790179784333,0
1790179784359,1
1790179784384,2
1790179784386,1
1790179784407,2
1790179784428,1
1790179784432,2
1790179784482,1
1790179784482,0
1790179784526,1
1790179784527,0
1790179784555,1
1790179784582,0
1790179784799,1
1790179784799,0
1790179785234,1
1790179785234,0
1790179785381,1
1790179785381,0
1790179785449,1
1790179785449,0
1790179785479,1
1790179785496,0
1790179785589,1
1790179785589,0
1790179785663,1
1790179785663,0
1790179785977,1
1790179785977,0
1790179785994,1
1790179786019,2
1790179786024,1
1790179786024,0
1790179786115,1
1790179786115,0
1790179786138,1
1790179786156,0
1790179786163,1
1790179786211,0
1790179786282,1
1790179786282,0
1790179786631,1
1790179786631,0
1790179786775,1
1790179786775,0
1790179786976,1
1790179786976,0
1790179787048,1
1790179787048,0
1790179787118,1
1790179787118,0
1790179787144,1
1790179787164,0
1790179787166,1
1790179787167,0
1790179787187,1
1790179787187,0
1790179787240,1
1790179787240,0
1790179787434,1
1790179787434,0
1790179787582,1
1790179787582,0
1790179787605,1
1790179787629,2
1790179787632,1
1790179787650,2
1790179787687,1
1790179787687,0
1790179787826,1
1790179787826,0
1790179787850,1
1790179787873,2
1790179787881,1
1790179787881,0
1790179787900,1
1790179787900,0
1790179788042,1
1790179788043,0
1790179788062,1
1790179788087,2
1790179788099,1
1790179788099,0
1790179788108,1
1790179788108,0
1790179788278,1
1790179788278,0
1790179788299,1
1790179788324,2
1790179788333,1
1790179788333,0
1790179788873,1
1790179788873,0
1790179789052,1
1790179789052,0
1790179789169,1
1790179789170,0
1790179789192,1
1790179789212,0
1790179789217,1
1790179789238,2
1790179789254,1
1790179789254,0
1790179789744,1
1790179789744,0
1790179789768,1
1790179789791,2
1790179789807,1
1790179789851,0
1790179790109,1
1790179790109,0
1790179790133,1
1790179790158,2
1790179790162,1
1790179790163,0
1790179790205,1
1790179790205,0
1790179790230,1
1790179790247,0
1790179790279,1
1790179790279,0
1790179790305,1
1790179790335,0
1790179790430,1
1790179790430,0
1790179790501,1
1790179790501,0
1790179790526,1
1790179790543,0
1790179790647,1
1790179790647,0
1790179790715,1
1790179790715,0
1790179790763,1
1790179790767,0
1790179791002,1
1790179791002,0
1790179791102,1
1790179791102,0
1790179791122,1
1790179791145,2
1790179791156,1
1790179791215,0
1790179791563,1
1790179791563,0
1790179792126,1
1790179792126,0
1790179792266,1
1790179792266,0
1790179792314,1
1790179792315,0
1790179792776,1
1790179792776,0
1790179792799,1
1790179792822,2
1790179792831,1
1790179792877,0
1790179793233,1
1790179793233,0
1790179793337,1
1790179793337,0
1790179793360,1
1790179793386,2
1790179793392,1
1790179793392,0
1790179793680,1
1790179793680,0
1790179793780,1
1790179793780,0
1790179794612,1
1790179794612,0
1790179794658,1
1790179794658,0
1790179794686,1
1790179794701,0
1790179794805,1
1790179794805,0
1790179795340,1
1790179795340,0
1790179795408,1
1790179795408,0
1790179795434,1
1790179795452,0
1790179795460,1
1790179795484,2
1790179795505,3
1790179795507,2
1790179795507,1
1790179795507,0
1790179795654,1
1790179795654,0
1790179795678,1
1790179795698,0
1790179795705,1
1790179795751,0
1790179796097,1
1790179796098,0
1790179796503,1
1790179796503,0
1790179796528,1
1790179796546,0
1790179796549,1
1790179796549,0
1790179796576,1
1790179796598,2
1790179796607,1
1790179796626,2
1790179796666,1
1790179796666,0
1790179796792,1
1790179796792,0
1790179796817,1
1790179796836,0
1790179796842,1
1790179796866,2
1790179796890,1
1790179796890,0
1790179797211,1
1790179797211,0
1790179797386,1
1790179797386,0
1790179797826,1
1790179797826,0
1790179797901,1
1790179797901,0
1790179797926,1
1790179797956,0
1790179797976,1
1790179797976,0
1790179797997,1
1790179798022,0
1790179798022,1
1790179798077,0
1790179798298,1
1790179798299,0
1790179798341,1
1790179798352,0
1790179798368,1
1790179798390,2
1790179798407,1
1790179798416,2
1790179798448,1
1790179798503,0
1790179798762,1
1790179798763,0
1790179798786,1
1790179798818,0
1790179799243,1
1790179799243,0
1790179799293,1
1790179799297,0
1790179799314,1
1790179799343,0
1790179799805,1
1790179799805,0
1790179799918,1
1790179799918,0
1790179799943,1
1790179799965,0
1790179800207,1
1790179800207,0
1790179800231,1
1790179800267,0
1790179800355,1
1790179800355,0
1790179800379,1
1790179800401,2
1790179800410,1
1790179800452,0
1790179800477,1
1790179800477,0
1790179800502,1
1790179800524,2
1790179800533,1
1790179800552,2
1790179800574,3
1790179800588,2
1790179800606,3
1790179800628,2
1790179800628,1
1790179800628,0
1790179800643,1
1790179800667,2
1790179800686,1
1790179800694,2
1790179800715,3
1790179800735,2
1790179800778,1
1790179800778,0
1790179800906,1
1790179800907,0
1790179800931,1
1790179800952,0
1790179801046,1
1790179801046,0
1790179801070,1
1790179801091,0
1790179801363,1
1790179801363,0
1790179801578,1
1790179801578,0
1790179801604,1
1790179801619,0
1790179801800,1
1790179801800,0
1790179801845,1
1790179801846,0
1790179801871,1
1790179801891,0
1790179801899,1
1790179801925,2
1790179801932,1
1790179801932,0
1790179801948,1
1790179801948,0
1790179801971,1
1790179801971,0
1790179801993,1
1790179802015,0
1790179802570,1
1790179802570,0
1790179802589,1
1790179802614,0
1790179802614,1
1790179802614,0
1790179802905,1
1790179802905,0
1790179803576,1
1790179803576,0
1790179803600,1
1790179803616,0
1790179803626,1
1790179803626,0
1790179803866,1
1790179803866,0
1790179803891,1
1790179803908,0
1790179803941,1
1790179803941,0
1790179803962,1
1790179803983,0
1790179803985,1
1790179803985,0
1790179804036,1
1790179804036,0
1790179804058,1
1790179804081,0
1790179804242,1
1790179804242,0
1790179804459,1
1790179804459,0
1790179804578,1
1790179804578,0
1790179804982,1
1790179804982,0
1790179805033,1
1790179805033,0
1790179805156,1
1790179805156,0
1790179805181,1
1790179805199,0
1790179805206,1
1790179805245,0
1790179805733,1
1790179805733,0
1790179805753,1
1790179805777,0
1790179805778,1
1790179805798,2
1790179805817,1
1790179805817,0
1790179805826,1
1790179805826,0
1790179806365,1
1790179806366,0
1790179806561,1
1790179806561,0
1790179806658,1
1790179806658,0
1790179806777,1
1790179806777,0
1790179806806,1
1790179806819,0
1790179806997,1
1790179806997,0
1790179807048,1
1790179807048,0
1790179807339,1
1790179807339,0
1790179807607,1
1790179807608,0
1790179807633,1
1790179807650,0
1790179807654,1
1790179807655,0
1790179807679,1
1790179807679,0
1790179807978,1
1790179807978,0
1790179808074,1
1790179808074,0
1790179808096,1
1790179808117,0
1790179808124,1
1790179808124,0
1790179808225,1
1790179808225,0
1790179808299,1
1790179808299,0
1790179808321,1
1790179808340,0
1790179808347,1
1790179808348,0
1790179808374,1
1790179808374,0
1790179808603,1
1790179808603,0
1790179808700,1
1790179808700,0
1790179808927,1
1790179808927,0
1790179808951,1
1790179808968,0
1790179809077,1
1790179809077,0
1790179809677,1
1790179809678,0
1790179809703,1
1790179809720,0
1790179809728,1
1790179809728,0
1790179809752,1
1790179809752,0
1790179809800,1
1790179809800,0
1790179809900,1
1790179809900,0
1790179810257,1
1790179810257,0
1790179810451,1
1790179810451,0
1790179810695,1
1790179810695,0
1790179810920,1
1790179810920,0
1790179811068,1
1790179811068,0
1790179811093,1
1790179811114,0
1790179811118,1
1790179811118,0
1790179811141,1
1790179811141,0
1790179811183,1
1790179811183,0
1790179811308,1
1790179811308,0
1790179811333,1
1790179811350,0
1790179811354,1
1790179811354,0
1790179811526,1
1790179811526,0
1790179811547,1
1790179811570,2
1790179811571,1
1790179811571,0
1790179811599,1
1790179811599,0
1790179811624,1
1790179811625,0
1790179811649,1
1790179811677,0
1790179811848,1
1790179811848,0
1790179811923,1
1790179811923,0
1790179812170,1
1790179812170,0
1790179812189,1
1790179812213,0
1790179812237,1
1790179812237,0
1790179812260,1
1790179812279,0
1790179812288,1
1790179812288,0
1790179812386,1
1790179812386,0
1790179812408,1
1790179812430,0
1790179812700,1
1790179812700,0
1790179812724,1
1790179812740,0
1790179812749,1
1790179812749,0
1790179812913,1
1790179812913,0
1790179812933,1
1790179812954,2
1790179812959,1
1790179812959,0
1790179812983,1
1790179812983,0
1790179813125,1
1790179813125,0
1790179813351,1
1790179813351,0
1790179813376,1
1790179813393,0
1790179813401,1
1790179813426,2
1790179813433,1
1790179813433,0
1790179813451,1
1790179813451,0
1790179813520,1
1790179813520,0
1790179813594,1
1790179813594,0
1790179813621,1
1790179813636,0
1790179813646,1
1790179813671,2
1790179813677,1
1790179813677,0
1790179813820,1
1790179813820,0
1790179813971,1
1790179813971,0
1790179814308,1
1790179814308,0
1790179814331,1
1790179814349,0
1790179814352,1
1790179814352,0
1790179814381,1
1790179814381,0
1790179814555,1
1790179814555,0
1790179814579,1
1790179814596,0
1790179814603,1
1790179814603,0
1790179814627,1
1790179814627,0
1790179814649,1
1790179814673,0
1790179814674,1
1790179814715,0
1790179814718,1
1790179814718,0
1790179814866,1
1790179814866,0
1790179814887,1
1790179814917,0
1790179815009,1
1790179815009,0
1790179815032,1
1790179815051,0
1790179815057,1
1790179815058,0
1790179815082,1
1790179815082,0
1790179815153,1
1790179815153,0
1790179815340,1
1790179815340,0
1790179815629,1
1790179815629,0
1790179815774,1
1790179815774,0
1790179815986,1
1790179815986,0
1790179816010,1
1790179816029,0
1790179816034,1
1790179816070,0
1790179816230,1
1790179816230,0
1790179816297,1
1790179816297,0
1790179816323,1
1790179816342,0
1790179816520,1
1790179816520,0
1790179816544,1
1790179816561,0
1790179816569,1
1790179816593,2
1790179816602,1
1790179816617,2
1790179816643,3
1790179816647,2
1790179816669,3
1790179816693,4
1790179816694,3
1790179816694,2
1790179816694,1
1790179816694,0
1790179816766,1
1790179816766,0
1790179816791,1
1790179816807,0
1790179817307,1
1790179817307,0
1790179817332,1
1790179817351,0
1790179817355,1
1790179817355,0
1790179817476,1
1790179817476,0
1790179817726,1
1790179817726,0
1790179817968,1
1790179817968,0
1790179817994,1
1790179818013,0
1790179818020,1
1790179818020,0
1790179818043,1
1790179818043,0
1790179818206,1
1790179818206,0
1790179818238,1
1790179818249,0
1790179818259,1
1790179818259,0
1790179818397,1
1790179818397,0
1790179818420,1
1790179818438,0
1790179818446,1
1790179818467,2
1790179818478,1
1790179818478,0
1790179818494,1
1790179818494,0
1790179818760,1
1790179818760,0
1790179818786,1
1790179818806,0
1790179819094,1
1790179819094,0
1790179819293,1
1790179819293,0
1790179819562,1
1790179819562,0
1790179819587,1
1790179819607,0
1790179819612,1
1790179819637,2
1790179819649,1
1790179819649,0
