1790179743612,1
1790179743631,0
1790179743943,1
1790179743944,0
1790179743999,1
1790179744045,0
1790179744210,1
1790179744211,0
1790179744284,1
1790179744299,0
1790179744309,1
1790179744339,2
1790179744357,1
1790179744358,0
1790179744372,1
1790179744372,0
1790179744509,1
1790179744509,0
1790179744941,1
1790179744941,0
1790179745046,1
1790179745049,0
1790179745070,1
1790179745128,0
1790179745362,1
1790179745363,0
1790179745580,1
1790179745580,0
1790179745607,1
1790179745623,0
1790179745633,1
1790179745633,0
1790179745844,1
1790179745844,0
1790179745992,1
1790179745992,0
1790179746042,0
1790179746042,0
1790179746063,1
1790179746063,0
1790179746091,1
1790179746091,0
1790179746917,1
1790179746917,0
1790179747373,1
1790179747373,0
1790179747388,1
1790179747417,0
1790179747460,1
1790179747460,0
1790179747864,1
1790179747866,0
1790179748051,1
1790179748051,0
1790179748074,1
1790179748092,0
1790179748321,1
1790179748321,0
1790179748349,1
1790179748362,0
1790179748373,1
1790179748406,0
1790179748422,1
1790179748422,0
1790179748446,1
1790179748446,0
1790179748470,0
1790179748470,0
1790179748609,1
1790179748610,0
1790179748731,1
1790179748732,0
1790179748757,1
1790179748775,0
1790179748947,1
1790179748947,0
1790179749305,1
1790179749305,0
1790179749333,1
1790179749347,0
1790179749358,1
1790179749358,0
1790179749387,1
1790179749387,0
1790179749787,1
1790179749787,0
1790179749809,1
1790179749832,0
1790179749835,1
1790179749835,0
1790179750238,1
1790179750238,0
1790179750261,1
1790179750279,2
1790179750282,1
1790179750282,0
1790179750307,1
1790179750307,0
1790179750665,1
1790179750665,0
1790179751235,1
1790179751235,0
1790179751257,1
1790179751257,0
1790179751342,1
1790179751342,0
1790179751363,1
1790179751386,2
1790179751395,1
1790179751395,0
1790179751406,1
1790179751407,0
1790179751770,1
1790179751770,0
1790179752212,1
1790179752212,0
1790179752235,1
1790179752254,0
1790179752350,1
1790179752350,0
1790179752599,1
1790179752599,0
1790179752620,1
1790179752620,0
1790179752668,1
1790179752668,0
1790179752695,1
1790179752714,0
1790179753104,1
1790179753105,0
1790179753132,1
1790179753132,0
1790179753154,1
1790179753154,0
1790179753303,1
1790179753303,0
1790179753638,1
1790179753638,0
1790179753663,1
1790179753663,0
1790179753687,1
1790179753688,0
1790179753714,1
1790179753714,0
1790179754052,1
1790179754052,0
1790179754078,1
1790179754100,2
1790179754100,1
1790179754127,2
1790179754142,1
1790179754150,2
1790179754172,3
1790179754184,2
1790179754184,1
1790179754184,0
1790179754190,1
1790179754190,0
1790179754313,1
1790179754313,0
1790179754415,1
1790179754415,0
1790179754434,1
1790179754434,0
1790179754454,1
1790179754454,0
1790179754477,1
1790179754477,0
1790179754498,1
1790179754498,0
1790179755343,1
1790179755343,0
1790179755371,1
1790179755390,0
1790179755684,1
1790179755684,0
1790179755904,1
1790179755904,0
1790179756033,1
1790179756033,0
1790179756251,1
1790179756251,0
1790179756378,1
1790179756378,0
1790179756619,1
1790179756619,0
1790179756973,1
1790179756973,0
1790179756997,1
1790179757025,0
1790179757229,1
1790179757230,0
1790179757291,1
1790179757291,0
1790179757320,1
1790179757320,0
1790179757341,1
1790179757341,0
1790179757365,1
1790179757365,0
1790179757413,1
1790179757413,0
1790179757537,1
1790179757537,0
1790179757563,1
1790179757563,0
1790179757583,1
1790179757583,0
1790179757682,1
1790179757682,0
1790179757896,1
1790179757897,0
1790179757967,1
1790179757967,0
1790179758160,1
1790179758160,0
1790179758185,1
1790179758185,0
1790179758210,1
1790179758210,0
1790179758233,1
1790179758233,0
1790179758255,1
1790179758255,0
1790179758279,1
1790179758279,0
1790179758541,1
1790179758541,0
1790179758567,1
1790179758582,0
1790179758616,1
1790179758616,0
1790179758763,1
1790179758763,0
1790179759062,1
1790179759062,0
1790179759087,1
1790179759087,0
1790179759309,1
1790179759309,0
1790179759331,1
1790179759332,0
1790179759693,1
1790179759693,0
1790179759808,1
1790179759808,0
1790179759832,1
1790179759832,0
1790179759851,1
1790179759852,0
1790179759877,1
1790179759877,0
1790179759973,1
1790179759974,0
1790179760045,1
1790179760045,0
1790179760069,1
1790179760093,0
1790179760098,0
1790179760098,0
1790179760121,1
1790179760121,0
1790179760438,1
1790179760438,0
1790179760612,1
1790179760612,0
1790179760661,1
1790179760661,0
1790179760829,1
1790179760829,0
1790179760924,1
1790179760924,0
1790179760948,1
1790179760949,0
1790179760970,1
1790179760970,0
1790179761000,1
1790179761023,2
1790179761025,1
1790179761025,0
1790179761044,1
1790179761044,0
1790179761098,0
1790179761098,0
1790179761198,1
1790179761198,0
1790179761410,1
1790179761410,0
1790179761526,1
1790179761526,0
1790179761816,1
1790179761816,0
1790179762591,1
1790179762591,0
1790179762609,1
1790179762635,2
1790179762644,1
1790179762644,0
1790179762659,1
1790179762659,0
1790179762806,1
1790179762806,0
1790179762825,1
1790179762851,0
1790179762854,1
1790179762854,0
1790179762874,1
1790179762874,0
1790179762899,1
1790179762923,0
1790179762945,1
1790179762971,0
1790179763041,1
1790179763041,0
1790179763067,1
1790179763086,0
1790179763092,1
1790179763092,0
1790179763116,1
1790179763144,0
1790179763851,1
1790179763851,0
1790179764111,1
1790179764112,0
1790179764183,1
1790179764183,0
1790179764207,1
1790179764227,0
1790179764232,1
1790179764256,2
1790179764271,1
1790179764271,0
1790179764561,1
1790179764561,0
1790179764763,1
1790179764764,0
1790179764786,1
1790179764808,0
1790179765042,1
1790179765042,0
1790179765180,1
1790179765181,0
1790179765641,1
1790179765641,0
1790179765715,1
1790179765715,0
1790179765736,1
1790179765761,0
1790179765939,1
1790179765939,0
1790179766182,1
1790179766182,0
1790179766210,1
1790179766228,0
1790179766601,1
1790179766601,0
1790179766624,1
1790179766643,0
1790179766795,1
1790179766796,0
1790179767312,1
1790179767312,0
1790179767336,1
1790179767355,0
1790179767389,1
1790179767403,0
1790179767410,1
1790179767435,2
1790179767448,1
1790179767448,0
1790179767462,1
1790179767491,0
1790179767812,1
1790179767812,0
1790179767980,1
1790179767980,0
1790179768049,1
1790179768049,0
1790179768502,1
1790179768503,0
1790179768600,1
1790179768600,0
1790179768865,1
1790179768865,0
1790179769665,1
1790179769666,0
1790179769689,1
1790179769713,0
1790179769714,1
1790179769714,0
1790179769742,1
1790179769757,0
1790179769843,1
1790179769843,0
1790179769867,1
1790179769887,0
1790179770260,1
1790179770260,0
1790179770529,1
1790179770529,0
1790179770988,1
1790179770988,0
1790179771012,1
1790179771036,0
1790179771057,1
1790179771081,2
1790179771081,1
1790179771106,2
1790179771125,1
1790179771125,0
1790179771132,1
1790179771132,0
1790179771177,1
1790179771178,0
1790179771208,1
1790179771221,0
1790179771371,1
1790179771371,0
1790179771489,1
1790179771489,0
1790179771821,1
1790179771821,0
1790179771922,1
1790179771922,0
1790179771972,1
1790179771972,0
1790179771998,1
1790179772015,0
1790179772023,1
1790179772023,0
1790179772046,1
1790179772046,0
1790179772072,1
1790179772095,0
1790179772120,1
1790179772142,0
1790179772378,1
1790179772378,0
1790179772599,1
1790179772599,0
1790179772620,1
1790179772643,0
1790179772970,1
1790179772970,0
1790179773209,1
1790179773209,0
1790179773237,1
1790179773256,0
1790179773551,1
1790179773551,0
1790179774010,1
1790179774010,0
1790179774128,1
1790179774128,0
1790179774156,1
1790179774174,0
1790179774840,1
1790179774840,0
1790179775109,1
1790179775109,0
1790179775496,1
1790179775496,0
1790179775565,1
1790179775565,0
1790179775632,1
1790179775632,0
1790179775653,1
1790179775678,0
1790179775680,1
1790179775705,2
1790179775728,1
1790179775728,0
1790179775778,1
1790179775778,0
1790179775875,1
1790179775876,0
1790179775900,1
1790179775920,0
1790179775927,1
1790179775927,0
1790179775976,1
1790179775976,0
1790179776000,1
1790179776023,0
1790179776069,1
1790179776069,0
1790179776271,1
1790179776271,0
1790179776292,1
1790179776317,0
1790179776540,1
1790179776540,0
1790179776694,1
1790179776694,0
1790179776910,1
1790179776910,0
1790179776936,1
1790179776953,0
1790179777028,1
1790179777028,0
1790179777058,1
1790179777070,2
1790179777073,1
1790179777073,0
1790179777100,1
1790179777117,0
1790179777146,1
1790179777146,0
1790179777491,1
1790179777491,0
1790179777515,1
1790179777535,0
1790179777542,0
1790179777544,0
1790179777566,1
1790179777567,0
1790179777715,1
1790179777716,0
1790179777839,0
1790179777839,0
1790179777864,1
1790179777885,0
1790179778296,1
1790179778296,0
1790179778318,1
1790179778342,0
1790179778344,1
1790179778389,0
1790179778410,1
1790179778433,0
1790179778440,1
1790179778464,2
1790179778477,1
1790179778477,0
1790179778490,1
1790179778490,0
1790179778512,1
1790179778535,2
1790179778537,1
1790179778558,2
1790179778581,1
1790179778627,0
1790179778831,1
1790179778831,0
1790179778845,1
1790179778875,0
1790179779013,1
1790179779013,0
1790179779186,1
1790179779186,0
1790179779476,1
1790179779476,0
1790179779642,1
1790179779642,0
1790179779790,1
1790179779790,0
1790179779812,1
1790179779832,2
1790179779833,1
1790179779858,2
1790179779880,1
1790179779880,0
1790179779880,1
1790179779880,0
1790179779904,1
1790179779925,0
1790179780129,1
1790179780129,0
1790179780153,1
1790179780176,0
1790179780383,1
1790179780383,0
1790179780448,1
1790179780448,0
1790179780567,1
1790179780567,0
1790179780592,1
1790179780615,0
1790179780664,1
1790179780664,0
1790179780833,1
1790179780833,0
1790179781088,1
1790179781089,0
1790179781393,1
1790179781393,0
1790179781412,1
1790179781436,2
1790179781464,1
1790179781514,0
1790179781535,1
1790179781535,0
1790179781823,1
1790179781823,0
1790179781921,1
1790179781921,0
1790179782045,1
1790179782045,0
1790179782070,1
1790179782092,2
1790179782098,1
1790179782118,2
1790179782139,3
1790179782151,2
1790179782152,1
1790179782194,0
1790179782195,1
1790179782195,0
1790179782245,1
1790179782245,0
1790179782268,1
1790179782300,0
1790179782318,1
1790179782341,0
1790179782341,1
1790179782365,2
1790179782393,1
1790179782393,0
1790179782691,1
1790179782691,0
1790179782710,1
1790179782732,0
1790179782737,1
1790179782783,2
1790179782786,1
1790179782810,2
1790179782830,1
1790179782835,2
1790179782858,3
1790179782883,2
1790179782924,1
1790179782924,0
1790179783334,1
1790179783334,0
1790179783353,1
1790179783376,2
1790179783377,1
1790179783377,0
1790179784602,1
1790179784602,0
1790179784626,1
1790179784643,0
1790179784651,1
1790179784696,0
1790179784748,1
1790179784748,0
1790179785067,1
1790179785067,0
1790179785085,1
1790179785109,0
1790179785111,1
1790179785111,0
1790179785134,1
1790179785164,0
1790179785208,1
1790179785218,0
1790179785258,1
1790179785261,0
1790179785410,1
1790179785410,0
1790179786334,1
1790179786334,0
1790179786355,1
1790179786383,2
1790179786387,1
1790179786429,0
1790179786432,1
1790179786432,0
1790179786456,1
1790179786481,2
1790179786487,1
1790179786487,0
1790179786532,1
1790179786532,0
1790179786557,1
1790179786587,0
1790179787000,1
1790179787000,0
1790179787022,1
1790179787056,0
1790179787214,1
1790179787214,0
1790179787283,1
1790179787283,0
1790179787308,1
1790179787325,0
1790179787505,1
1790179787505,0
1790179787674,1
1790179787674,0
1790179788131,1
1790179788131,0
1790179788153,1
1790179788174,0
1790179788375,1
1790179788375,0
1790179788396,1
1790179788417,0
1790179788466,1
1790179788472,0
1790179788706,1
1790179788706,0
1790179788801,1
1790179788801,0
1790179789401,1
1790179789401,0
1790179789428,1
1790179789453,2
1790179789456,1
1790179789478,2
1790179789499,1
1790179789499,0
1790179789620,1
1790179789621,0
1790179789867,1
1790179789867,0
1790179789891,1
1790179789912,0
1790179789917,1
1790179789942,2
1790179789964,3
1790179789966,2
1790179789966,1
1790179789966,0
1790179790084,1
1790179790084,0
1790179790180,1
1790179790180,0
1790179790250,1
1790179790250,0
1790179790882,1
1790179790882,0
1790179791218,1
1790179791218,0
1790179791390,1
1790179791390,0
1790179791459,1
1790179791459,0
1790179791486,1
1790179791500,0
1790179791510,1
1790179791531,2
1790179791542,1
1790179791542,0
1790179791705,1
1790179791705,0
1790179791725,1
1790179791753,0
1790179791755,1
1790179791779,2
1790179791807,1
1790179791807,0
1790179792097,1
1790179792097,0
1790179792147,1
1790179792148,0
1790179792337,1
1790179792337,0
1790179792364,1
1790179792391,0
1790179792747,1
1790179792747,0
1790179793019,1
1790179793019,0
1790179793188,1
1790179793189,0
1790179793435,1
1790179793435,0
1790179793459,1
1790179793487,0
1790179793654,1
1790179793654,0
1790179793975,1
1790179793975,0
1790179794194,1
1790179794194,0
1790179794219,1
1790179794252,0
1790179794264,1
1790179794291,2
1790179794296,1
1790179794319,2
1790179794341,3
1790179794343,2
1790179794397,1
1790179794397,0
1790179794461,1
1790179794461,0
1790179794732,1
1790179794732,0
1790179794754,1
1790179794777,2
1790179794787,1
1790179794787,0
1790179794829,1
1790179794829,0
1790179794854,1
1790179794876,0
1790179795051,1
1790179795052,0
1790179795098,1
1790179795098,0
1790179795268,1
1790179795269,0
1790179795582,1
1790179795582,0
1790179795605,1
1790179795633,0
1790179795755,1
1790179795755,0
1790179795775,1
1790179795799,0
1790179795850,1
1790179795854,0
1790179795876,1
1790179795899,0
1790179795901,1
1790179795925,2
1790179795950,3
1790179795954,2
1790179795954,1
1790179796002,0
1790179796211,1
1790179796211,0
1790179796236,1
1790179796257,0
1790179796284,1
1790179796312,0
1790179796745,1
1790179796745,0
1790179796766,1
1790179796800,0
1790179796934,1
1790179796934,0
1790179797011,1
1790179797011,0
1790179797137,1
1790179797137,0
1790179797161,1
1790179797179,0
1790179797361,1
1790179797361,0
1790179797483,1
1790179797483,0
1790179797679,1
1790179797679,0
1790179797725,1
1790179797729,0
1790179797754,1
1790179797771,0
1790179797775,1
1790179797775,0
1790179797800,1
1790179797830,0
1790179797951,1
1790179797952,0
1790179798047,1
1790179798047,0
1790179798147,1
1790179798148,0
1790179798171,1
1790179798197,2
1790179798204,1
1790179798221,2
1790179798246,3
1790179798248,2
1790179798271,3
1790179798289,2
1790179798344,1
1790179798344,0
1790179798887,1
1790179798887,0
1790179799588,1
1790179799588,0
1790179799609,1
1790179799630,0
1790179799638,1
1790179799661,2
1790179799683,1
1790179799683,0
1790179800156,1
1790179800156,0
1790179801169,1
1790179801169,0
1790179801187,1
1790179801212,2
1790179801225,1
1790179801234,2
1790179801268,1
1790179801268,0
1790179801287,1
1790179801287,0
1790179801312,1
1790179801333,0
1790179801383,1
1790179801383,0
1790179801507,1
1790179801507,0
1790179801530,1
1790179801552,0
1790179801554,1
1790179801595,0
1790179801629,1
1790179801638,0
1790179801725,1
1790179801725,0
1790179802046,1
1790179802046,0
1790179802063,1
1790179802086,0
1790179802287,1
1790179802287,0
1790179802452,1
1790179802452,0
1790179802735,1
1790179802735,0
1790179802930,1
1790179802930,0
1790179803019,1
1790179803019,0
1790179803045,1
1790179803060,0
1790179803070,1
1790179803070,0
1790179803095,1
1790179803095,0
1790179803115,1
1790179803140,2
1790179803140,1
1790179803186,0
1790179803481,1
1790179803481,0
1790179803501,1
1790179803521,0
1790179803524,1
1790179803524,0
1790179803675,1
1790179803675,0
1790179803791,1
1790179803791,0
1790179804083,1
1790179804083,0
1790179804133,1
1790179804133,0
1790179804554,1
1790179804554,0
1790179804696,1
1790179804697,0
1790179805495,1
1790179805495,0
1790179806118,1
1790179806118,0
1790179806142,1
1790179806163,0
1790179806170,1
1790179806205,0
1790179806293,1
1790179806294,0
1790179806318,1
1790179806336,0
1790179806339,1
1790179806381,0
1790179807220,1
1790179807221,0
1790179807319,1
1790179807319,0
1790179807365,1
1790179807365,0
1790179807382,1
1790179807406,0
1790179807412,1
1790179807412,0
1790179807437,1
1790179807437,0
1790179807482,1
1790179807482,0
1790179807585,1
1790179807585,0
1790179807753,1
1790179807753,0
1790179807777,1
1790179807795,0
1790179807803,1
1790179807836,0
1790179808399,1
1790179808399,0
1790179808419,1
1790179808446,0
1790179808677,1
1790179808677,0
1790179809198,1
1790179809199,0
1790179809535,1
1790179809535,0
1790179809560,1
1790179809575,0
1790179809582,1
1790179809618,0
1790179809824,1
1790179809824,0
1790179809850,1
1790179809865,0
1790179809875,1
1790179809908,0
1790179810025,1
1790179810025,0
1790179810050,1
1790179810070,0
1790179810071,1
1790179810071,0
1790179810096,1
1790179810111,0
1790179810137,1
1790179810151,0
1790179810166,1
1790179810183,2
1790179810196,1
1790179810196,0
1790179810212,1
1790179810212,0
1790179810235,1
1790179810236,0
1790179810572,1
1790179810572,0
1790179810721,1
1790179810722,0
1790179810822,1
1790179810822,0
1790179811046,1
1790179811046,0
1790179811162,1
1790179811162,0
1790179811208,1
1790179811209,0
1790179811229,1
1790179811249,0
1790179811258,1
1790179811282,2
1790179811295,1
1790179811295,0
1790179811698,1
1790179811698,0
1790179811723,1
1790179811740,0
1790179811773,1
1790179811773,0
1790179811796,1
1790179811818,0
1790179811819,1
1790179811819,0
1790179811997,1
1790179811997,0
1790179812023,1
1790179812039,0
1790179812047,1
1790179812047,0
1790179812073,1
1790179812073,0
1790179812144,1
1790179812144,0
1790179812338,1
1790179812338,0
1790179812361,1
1790179812382,0
1790179812557,1
1790179812557,0
1790179812789,1
1790179812789,0
1790179812817,1
1790179812830,0
1790179813004,1
1790179813004,0
1790179813154,1
1790179813154,0
1790179813178,1
1790179813196,0
1790179813203,1
1790179813203,0
1790179813302,1
1790179813302,0
1790179813499,1
1790179813499,0
1790179813545,1
1790179813546,0
1790179813568,1
1790179813588,0
1790179813845,1
1790179813845,0
1790179813869,1
1790179813886,0
1790179813894,1
1790179813894,0
1790179813920,1
1790179813920,0
1790179814165,1
1790179814165,0
1790179814236,1
1790179814236,0
1790179814254,1
1790179814276,0
1790179814282,1
1790179814316,0
1790179814770,1
1790179814771,0
1790179814791,1
1790179814811,0
1790179814816,1
1790179814816,0
1790179814841,1
1790179814841,0
1790179815390,1
1790179815390,0
1790179815411,1
1790179815435,0
1790179815533,1
1790179815533,0
1790179815557,1
1790179815576,0
1790179815582,1
1790179815615,0
1790179815799,1
1790179815799,0
1790179816083,1
1790179816083,0
1790179816108,1
1790179816124,0
1790179816273,1
1790179816273,0
1790179816345,1
1790179816345,0
1790179816441,1
1790179816441,0
1790179816469,1
1790179816482,0
1790179816491,1
1790179816526,0
1790179816736,1
1790179816736,0
1790179816839,1
1790179816839,0
1790179816865,1
1790179816879,0
1790179816889,1
1790179816890,0
1790179817037,1
1790179817038,0
1790179817157,1
1790179817157,0
1790179817206,1
1790179817206,0
1790179817501,1
1790179817501,0
1790179817847,1
1790179817848,0
1790179817871,1
1790179817891,0
1790179817895,1
1790179817895,0
1790179818279,1
1790179818279,0
1790179818546,1
1790179818546,0
1790179818589,1
1790179818589,0
1790179818613,1
1790179818632,0
1790179818638,1
1790179818638,0
1790179818736,1
1790179818736,0
1790179818828,1
1790179818828,0
1790179819511,1
1790179819511,0
1790179819537,1
1790179819554,0
1790179819679,1
1790179819679,0
1790179819699,1
1790179819720,0
