1790179743286,2
1790179743294,1
1790179743294,1
1790179743388,2
1790179743412,3
1790179743433,4
1790179743560,3
1790179743681,2
1790179743753,3
1790179743764,2
1790179743764,1
1790179743764,0
1790179744384,1
1790179744384,0
1790179744629,1
1790179744629,0
1790179744656,1
1790179744656,0
1790179744743,1
1790179744743,0
1790179744915,1
1790179744915,0
1790179744961,1
1790179744980,2
1790179745002,3
1790179745019,2
1790179745033,3
1790179745101,4
1790179745104,3
1790179745105,2
1790179745105,1
1790179745105,0
1790179745119,1
1790179745149,2
1790179745161,1
1790179745193,2
1790179745209,1
1790179745209,0
1790179745215,1
1790179745240,2
1790179745279,1
1790179745279,0
1790179745382,1
1790179745382,0
1790179745510,1
1790179745510,0
1790179745720,1
1790179745721,0
1790179745794,1
1790179745794,0
1790179745969,1
1790179745970,0
1790179746116,1
1790179746116,0
1790179746141,1
1790179746160,0
1790179746166,1
1790179746166,0
1790179746705,1
1790179746706,0
1790179746869,1
1790179746869,0
1790179747201,1
1790179747201,0
1790179747225,1
1790179747248,0
1790179747638,0
1790179747639,0
1790179747832,1
1790179747832,0
1790179747929,1
1790179747929,0
1790179748396,1
1790179748396,0
1790179748492,1
1790179748492,0
1790179748519,1
1790179748540,0
1790179748547,1
1790179748563,2
1790179748585,1
1790179748585,0
1790179748637,1
1790179748637,0
1790179748663,1
1790179748663,0
1790179748681,1
1790179748681,0
1790179748705,1
1790179748705,0
1790179749042,1
1790179749042,0
1790179749092,1
1790179749092,0
1790179749117,1
1790179749138,0
1790179749141,1
1790179749141,0
1790179749169,1
1790179749169,0
1790179749709,1
1790179749709,0
1790179749737,1
1790179749754,0
1790179749882,1
1790179749882,0
1790179749906,1
1790179749925,0
1790179749978,1
1790179749978,0
1790179750143,1
1790179750144,0
1790179750216,1
1790179750216,0
1790179750331,1
1790179750331,0
1790179750355,1
1790179750375,0
1790179750401,1
1790179750401,0
1790179750446,1
1790179750461,0
1790179750475,1
1790179750475,0
1790179750499,1
1790179750499,0
1790179750524,1
1790179750524,0
1790179750595,1
1790179750595,0
1790179750686,1
1790179750686,0
1790179750715,1
1790179750731,0
1790179750741,1
1790179750741,0
1790179750762,1
1790179750762,0
1790179750784,1
1790179750784,0
1790179750811,1
1790179750812,0
1790179750853,1
1790179750853,0
1790179751213,1
1790179751213,0
1790179751476,1
1790179751476,0
1790179751746,1
1790179751746,0
1790179752400,1
1790179752400,0
1790179752429,1
1790179752429,0
1790179752454,1
1790179752477,0
1790179752503,1
1790179752503,0
1790179752527,1
1790179752550,0
1790179752553,1
1790179752553,0
1790179752646,1
1790179752646,0
1790179752848,1
1790179752848,0
1790179752938,1
1790179752938,0
1790179753034,1
1790179753034,0
1790179753177,1
1790179753177,0
1790179753202,1
1790179753202,0
1790179753227,1
1790179753227,0
1790179753249,1
1790179753249,0
1790179753619,1
1790179753620,0
1790179753861,1
1790179753861,0
1790179753881,1
1790179753904,0
1790179753905,1
1790179753930,2
1790179753946,1
1790179753946,0
1790179753977,1
1790179753977,0
1790179754004,1
1790179754028,0
1790179754220,1
1790179754220,0
1790179754337,1
1790179754337,0
1790179754360,1
1790179754360,0
1790179754388,1
1790179754388,0
1790179754717,1
1790179754717,0
1790179754738,1
1790179754738,0
1790179754784,1
1790179754784,0
1790179754812,1
1790179754812,0
1790179754835,1
1790179754835,0
1790179754977,1
1790179754977,0
1790179755122,1
1790179755122,0
1790179755467,1
1790179755467,0
1790179755491,1
1790179755491,0
1790179755515,1
1790179755515,0
1790179755543,1
1790179755543,0
1790179755562,1
1790179755562,0
1790179755608,1
1790179755608,0
1790179755857,1
1790179755858,0
1790179756084,1
1790179756084,0
1790179756102,1
1790179756102,0
1790179756127,1
1790179756127,0
1790179756278,1
1790179756278,0
1790179756304,1
1790179756304,0
1790179756355,1
1790179756355,0
1790179756544,1
1790179756544,0
1790179756643,1
1790179756643,0
1790179756668,1
1790179756692,2
1790179756693,1
1790179756693,0
1790179756717,1
1790179756717,0
1790179756950,0
1790179756951,0
1790179757026,1
1790179757027,0
1790179757048,1
1790179757072,0
1790179757164,0
1790179757167,0
1790179757272,0
1790179757272,0
1790179757434,1
1790179757434,0
1790179757632,1
1790179757632,0
1790179757655,1
1790179757655,0
1790179757846,1
1790179757846,0
1790179757870,1
1790179757899,0
1790179758356,1
1790179758356,0
1790179758661,1
1790179758661,0
1790179758689,1
1790179758707,0
1790179758712,1
1790179758712,0
1790179758736,1
1790179758736,0
1790179758788,1
1790179758788,0
1790179758886,1
1790179758886,0
1790179758912,1
1790179758912,0
1790179758936,1
1790179758962,2
1790179758976,1
1790179758976,0
1790179759011,0
1790179759011,0
1790179759037,1
1790179759057,0
1790179759355,1
1790179759355,0
1790179759454,1
1790179759454,0
1790179759527,1
1790179759528,0
1790179759579,1
1790179759579,0
1790179759739,1
1790179759739,0
1790179760194,1
1790179760194,0
1790179760364,1
1790179760364,0
1790179760490,1
1790179760490,0
1790179760514,1
1790179760514,0
1790179760540,1
1790179760563,2
1790179760570,1
1790179760570,0
1790179760585,1
1790179760585,0
1790179760638,1
1790179760638,0
1790179761284,1
1790179761285,0
1790179761359,1
1790179761359,0
1790179761572,1
1790179761573,0
1790179761593,1
1790179761593,0
1790179761622,1
1790179761636,0
1790179761670,1
1790179761670,0
1790179761694,1
1790179761694,0
1790179761720,1
1790179761720,0
1790179762194,1
1790179762194,0
1790179762296,1
1790179762296,0
1790179762312,1
1790179762354,0
1790179762486,1
1790179762486,0
1790179762785,1
1790179762785,0
1790179762921,1
1790179762921,0
1790179763242,1
1790179763242,0
1790179763363,1
1790179763363,0
1790179763583,1
1790179763583,0
1790179763653,1
1790179763653,0
1790179763703,1
1790179763703,0
1790179764330,1
1790179764330,0
1790179764518,1
1790179764518,0
1790179764541,1
1790179764564,0
1790179764610,1
1790179764610,0
1790179764734,1
1790179764734,0
1790179764884,1
1790179764885,0
1790179764907,1
1790179764929,2
1790179764930,1
1790179764930,0
1790179764972,1
1790179764972,0
1790179764991,1
1790179765017,0
1790179765018,1
1790179765018,0
1790179765330,1
1790179765331,0
1790179765354,1
1790179765378,0
1790179765379,1
1790179765380,0
1790179765400,1
1790179765400,0
1790179765424,1
1790179765444,2
1790179765447,1
1790179765467,2
1790179765493,3
1790179765494,2
1790179765540,1
1790179765544,2
1790179765574,3
1790179765586,2
1790179765589,3
1790179765617,4
1790179765641,3
1790179765691,2
1790179765691,3
1790179765737,2
1790179765737,1
1790179765737,0
1790179765866,1
1790179765867,0
1790179766014,1
1790179766014,0
1790179766039,1
1790179766059,0
1790179766059,1
1790179766085,2
1790179766106,1
1790179766106,0
1790179766131,1
1790179766131,0
1790179766453,1
1790179766453,0
1790179766477,1
1790179766498,0
1790179766499,1
1790179766525,2
1790179766543,1
1790179766546,2
1790179766591,1
1790179766591,0
1790179766692,1
1790179766692,0
1790179767508,1
1790179767508,0
1790179767527,1
1790179767551,2
1790179767553,1
1790179767577,2
1790179767600,1
1790179767647,0
1790179767789,1
1790179767789,0
1790179767927,1
1790179767927,0
1790179768075,1
1790179768075,0
1790179768097,1
1790179768118,2
1790179768121,1
1790179768121,0
1790179768407,1
1790179768407,0
1790179768527,1
1790179768527,0
1790179768553,1
1790179768575,2
1790179768577,1
1790179768621,2
1790179768623,1
1790179768623,0
1790179768645,1
1790179768668,0
1790179768916,1
1790179768916,0
1790179768938,1
1790179768965,0
1790179768965,1
1790179769011,0
1790179769457,1
1790179769457,0
1790179769478,1
1790179769500,2
1790179769505,1
1790179769505,0
1790179769598,1
1790179769598,0
1790179769764,1
1790179769764,0
1790179769817,1
1790179769817,0
1790179769894,1
1790179769894,0
1790179770061,1
1790179770061,0
1790179770135,1
1790179770135,0
1790179770158,1
1790179770183,0
1790179770185,1
1790179770185,0
1790179770211,1
1790179770230,0
1790179770280,1
1790179770280,0
1790179770380,1
1790179770380,0
1790179770405,1
1790179770428,2
1790179770430,1
1790179770430,0
1790179770479,1
1790179770479,0
1790179770506,1
1790179770524,0
1790179770721,1
1790179770721,0
1790179770815,1
1790179770815,0
1790179770840,1
1790179770859,0
1790179770865,1
1790179770890,2
1790179770907,1
1790179770954,0
1790179771038,0
1790179771040,0
1790179771231,1
1790179771232,0
1790179771254,1
1790179771278,2
1790179771281,1
1790179771281,0
1790179771299,1
1790179771327,2
1790179771328,1
1790179771349,2
1790179771372,1
1790179771372,0
1790179771392,1
1790179771415,2
1790179771419,1
1790179771468,0
1790179771470,1
1790179771470,0
1790179771611,1
1790179771611,0
1790179771635,1
1790179771658,0
1790179771725,1
1790179771725,0
1790179771848,1
1790179771848,0
1790179771872,1
1790179771893,0
1790179772212,1
1790179772212,0
1790179772232,1
1790179772257,0
1790179772257,1
1790179772257,0
1790179772285,1
1790179772285,0
1790179772403,1
1790179772403,0
1790179772876,1
1790179772876,0
1790179772900,1
1790179772920,2
1790179772922,1
1790179772922,0
1790179772941,1
1790179772941,0
1790179773009,1
1790179773009,0
1790179773089,1
1790179773089,0
1790179773188,1
1790179773188,0
1790179773286,1
1790179773286,0
1790179773650,1
1790179773650,0
1790179773742,1
1790179773743,0
1790179773790,1
1790179773790,0
1790179773818,1
1790179773837,0
1790179773842,1
1790179773842,0
1790179773867,1
1790179773867,0
1790179773916,1
1790179773917,0
1790179774182,1
1790179774182,0
1790179774231,1
1790179774232,0
1790179774670,1
1790179774670,0
1790179774862,1
1790179774863,0
1790179774960,1
1790179774960,0
1790179774987,1
1790179775007,0
1790179775012,1
1790179775054,0
1790179775328,1
1790179775329,0
1790179776026,1
1790179776026,0
1790179776052,1
1790179776073,0
1790179776217,1
1790179776217,0
1790179776345,1
1790179776345,0
1790179776367,1
1790179776392,0
1790179776393,1
1790179776393,0
1790179776493,1
1790179776493,0
1790179776515,1
1790179776538,0
1790179776741,1
1790179776741,0
1790179776766,1
1790179776790,0
1790179776981,1
1790179776981,0
1790179777200,1
1790179777200,0
1790179777224,1
1790179777244,2
1790179777247,1
1790179777293,0
1790179777345,1
1790179777345,0
1790179777440,1
1790179777440,0
1790179777904,1
1790179777904,0
1790179777953,1
1790179777953,0
1790179777979,1
1790179777998,0
1790179778005,1
1790179778025,2
1790179778044,1
1790179778044,0
1790179778054,1
1790179778054,0
1790179778729,1
1790179778729,0
1790179778871,1
1790179778872,0
1790179778897,1
1790179778917,2
1790179778920,1
1790179778920,0
1790179778942,1
1790179778942,0
1790179779114,1
1790179779114,0
1790179779136,1
1790179779161,2
1790179779161,1
1790179779207,0
1790179779282,1
1790179779282,0
1790179779309,1
1790179779331,0
1790179779332,1
1790179779353,2
1790179779376,1
1790179779384,2
1790179779404,3
1790179779421,2
1790179779421,1
1790179779421,0
1790179779427,1
1790179779427,0
1790179780104,1
1790179780104,0
1790179780238,1
1790179780238,0
1790179780264,1
1790179780285,0
1790179780289,1
1790179780314,2
1790179780331,1
1790179780332,0
1790179780638,1
1790179780638,0
1790179780853,1
1790179780853,0
1790179780872,1
1790179780898,0
1790179780902,1
1790179780902,0
1790179781071,1
1790179781071,0
1790179781116,1
1790179781117,0
1790179781731,1
1790179781731,0
1790179782218,1
1790179782219,0
1790179782414,1
1790179782415,0
1790179782443,1
1790179782459,0
1790179782643,1
1790179782643,0
1790179782666,1
1790179782690,0
1790179782928,1
1790179782928,0
1790179783122,1
1790179783122,0
1790179783169,1
1790179783171,0
1790179783194,1
1790179783214,0
1790179783215,1
1790179783215,0
1790179783444,1
1790179783444,0
1790179783469,1
1790179783490,2
1790179783492,1
1790179783492,0
1790179783512,1
1790179783548,0
1790179783757,1
1790179783757,0
1790179783876,1
1790179783876,0
1790179783995,1
1790179783996,0
1790179784702,1
1790179784703,0
1790179784726,1
1790179784758,0
1790179784776,1
1790179784806,0
1790179784921,1
1790179784921,0
1790179784970,1
1790179784970,0
1790179785282,1
1790179785282,0
1790179785309,1
1790179785327,0
1790179785333,1
1790179785358,2
1790179785381,1
1790179785381,0
1790179785689,1
1790179785689,0
1790179785706,1
1790179785740,0
1790179785902,1
1790179785903,0
1790179785926,1
1790179785957,0
1790179786185,1
1790179786185,0
1790179786213,1
1790179786233,0
1790179786239,1
1790179786263,2
1790179786288,1
1790179786288,0
1790179786315,1
1790179786316,0
1790179786578,1
1790179786579,0
1790179786603,1
1790179786631,0
1790179786655,1
1790179786679,0
1790179786680,1
1790179786708,2
1790179786726,3
1790179786736,2
1790179786787,1
1790179786787,0
1790179786901,1
1790179786901,0
1790179786926,1
1790179786947,0
1790179786951,1
1790179787001,0
1790179787073,1
1790179787073,0
1790179787530,1
1790179787530,0
1790179787555,1
1790179787574,0
1790179787993,1
1790179787993,0
1790179788200,1
1790179788200,0
1790179788227,1
1790179788256,0
1790179788349,1
1790179788349,0
1790179788421,1
1790179788421,0
1790179788588,1
1790179788588,0
1790179788612,1
1790179788630,0
1790179788657,1
1790179788672,0
1790179788682,1
1790179788720,0
1790179789074,1
1790179789074,0
1790179789119,1
1790179789129,0
1790179789144,1
1790179789176,0
1790179789260,1
1790179789261,0
1790179789280,1
1790179789302,0
1790179789310,1
1790179789334,2
1790179789354,3
1790179789356,2
1790179789356,1
1790179789376,2
1790179789410,1
1790179789465,0
1790179789551,1
1790179789551,0
1790179789575,1
1790179789600,2
1790179789609,1
1790179789645,2
1790179789663,1
1790179789672,2
1790179789694,3
1790179789717,2
1790179789814,1
1790179789814,0
1790179789816,1
1790179789817,0
1790179789841,1
1790179789859,0
1790179790032,1
1790179790032,0
1790179790061,1
1790179790080,0
1790179790330,1
1790179790331,0
1790179790355,1
1790179790380,2
1790179790389,1
1790179790403,2
1790179790431,1
1790179790431,0
1790179790455,1
1790179790455,0
1790179790568,1
1790179790568,0
1790179790597,1
1790179790615,0
1790179790622,1
1790179790622,0
1790179790789,1
1790179790789,0
1790179790813,1
1790179790835,2
1790179790845,1
1790179790855,2
1790179790888,1
1790179790888,0
1790179790905,1
1790179790905,0
1790179791342,1
1790179791342,0
1790179791629,1
1790179791629,0
1790179791951,1
1790179791951,0
1790179791976,1
1790179791995,0
1790179792001,1
1790179792025,2
1790179792046,1
1790179792046,0
1790179792578,1
1790179792578,0
1790179792601,1
1790179792633,0
1790179792725,1
1790179792725,0
1790179793212,1
1790179793212,0
1790179793311,1
1790179793312,0
1790179793408,1
1790179793408,0
1790179793509,1
1790179793509,0
1790179793705,1
1790179793706,0
1790179794000,1
1790179794000,0
1790179794365,1
1790179794365,0
1790179794392,1
1790179794409,0
1790179794490,1
1790179794491,0
1790179794511,1
1790179794534,0
1790179794536,1
1790179794536,0
1790179794561,1
1790179794561,0
1790179794586,1
1790179794586,0
1790179795120,1
1790179795120,0
1790179795145,1
1790179795168,0
1790179795381,1
1790179795381,0
1790179795557,1
1790179795557,0
1790179795627,1
1790179795627,0
1790179795730,1
1790179795730,0
1790179795826,1
1790179795826,0
1790179796330,1
1790179796330,0
1790179796354,1
1790179796378,2
1790179796385,1
1790179796405,2
1790179796428,1
1790179796429,0
1790179796449,1
1790179796449,0
1790179796478,1
1790179796507,0
1790179796656,1
1790179796656,0
1790179796674,1
1790179796694,2
1790179796716,1
1790179796763,0
1790179797510,1
1790179797510,0
1790179797530,1
1790179797555,2
1790179797558,1
1790179797558,0
1790179797851,1
1790179797851,0
1790179798444,1
1790179798444,0
1790179798465,1
1790179798489,2
1790179798491,1
1790179798492,0
1790179798613,1
1790179798613,0
1790179798832,1
1790179798832,0
1790179798861,1
1790179798889,0
1790179798986,1
1790179798986,0
1790179799051,1
1790179799051,0
1790179799440,1
1790179799440,0
1790179799464,1
1790179799482,0
1790179799490,1
1790179799524,0
1790179799688,1
1790179799688,0
1790179799713,1
1790179799730,0
1790179800629,1
1790179800629,0
1790179800739,1
1790179800739,0
1790179800762,1
1790179800787,2
1790179800787,1
1790179800787,0
1790179800884,1
1790179800884,0
1790179801413,1
1790179801413,0
1790179801436,1
1790179801455,0
1790179801460,1
1790179801460,0
1790179801486,1
1790179801486,0
1790179801752,1
1790179801753,0
1790179801778,1
1790179801794,0
1790179801824,1
1790179801825,0
1790179802023,1
1790179802023,0
1790179802218,1
1790179802218,0
1790179802243,1
1790179802263,0
1790179802308,1
1790179802308,0
1790179802331,1
1790179802354,2
1790179802356,1
1790179802379,2
1790179802399,1
1790179802399,0
1790179802405,1
1790179802405,0
1790179802428,1
1790179802428,0
1790179802503,1
1790179802503,0
1790179802523,1
1790179802544,0
1790179802880,1
1790179802880,0
1790179803187,1
1790179803188,0
1790179803237,1
1790179803237,0
1790179803262,1
1790179803279,0
1790179803288,1
1790179803288,0
1790179803307,1
1790179803307,0
1790179803383,1
1790179803383,0
1790179803646,1
1790179803646,0
1790179803696,1
1790179803696,0
1790179803716,1
1790179803738,0
1790179803744,1
1790179803744,0
1790179803769,1
1790179803769,0
1790179803841,1
1790179803841,0
1790179804012,1
1790179804012,0
1790179804158,1
1790179804158,0
1790179804178,1
1790179804198,2
1790179804203,1
1790179804203,0
1790179804219,1
1790179804219,0
1790179804320,1
1790179804320,0
1790179804341,1
1790179804361,0
1790179804480,1
1790179804480,0
1790179804508,1
1790179804522,0
1790179804533,1
1790179804533,0
1790179804604,1
1790179804604,0
1790179804627,1
1790179804648,0
1790179804654,1
1790179804654,0
1790179804674,1
1790179804674,0
1790179804840,1
1790179804840,0
1790179804865,1
1790179804884,0
1790179804890,1
1790179804890,0
1790179805006,1
1790179805006,0
1790179805373,1
1790179805373,0
1790179805517,1
1790179805517,0
1790179805544,1
1790179805558,0
1790179805569,1
1790179805569,0
1790179805593,1
1790179805593,0
1790179805685,1
1790179805685,0
1790179805709,1
1790179805728,0
1790179805852,1
1790179805852,0
1790179805874,1
1790179805894,0
1790179805900,1
1790179805900,0
1790179805948,1
1790179805948,0
1790179806683,1
1790179806683,0
1790179806708,1
1790179806728,0
1790179806730,1
1790179806730,0
1790179806828,1
1790179806828,0
1790179806851,1
1790179806872,0
1790179807249,1
1790179807249,0
1790179807269,1
1790179807291,0
1790179807828,1
1790179807828,0
1790179807853,1
1790179807872,0
1790179807878,1
1790179807878,0
1790179807903,1
1790179807903,0
1790179808149,1
1790179808149,0
1790179808248,1
1790179808249,0
1790179808466,1
1790179808466,0
1790179808482,1
1790179808509,0
1790179809148,1
1790179809148,0
1790179809318,1
1790179809318,0
1790179809366,1
1790179809367,0
1790179809606,1
1790179809606,0
1790179810283,1
1790179810284,0
1790179810310,1
1790179810325,0
1790179810334,1
1790179810373,0
1790179810522,1
1790179810522,0
1790179810551,1
1790179810564,0
1790179810766,1
1790179810766,0
1790179810796,1
1790179810811,0
1790179811476,1
1790179811476,0
1790179811498,1
1790179811522,0
1790179811748,1
1790179811749,0
1790179811873,1
1790179811873,0
1790179811893,1
1790179811915,0
1790179811973,1
1790179811973,0
1790179812095,1
1790179812096,0
1790179812215,1
1790179812215,0
1790179812313,1
1790179812313,0
1790179812458,1
1790179812458,0
1790179812482,1
1790179812504,0
1790179812508,1
1790179812508,0
1790179812528,1
1790179812528,0
1790179812578,1
1790179812578,0
1790179812770,1
1790179812770,0
1790179812840,1
1790179812841,0
1790179813033,1
1790179813033,0
1790179813078,1
1790179813080,0
1790179813103,1
1790179813124,0
1790179813475,1
1790179813475,0
1790179814406,1
1790179814406,0
1790179814431,1
1790179814459,0
1790179814481,1
1790179814502,0
1790179814505,1
1790179814544,0
1790179814745,1
1790179814745,0
1790179814908,1
1790179814908,0
1790179814987,1
1790179814987,0
1790179815200,1
1790179815200,0
1790179815310,1
1790179815310,0
1790179815601,1
1790179815601,0
1790179815674,1
1790179815674,0
1790179815700,1
1790179815716,0
1790179815725,1
1790179815725,0
1790179815747,1
1790179815747,0
1790179815913,1
1790179815913,0
1790179815934,1
1790179815957,0
1790179815960,1
1790179815960,0
1790179816060,1
1790179816060,0
1790179816815,1
1790179816815,0
1790179816912,1
1790179816912,0
1790179816988,1
1790179816988,0
1790179817181,1
1790179817181,0
1790179817753,1
1790179817753,0
1790179817780,1
1790179817801,0
1790179817802,1
1790179817802,0
1790179817944,1
1790179817944,0
1790179818085,1
1790179818085,0
1790179818183,1
1790179818183,0
1790179818302,1
1790179818302,0
1790179818329,1
1790179818346,0
1790179818664,1
1790179818664,0
1790179818689,1
1790179818707,0
1790179818714,1
1790179818714,0
1790179819023,1
1790179819023,0
1790179819048,1
1790179819065,0
1790179819073,1
1790179819112,0
1790179819195,1
1790179819195,0
1790179819314,1
1790179819314,0
1790179819461,1
1790179819461,0
1790179819658,1
1790179819658,0
