1790179562766,1
1790179562771,0
1790179562798,1
1790179562959,2
1790179563017,1
1790179563018,0
1790179563285,1
1790179563285,0
1790179563774,1
1790179563774,0
1790179563834,1
1790179563850,0
1790179563940,1
1790179563940,0
1790179564045,1
1790179564046,0
1790179564105,1
1790179564106,0
1790179564158,1
1790179564158,0
1790179564215,1
1790179564215,0
1790179564594,1
1790179564594,0
1790179564645,1
1790179564670,0
1790179564695,0
1790179564696,0
1790179565840,1
1790179565840,0
1790179565890,1
1790179565905,0
1790179565948,1
1790179565948,0
1790179567457,1
1790179567457,0
1790179567894,1
1790179567894,0
1790179567946,1
1790179567946,0
1790179568443,1
1790179568443,0
1790179568545,1
1790179568545,0
1790179568599,1
1790179568599,0
1790179568703,1
1790179568703,0
1790179568755,1
1790179568755,0
1790179568808,1
1790179568808,0
1790179568920,1
1790179568920,0
1790179568978,1
1790179568979,0
1790179569466,1
1790179569466,0
1790179569573,1
1790179569573,0
1790179569631,1
1790179569631,0
1790179569740,1
1790179569741,0
1790179569793,1
1790179569793,0
1790179569847,1
1790179569847,0
1790179570062,1
1790179570062,0
1790179570601,1
1790179570601,0
1790179570657,1
1790179570657,0
1790179570930,1
1790179570930,0
1790179571151,1
1790179571151,0
1790179571201,1
1790179571201,0
1790179571635,1
1790179571636,0
1790179571690,1
1790179571690,0
1790179571968,1
1790179571968,0
1790179572292,1
1790179572292,0
1790179572341,1
1790179572341,0
1790179572397,1
1790179572397,0
1790179572453,1
1790179572453,0
1790179573655,1
1790179573656,0
1790179573710,1
1790179573710,0
1790179573765,1
1790179573765,0
1790179574581,1
1790179574581,0
1790179574634,1
1790179574637,0
1790179575234,1
1790179575234,0
1790179575389,1
1790179575389,0
1790179575440,1
1790179575441,0
1790179575495,1
1790179575496,0
1790179575556,1
1790179575556,0
1790179575662,1
1790179575662,0
1790179576262,1
1790179576263,0
1790179576423,1
1790179576424,0
1790179576478,1
1790179576479,0
1790179576541,1
1790179576541,0
1790179576593,1
1790179576593,0
1790179576646,1
1790179576647,0
1790179576813,1
1790179576814,0
1790179576867,1
1790179576867,0
1790179578849,1
1790179578849,0
1790179579439,1
1790179579439,0
1790179579489,1
1790179579489,0
1790179579919,1
1790179579919,0
1790179579966,1
1790179579966,0
1790179580026,1
1790179580026,0
1790179580076,1
1790179580076,0
1790179580134,1
1790179580134,0
1790179580198,1
1790179580198,0
1790179580296,1
1790179580296,0
1790179580351,1
1790179580363,0
1790179580898,1
1790179580898,0
1790179581334,1
1790179581334,0
1790179581388,1
1790179581388,0
1790179581443,1
1790179581444,0
1790179582305,1
1790179582306,0
1790179582957,1
1790179582957,0
1790179583011,1
1790179583012,0
1790179583064,1
1790179583064,0
1790179583173,1
1790179583173,0
1790179583227,1
1790179583227,0
1790179583281,1
1790179583281,0
1790179584028,1
1790179584028,0
1790179584086,1
1790179584086,0
1790179584360,1
1790179584360,0
1790179584514,1
1790179584514,0
1790179584899,1
1790179584900,0
1790179585009,1
1790179585009,0
1790179585063,1
1790179585063,0
1790179585118,1
1790179585119,0
1790179585548,1
1790179585548,0
1790179586096,1
1790179586096,0
1790179586154,1
1790179586155,0
1790179586743,1
1790179586743,0
1790179586798,1
1790179586798,0
1790179586854,1
1790179586854,0
1790179586906,1
1790179586906,0
1790179587018,1
1790179587019,0
1790179587455,1
1790179587455,0
1790179587504,1
1790179587505,0
1790179587555,1
1790179587555,0
1790179587664,1
1790179587664,0
1790179587768,1
1790179587768,0
1790179587822,1
1790179587822,0
1790179587875,1
1790179587875,0
1790179587933,1
1790179587933,0
1790179588641,1
1790179588641,0
1790179589348,1
1790179589348,0
1790179589400,1
1790179589400,0
1790179589455,1
1790179589456,0
1790179589510,1
1790179589511,0
1790179591134,1
1790179591134,0
1790179591245,1
1790179591245,0
1790179591299,1
1790179591299,0
1790179591892,1
1790179591893,0
1790179591945,1
1790179591945,0
1790179592004,1
1790179592005,0
1790179592059,1
1790179592059,0
1790179592438,1
1790179592439,0
1790179592493,0
1790179592494,0
1790179592549,1
1790179592549,0
1790179593298,1
1790179593298,0
1790179593355,0
1790179593358,0
1790179593411,0
1790179593411,0
1790179593631,1
1790179593631,0
1790179594333,1
1790179594333,0
1790179594386,1
1790179594386,0
1790179594815,1
1790179594815,0
1790179595193,1
1790179595194,0
1790179595252,1
1790179595266,0
1790179595512,1
1790179595512,0
1790179595566,1
1790179595566,0
1790179595621,1
1790179595621,0
1790179595674,1
1790179595674,0
1790179596970,1
1790179596970,0
1790179597558,1
1790179597558,0
1790179597613,1
1790179597634,0
1790179597670,1
1790179597670,0
1790179598752,1
1790179598753,0
1790179598963,1
1790179598964,0
1790179599281,1
1790179599282,0
1790179599330,1
1790179599340,0
1790179599825,1
1790179599825,0
1790179599877,1
1790179599878,0
1790179599987,1
1790179599987,0
1790179600964,1
1790179600964,0
1790179601331,1
1790179601331,0
1790179601441,1
1790179601441,0
1790179602156,1
1790179602156,0
1790179602208,1
1790179602208,0
1790179602262,1
1790179602262,0
1790179602309,1
1790179602309,0
1790179602919,1
1790179602920,0
1790179602972,1
1790179602973,0
1790179603191,1
1790179603192,0
1790179603246,1
1790179603246,0
1790179603304,1
1790179603304,0
1790179603354,1
1790179603354,0
1790179604069,1
1790179604069,0
1790179604606,1
1790179604606,0
1790179604661,1
1790179604661,0
1790179606127,1
1790179606127,0
1790179606180,1
1790179606181,0
1790179606292,1
1790179606292,0
1790179606345,1
1790179606345,0
1790179606400,1
1790179606400,0
1790179606454,1
1790179606454,0
1790179606568,1
1790179606568,0
1790179606780,1
1790179606780,0
1790179607874,1
1790179607874,0
1790179607924,1
1790179607924,0
1790179607983,1
1790179607983,0
1790179608300,1
1790179608300,0
1790179608906,1
1790179608906,0
1790179608959,1
1790179608960,0
1790179609009,1
1790179609009,0
1790179610090,1
1790179610090,0
1790179611934,1
1790179611934,0
1790179611987,1
1790179611987,0
1790179612042,1
1790179612042,0
1790179612097,1
1790179612097,0
1790179612369,1
1790179612369,0
1790179612966,1
1790179612966,0
1790179613020,1
1790179613021,0
1790179613076,1
1790179613077,0
1790179613128,1
1790179613128,0
1790179613183,1
1790179613184,0
1790179614047,1
1790179614048,0
1790179614097,1
1790179614097,0
1790179614153,1
1790179614153,0
1790179614749,1
1790179614750,0
1790179615068,1
1790179615068,0
1790179615126,1
1790179615126,0
1790179615180,1
1790179615180,0
1790179615285,1
1790179615285,0
1790179615343,1
1790179615343,0
1790179615501,1
1790179615501,0
1790179616321,1
1790179616321,0
1790179616374,1
1790179616374,0
1790179616593,1
1790179616593,0
1790179616647,1
1790179616647,0
1790179616698,1
1790179616698,0
1790179616757,1
1790179616757,0
1790179616975,1
1790179616975,0
1790179617025,1
1790179617025,0
1790179617450,1
1790179617450,0
1790179617556,1
1790179617556,0
1790179617609,1
1790179617609,0
1790179617664,1
1790179617664,0
1790179617716,1
1790179617716,0
1790179617766,1
1790179617766,0
1790179617821,1
1790179617821,0
1790179617927,1
1790179617927,0
1790179617981,1
1790179617981,0
1790179618037,1
1790179618037,0
1790179618840,1
1790179618840,0
1790179618941,1
1790179618941,0
1790179619376,1
1790179619377,0
1790179619419,1
1790179619422,0
1790179619587,1
1790179619587,0
1790179619641,1
1790179619641,0
1790179619699,1
1790179619699,0
1790179619750,1
1790179619750,0
1790179619804,1
1790179619804,0
1790179619859,1
1790179619859,0
1790179619914,1
1790179619914,0
1790179620342,1
1790179620342,0
1790179620552,1
1790179620552,0
1790179621208,1
1790179621208,0
1790179621263,1
1790179621263,0
1790179621314,1
1790179621314,0
1790179621584,1
1790179621584,0
1790179621636,1
1790179621636,0
1790179622067,1
1790179622068,0
1790179622117,1
1790179622117,0
1790179622658,1
1790179622658,0
1790179622708,1
1790179622709,0
1790179622760,1
1790179622760,0
1790179622814,1
1790179622814,0
1790179622863,1
1790179622863,0
1790179622921,1
1790179622921,0
1790179623088,1
1790179623088,0
1790179623140,1
1790179623140,0
1790179624601,1
1790179624601,0
1790179625306,1
1790179625306,0
1790179625361,1
1790179625361,0
1790179625417,1
1790179625417,0
1790179626051,1
1790179626051,0
1790179626267,1
1790179626267,0
1790179627083,1
1790179627083,0
1790179627138,0
1790179627142,0
1790179627294,1
1790179627295,0
1790179627513,1
1790179627513,0
1790179629137,1
1790179629137,0
1790179629405,1
1790179629405,0
1790179629461,1
1790179629461,0
1790179629516,1
1790179629516,0
1790179629624,1
1790179629624,0
1790179629680,1
1790179629680,0
1790179629842,1
1790179629842,0
1790179630218,1
1790179630218,0
1790179630272,1
1790179630272,0
1790179630320,1
1790179630320,0
1790179630434,1
1790179630434,0
1790179630483,1
1790179630483,0
1790179630539,1
1790179630539,0
1790179630599,1
1790179630599,0
1790179631145,1
1790179631145,0
1790179631249,1
1790179631249,0
1790179631632,1
1790179631632,0
1790179631913,1
1790179631913,0
1790179632173,1
1790179632174,0
1790179633252,1
1790179633252,0
1790179633748,1
1790179633748,0
1790179633800,1
1790179633800,0
1790179633907,1
1790179633907,0
1790179633957,1
1790179633957,0
1790179635044,1
1790179635044,0
1790179635098,1
1790179635098,0
1790179635155,1
1790179635155,0
1790179635209,1
1790179635214,0
1790179635373,1
1790179635373,0
1790179636084,1
1790179636084,0
1790179636138,1
1790179636138,0
1790179636193,1
1790179636193,0
1790179636247,1
1790179636247,0
1790179636301,1
1790179636309,0
1790179636409,1
1790179636409,0
1790179636945,1
1790179636945,0
1790179637051,1
1790179637051,0
1790179637868,1
1790179637868,0
1790179637924,1
1790179637924,0
1790179638352,1
1790179638352,0
1790179638512,1
1790179638512,0
1790179638569,1
1790179638569,0
1790179639658,1
1790179639658,0
1790179639713,1
1790179639713,0
1790179639769,1
1790179639769,0
1790179639821,1
1790179639821,0
1790179640689,1
1790179640689,0
1790179640743,1
1790179640743,0
1790179640798,1
1790179640798,0
1790179640854,1
1790179640854,0
1790179641451,1
1790179641451,0
1790179641505,1
1790179641516,0
1790179641616,1
1790179641616,0
1790179641668,1
1790179641668,0
1790179642105,1
1790179642105,0
1790179642646,1
1790179642646,0
1790179642698,1
1790179642698,0
1790179642753,1
1790179642753,0
1790179643028,1
1790179643029,0
1790179643079,1
1790179643079,0
1790179643188,1
1790179643188,0
1790179643616,1
1790179643617,0
1790179643675,1
1790179643675,0
1790179643731,1
1790179643731,0
1790179643839,1
1790179643839,0
1790179643888,1
1790179643889,0
1790179643943,1
1790179643943,0
1790179644597,1
1790179644598,0
1790179644702,1
1790179644702,0
1790179644756,1
1790179644780,0
1790179644865,1
1790179644865,0
1790179644915,1
1790179644915,0
1790179644972,1
1790179644972,0
1790179646055,1
1790179646055,0
1790179646105,1
1790179646110,0
1790179646160,1
1790179646160,0
1790179646757,1
1790179646757,0
1790179646809,1
1790179646809,0
1790179647082,1
1790179647082,0
1790179647137,1
1790179647145,0
1790179647185,1
1790179647192,0
1790179648159,1
1790179648159,0
1790179648216,1
1790179648216,0
1790179648269,1
1790179648269,0
1790179648650,1
1790179648650,0
1790179649472,1
1790179649472,0
1790179649524,1
1790179649524,0
1790179649585,1
1790179649585,0
1790179649637,1
1790179649647,0
1790179650237,1
1790179650237,0
1790179650294,1
1790179650294,0
1790179651767,1
1790179651767,0
1790179652423,1
1790179652423,0
1790179652476,1
1790179652479,0
1790179652848,1
1790179652848,0
1790179652963,1
1790179652963,0
1790179653017,1
1790179653018,0
1790179653072,1
1790179653073,0
1790179653128,1
1790179653129,0
1790179653183,1
1790179653183,0
1790179653234,1
1790179653238,0
1790179653290,1
1790179653290,0
1790179653449,1
1790179653449,0
1790179653830,1
1790179653830,0
1790179653880,1
1790179653889,0
1790179654656,1
1790179654656,0
1790179654710,1
1790179654711,0
1790179654766,1
1790179654766,0
1790179654820,1
1790179654820,0
1790179654926,1
1790179654926,0
1790179655147,1
1790179655147,0
1790179656002,1
1790179656002,0
1790179656164,1
1790179656164,0
1790179656441,1
1790179656441,0
1790179656494,1
1790179656494,0
1790179656715,1
1790179656715,0
1790179656766,1
1790179656766,0
1790179656822,1
1790179656822,0
1790179656873,1
1790179656873,0
1790179656981,1
1790179656981,0
1790179657460,1
1790179657460,0
1790179657511,1
1790179657511,0
1790179658217,1
1790179658217,0
1790179658439,1
1790179658439,0
1790179658973,1
1790179658974,0
1790179659136,1
1790179659136,0
1790179659188,1
1790179659188,0
1790179659732,1
1790179659732,0
1790179660115,1
1790179660115,0
1790179660330,1
1790179660330,0
1790179660385,1
1790179660385,0
1790179660439,1
1790179660439,0
1790179661099,1
1790179661099,0
1790179661201,1
1790179661201,0
1790179661260,1
1790179661260,0
1790179661316,1
1790179661316,0
1790179661591,1
1790179661591,0
1790179661642,1
1790179661643,0
1790179661700,1
1790179661701,0
1790179661801,1
1790179661801,0
1790179662176,1
1790179662176,0
1790179662343,1
1790179662344,0
1790179663210,1
1790179663210,0
1790179663641,1
1790179663641,0
1790179663687,1
1790179663695,0
1790179663796,1
1790179663797,0
1790179663852,1
1790179663852,0
1790179664235,1
1790179664235,0
1790179665142,1
1790179665143,0
1790179666229,1
1790179666229,0
1790179666284,1
1790179666284,0
1790179667311,1
1790179667311,0
1790179667465,1
1790179667465,0
1790179667735,1
1790179667735,0
1790179667785,1
1790179667791,0
1790179668547,1
1790179668547,0
1790179668602,1
1790179668602,0
1790179668656,1
1790179668656,0
1790179668928,1
1790179668928,0
1790179669039,1
1790179669039,0
1790179669096,1
1790179669096,0
1790179669149,1
1790179669150,0
1790179669202,1
1790179669203,0
1790179669304,1
1790179669304,0
1790179669414,1
1790179669414,0
1790179669473,1
1790179669473,0
1790179669790,1
1790179669790,0
1790179669848,1
1790179669848,0
1790179669956,1
1790179669956,0
1790179670006,1
1790179670028,0
1790179670275,1
1790179670275,0
1790179670543,1
1790179670543,0
1790179671096,1
1790179671096,0
1790179671151,1
1790179671151,0
1790179671201,1
1790179671202,0
1790179671261,1
1790179671261,0
1790179671585,1
1790179671586,0
1790179671806,1
1790179671806,0
1790179671855,1
1790179671859,0
1790179671911,1
1790179671911,0
1790179671965,1
1790179671965,0
1790179672602,1
1790179672603,0
1790179672874,1
1790179672874,0
1790179672926,1
1790179672929,0
1790179673144,1
1790179673144,0
1790179673198,1
1790179673200,0
1790179673249,1
1790179673249,0
1790179673305,1
1790179673305,0
1790179674006,1
1790179674006,0
1790179674116,1
1790179674116,0
1790179674171,1
1790179674171,0
1790179674222,1
1790179674225,0
1790179674277,1
1790179674277,0
1790179674330,1
1790179674330,0
1790179674707,1
1790179674707,0
1790179674762,1
1790179674762,0
1790179674817,1
1790179674817,0
1790179674872,1
1790179674872,0
1790179675035,1
1790179675035,0
1790179675464,1
1790179675464,0
1790179675519,1
1790179675519,0
1790179676074,1
1790179676074,0
1790179676127,1
1790179676127,0
1790179677098,1
1790179677098,0
1790179677152,1
1790179677152,0
1790179677206,1
1790179677206,0
1790179677528,1
1790179677528,0
1790179677800,1
1790179677800,0
1790179677856,1
1790179677856,0
1790179677907,1
1790179677910,0
1790179678173,1
1790179678173,0
1790179678553,1
1790179678553,0
1790179680186,1
1790179680187,0
1790179680297,1
1790179680297,0
1790179681222,1
1790179681222,0
1790179681759,1
1790179681759,0
1790179681812,1
1790179681812,0
1790179681919,1
1790179681919,0
1790179681969,1
1790179681969,0
1790179682025,1
1790179682025,0
1790179682077,1
1790179682093,0
1790179682348,1
1790179682348,0
1790179683156,1
1790179683156,0
1790179683211,1
1790179683213,0
1790179683261,1
1790179683261,0
1790179683368,1
1790179683368,0
1790179684174,1
1790179684174,0
1790179684227,1
1790179684227,0
1790179684282,1
1790179684286,0
1790179685136,1
1790179685136,0
1790179685192,1
1790179685205,0
1790179685244,1
1790179685250,0
1790179685302,1
1790179685307,0
1790179685402,1
1790179685402,0
1790179685460,1
1790179685460,0
1790179685511,1
1790179685516,0
1790179685568,1
1790179685568,0
1790179685622,1
1790179685622,0
1790179686486,1
1790179686486,0
1790179686543,1
1790179686543,0
1790179686596,1
1790179686596,0
1790179686646,1
1790179686646,0
1790179686809,1
1790179686809,0
1790179687026,1
1790179687027,0
1790179687076,1
1790179687085,0
1790179687127,1
1790179687130,0
1790179687349,1
1790179687349,0
1790179687398,1
1790179687406,0
1790179687457,1
1790179687457,0
1790179688367,1
1790179688368,0
1790179688416,1
1790179688422,0
1790179688528,1
1790179688528,0
1790179688583,1
1790179688583,0
1790179688634,1
1790179688634,0
1790179688691,1
1790179688692,0
1790179688853,1
1790179688853,0
1790179689015,1
1790179689015,0
1790179689069,1
1790179689069,0
1790179689121,1
1790179689121,0
1790179689178,1
1790179689178,0
1790179689389,1
1790179689389,0
1790179690258,1
1790179690258,0
1790179690580,1
1790179690580,0
1790179690634,1
1790179690634,0
1790179690689,1
1790179690689,0
1790179690744,1
1790179690744,0
1790179690959,1
1790179690959,0
1790179691014,1
1790179691014,0
1790179691286,1
1790179691286,0
1790179694153,1
1790179694153,0
1790179694372,1
1790179694372,0
1790179694427,1
1790179694430,0
1790179694482,1
1790179694482,0
1790179694535,1
1790179694535,0
1790179694647,1
1790179694647,0
1790179694695,1
1790179694695,0
1790179694750,1
1790179694750,0
1790179694804,1
1790179694804,0
1790179694857,1
1790179694857,0
1790179695185,1
1790179695185,0
1790179695674,1
1790179695674,0
1790179695947,1
1790179695948,0
1790179696222,1
1790179696222,0
1790179697254,1
1790179697254,0
1790179697681,1
1790179697681,0
1790179698066,1
1790179698067,0
1790179698120,1
1790179698121,0
1790179698285,1
1790179698285,0
1790179698340,1
1790179698340,0
1790179698394,1
1790179698394,0
1790179698451,1
1790179698451,0
1790179699108,1
1790179699108,0
1790179699215,1
1790179699215,0
1790179699271,1
1790179699271,0
1790179699534,1
1790179699534,0
1790179699858,1
1790179699858,0
1790179699909,1
1790179699909,0
1790179699964,1
1790179699964,0
1790179700019,1
1790179700019,0
1790179700713,1
1790179700713,0
1790179701092,1
1790179701092,0
1790179701143,1
1790179701154,0
1790179701793,1
1790179701793,0
1790179702383,1
1790179702383,0
1790179702871,1
1790179702871,0
1790179702920,1
1790179702920,0
1790179702974,1
1790179702974,0
1790179703031,1
1790179703031,0
1790179703085,1
1790179703085,0
1790179704223,1
1790179704223,0
1790179704498,1
1790179704498,0
1790179704553,1
1790179704553,0
1790179704608,1
1790179704608,0
1790179705757,1
1790179705758,0
1790179705808,1
1790179705808,0
1790179706240,1
1790179706240,0
1790179706290,1
1790179706307,0
1790179706403,1
1790179706403,0
1790179706457,1
1790179706457,0
1790179706512,1
1790179706512,0
1790179706778,1
1790179706779,0
1790179706836,1
1790179706836,0
1790179706993,1
1790179706994,0
1790179707372,1
1790179707372,0
1790179707527,1
1790179707527,0
1790179707581,1
1790179707582,0
1790179707635,1
1790179707635,0
1790179707692,1
1790179707692,0
1790179707802,1
1790179707802,0
1790179707852,1
1790179707852,0
1790179708067,1
1790179708067,0
1790179708120,1
1790179708120,0
1790179708175,1
1790179708175,0
1790179708226,1
1790179708226,0
1790179708340,1
1790179708340,0
1790179708610,1
1790179708610,0
1790179708665,1
1790179708665,0
1790179708721,1
1790179708721,0
1790179709094,1
1790179709094,0
1790179709148,1
1790179709149,0
1790179709202,1
1790179709202,0
1790179709257,1
1790179709257,0
1790179709365,1
1790179709365,0
1790179709473,1
1790179709473,0
1790179709523,1
1790179709524,0
1790179710815,1
1790179710815,0
1790179711691,1
1790179711691,0
1790179711743,1
1790179711743,0
1790179711796,1
1790179711796,0
1790179712181,1
1790179712181,0
1790179712232,1
1790179712232,0
1790179712289,1
1790179712290,0
1790179712345,1
1790179712345,0
1790179712505,1
1790179712505,0
1790179712722,1
1790179712722,0
1790179712777,1
1790179712777,0
1790179712830,1
1790179712830,0
1790179713052,1
1790179713052,0
1790179713101,1
1790179713102,0
1790179715549,1
1790179715549,0
1790179716624,1
1790179716624,0
1790179716675,1
1790179716675,0
1790179716732,1
1790179716732,0
1790179716785,1
1790179716785,0
1790179717273,1
1790179717273,0
1790179718085,1
1790179718085,0
1790179718140,1
1790179718140,0
1790179718247,1
1790179718247,0
1790179719225,1
1790179719225,0
1790179719279,1
1790179719279,0
1790179719594,1
1790179719594,0
1790179719703,1
1790179719703,0
1790179719756,1
1790179719757,0
1790179719816,1
1790179719816,0
1790179719926,1
1790179719926,0
1790179719981,1
1790179719981,0
1790179720036,1
1790179720036,0
1790179720902,1
1790179720902,0
1790179721830,1
1790179721830,0
1790179721884,1
1790179721884,0
1790179722202,1
1790179722202,0
1790179722257,1
1790179722257,0
1790179722472,1
1790179722472,0
1790179722523,1
1790179722523,0
1790179722579,1
1790179722579,0
1790179722629,1
1790179722629,0
1790179722789,1
1790179722789,0
1790179722952,1
1790179722952,0
1790179723822,1
1790179723822,0
1790179725829,1
1790179725829,0
1790179726311,1
1790179726311,0
1790179726362,1
1790179726362,0
1790179726953,1
1790179726953,0
1790179727008,1
1790179727008,0
1790179727594,1
1790179727594,0
1790179727649,1
1790179727649,0
1790179727702,1
1790179727702,0
1790179727754,1
1790179727754,0
1790179727805,1
1790179727805,0
1790179727915,1
1790179727916,0
1790179728838,1
1790179728838,0
1790179729483,1
1790179729483,0
1790179729866,1
1790179729866,0
1790179730629,1
1790179730629,0
1790179730686,1
1790179730686,0
1790179730736,1
1790179730738,0
1790179730800,1
1790179730800,0
1790179730843,1
1790179730843,0
1790179731450,1
1790179731450,0
1790179731501,1
1790179731501,0
1790179731553,1
1790179731553,0
1790179731718,1
1790179731718,0
1790179731770,1
1790179731770,0
1790179731828,1
1790179731828,0
1790179731877,1
1790179731877,0
1790179732041,1
1790179732042,0
