1790179830484,1
1790179830489,0
1790179830720,1
1790179830732,0
1790179830932,1
1790179830933,0
1790179830987,1
1790179830990,0
1790179831044,1
1790179831044,0
1790179831147,1
1790179831147,0
1790179831256,1
1790179831256,0
1790179831318,1
1790179831342,0
1790179831370,1
1790179831371,0
1790179831424,1
1790179831424,0
1790179831475,1
1790179831475,0
1790179831531,1
1790179831544,0
1790179831752,1
1790179831753,0
1790179832184,1
1790179832185,0
1790179832679,1
1790179832679,0
1790179832730,1
1790179832731,0
1790179833167,1
1790179833167,0
1790179833725,1
1790179833726,0
1790179833770,1
1790179833772,0
1790179834106,1
1790179834106,0
1790179834154,1
1790179834164,0
1790179834211,1
1790179834211,0
1790179834869,1
1790179834869,0
1790179835088,1
1790179835088,0
1790179835687,1
1790179835687,0
1790179836178,1
1790179836178,0
1790179836234,1
1790179836234,0
1790179836341,1
1790179836341,0
1790179836451,1
1790179836451,0
1790179836505,1
1790179836505,0
1790179836566,1
1790179836566,0
1790179836616,1
1790179836616,0
1790179837386,1
1790179837386,0
1790179837444,1
1790179837445,0
1790179837497,1
1790179837497,0
1790179837552,1
1790179837552,0
1790179837605,1
1790179837605,0
1790179837660,1
1790179837660,0
1790179837716,1
1790179837716,0
1790179837993,1
1790179837993,0
1790179838207,1
1790179838207,0
1790179838519,1
1790179838519,0
1790179838574,1
1790179838574,0
1790179838631,1
1790179838631,0
1790179838685,1
1790179838685,0
1790179839234,1
1790179839234,0
1790179839559,1
1790179839559,0
1790179839611,1
1790179839611,0
1790179839666,1
1790179839666,0
1790179839717,1
1790179839717,0
1790179839775,1
1790179839775,0
1790179840106,1
1790179840107,0
1790179840165,1
1790179840165,0
1790179840217,1
1790179840217,0
1790179840321,1
1790179840321,0
1790179840378,1
1790179840378,0
1790179841476,1
1790179841477,0
1790179841526,1
1790179841528,0
1790179841907,1
1790179841907,0
1790179842559,1
1790179842559,0
1790179843166,1
1790179843168,0
1790179843222,1
1790179843222,0
1790179843273,1
1790179843273,0
1790179843321,1
1790179843322,0
1790179843532,1
1790179843533,0
1790179844455,1
1790179844455,0
1790179844507,1
1790179844523,0
1790179844949,1
1790179844950,0
1790179845428,1
1790179845428,0
1790179845644,1
1790179845644,0
1790179846036,1
1790179846036,0
1790179847010,1
1790179847010,0
1790179848221,1
1790179848222,0
1790179848271,1
1790179848271,0
1790179848319,1
1790179848319,0
1790179848376,1
1790179848376,0
1790179848432,1
1790179848432,0
1790179848487,1
1790179848487,0
1790179848703,1
1790179848703,0
1790179849563,1
1790179849563,0
1790179849893,1
1790179849893,0
1790179849950,1
1790179849953,0
1790179850003,1
1790179850003,0
1790179850061,1
1790179850061,0
1790179850116,1
1790179850116,0
1790179850171,1
1790179850171,0
1790179850384,1
1790179850384,0
1790179851205,1
1790179851205,0
1790179852182,1
1790179852183,0
1790179852727,1
1790179852727,0
1790179852783,1
1790179852783,0
1790179853218,1
1790179853218,0
1790179853926,1
1790179853926,0
1790179854750,1
1790179854750,0
1790179855397,1
1790179855397,0
1790179856954,1
1790179856956,0
1790179857343,1
1790179857343,0
1790179857505,1
1790179857505,0
1790179857562,1
1790179857562,0
1790179857616,1
1790179857616,0
1790179857667,1
1790179857667,0
1790179857724,1
1790179857742,0
1790179857782,1
1790179857782,0
1790179858103,1
1790179858103,0
1790179858435,1
1790179858435,0
1790179858546,1
1790179858546,0
1790179858599,1
1790179858617,0
1790179859094,1
1790179859094,0
1790179859684,1
1790179859684,0
1790179862138,1
1790179862138,0
1790179862183,1
1790179862209,0
1790179862286,1
1790179862286,0
1790179863312,1
1790179863312,0
1790179863422,1
1790179863422,0
1790179863477,1
1790179863477,0
1790179863529,1
1790179863529,0
1790179863585,1
1790179863586,0
1790179864121,1
1790179864121,0
1790179864819,1
1790179864819,0
1790179864880,1
1790179864880,0
1790179866178,1
1790179866178,0
1790179867260,1
1790179867260,0
1790179867315,1
1790179867331,0
1790179867527,1
1790179867527,0
1790179867581,1
1790179867581,0
1790179867638,0
1790179867638,0
1790179867696,1
1790179867696,0
1790179867805,1
1790179867806,0
1790179868291,0
1790179868294,0
1790179868341,0
1790179868341,0
1790179868934,1
1790179868935,0
1790179868993,1
1790179868993,0
1790179869044,0
1790179869044,0
1790179870138,1
1790179870138,0
1790179870192,1
1790179870211,0
1790179870248,1
1790179870249,0
1790179871008,1
1790179871008,0
1790179871063,1
1790179871063,0
1790179871173,1
1790179871173,0
1790179871223,1
1790179871251,0
1790179871277,1
1790179871277,0
1790179871550,1
1790179871550,0
1790179872146,1
1790179872146,0
1790179872913,1
1790179872913,0
1790179872967,1
1790179872976,0
1790179873188,1
1790179873188,0
1790179874222,1
1790179874222,0
1790179875137,1
1790179875137,0
1790179875189,1
1790179875189,0
1790179876112,1
1790179876112,0
1790179876165,1
1790179876165,0
1790179876221,1
1790179876221,0
1790179876323,1
1790179876323,0
1790179876377,1
1790179876377,0
1790179876438,1
1790179876438,0
1790179876541,1
1790179876541,0
1790179876596,1
1790179876597,0
1790179876818,1
1790179876818,0
1790179876872,1
1790179876873,0
1790179876925,1
1790179876925,0
1790179876983,1
1790179876983,0
1790179877522,1
1790179877522,0
1790179877737,1
1790179877737,0
1790179878333,1
1790179878333,0
1790179879265,1
1790179879265,0
1790179879314,1
1790179879314,0
1790179879861,1
1790179879861,0
1790179880248,1
1790179880248,0
1790179880411,1
1790179880411,0
1790179880901,1
1790179880901,0
1790179881714,1
1790179881714,0
1790179881769,1
1790179881769,0
1790179881936,1
1790179881936,0
1790179882902,1
1790179882902,0
1790179883769,1
1790179883770,0
1790179883819,1
1790179883819,0
1790179883874,1
1790179883874,0
1790179883924,1
1790179883927,0
1790179884311,1
1790179884311,0
1790179884367,1
1790179884368,0
1790179885291,1
1790179885291,0
1790179885617,1
1790179885617,0
1790179885672,1
1790179885672,0
1790179885727,1
1790179885727,0
1790179886385,1
1790179886385,0
1790179886809,1
1790179886809,0
1790179888009,1
1790179888009,0
1790179888064,1
1790179888066,0
1790179888175,1
1790179888176,0
1790179888229,1
1790179888229,0
1790179888285,1
1790179888285,0
1790179888340,1
1790179888342,0
1790179889052,1
1790179889053,0
1790179889106,1
1790179889107,0
1790179889693,1
1790179889693,0
1790179889973,1
1790179889973,0
1790179890028,1
1790179890028,0
1790179893557,1
1790179893558,0
1790179894372,1
1790179894372,0
1790179894425,1
1790179894425,0
1790179894480,1
1790179894480,0
1790179894542,1
1790179894543,0
1790179895349,1
1790179895349,0
1790179896274,1
1790179896274,0
1790179896435,1
1790179896435,0
1790179896489,1
1790179896489,0
1790179896544,1
1790179896544,0
1790179896597,1
1790179896597,0
1790179896981,1
1790179896981,0
1790179897028,1
1790179897028,0
1790179897083,1
1790179897083,0
1790179897842,1
1790179897842,0
1790179897896,1
1790179897897,0
1790179899736,1
1790179899736,0
1790179900444,1
1790179900445,0
1790179900826,1
1790179900826,0
1790179900933,1
1790179900933,0
1790179900986,1
1790179900986,0
1790179901099,1
1790179901100,0
1790179901150,1
1790179901150,0
1790179901203,1
1790179901203,0
1790179901428,1
1790179901428,0
1790179902081,1
1790179902081,0
1790179902832,1
1790179902832,0
1790179903107,1
1790179903107,0
1790179903162,1
1790179903162,0
1790179903217,1
1790179903217,0
1790179903271,1
1790179903271,0
1790179903864,1
1790179903864,0
1790179903918,1
1790179903929,0
1790179904028,1
1790179904028,0
1790179904084,1
1790179904084,0
1790179904350,1
1790179904350,0
1790179904897,1
1790179904897,0
1790179905168,1
1790179905168,0
1790179905441,1
1790179905441,0
1790179905495,1
1790179905495,0
1790179906255,1
1790179906255,0
1790179906309,1
1790179906309,0
1790179906365,1
1790179906365,0
1790179907067,1
1790179907067,0
1790179907286,1
1790179907286,0
1790179907340,1
1790179907340,0
1790179907391,1
1790179907391,0
1790179907611,1
1790179907611,0
1790179908325,1
1790179908325,0
1790179908376,1
1790179908376,0
1790179908436,1
1790179908436,0
1790179908651,1
1790179908651,0
1790179908756,1
1790179908756,0
1790179909084,1
1790179909085,0
1790179909138,1
1790179909138,0
1790179909188,1
1790179909188,0
1790179909240,1
1790179909240,0
1790179909510,1
1790179909510,0
1790179911344,1
1790179911344,0
1790179913785,0
1790179913788,0
1790179914159,1
1790179914159,0
1790179914819,1
1790179914819,0
1790179914983,1
1790179914983,0
1790179915038,1
1790179915038,0
1790179915089,1
1790179915090,0
1790179915144,1
1790179915144,0
1790179915250,1
1790179915250,0
1790179916006,1
1790179916006,0
1790179916061,1
1790179916061,0
1790179916115,1
1790179916116,0
1790179916169,1
1790179916169,0
1790179916280,1
1790179916280,0
1790179916503,1
1790179916503,0
1790179916979,1
1790179916979,0
1790179917398,1
1790179917398,0
1790179917451,1
1790179917451,0
1790179917943,1
1790179917944,0
1790179918759,1
1790179918760,0
1790179918925,1
1790179918925,0
1790179918975,1
1790179918976,0
1790179920073,1
1790179920073,0
1790179920125,1
1790179920125,0
1790179920182,1
1790179920182,0
1790179920237,1
1790179920237,0
1790179920285,1
1790179920285,0
1790179920334,1
1790179920334,0
1790179921100,1
1790179921101,0
1790179921424,1
1790179921424,0
1790179921693,1
1790179921693,0
1790179921747,1
1790179921752,0
1790179921809,1
1790179921809,0
1790179922180,1
1790179922181,0
1790179922231,1
1790179922231,0
1790179922286,1
1790179922286,0
1790179922336,1
1790179922349,0
1790179923148,1
1790179923149,0
1790179923521,1
1790179923521,0
1790179923678,1
1790179923678,0
1790179923899,1
1790179923899,0
1790179924607,1
1790179924608,0
1790179924655,1
1790179924662,0
1790179924982,1
1790179924982,0
1790179925040,1
1790179925040,0
1790179925802,1
1790179925803,0
1790179925858,1
1790179925858,0
1790179925907,1
1790179925908,0
1790179926514,1
1790179926515,0
1790179926620,1
1790179926620,0
1790179926782,1
1790179926783,0
1790179926985,1
1790179926985,0
1790179928671,1
1790179928671,0
1790179928837,1
1790179928837,0
1790179929871,1
1790179929871,0
1790179930142,1
1790179930142,0
1790179930195,1
1790179930198,0
1790179930733,1
1790179930733,0
1790179932371,1
1790179932371,0
1790179932480,1
1790179932480,0
1790179932534,1
1790179932535,0
1790179932588,1
1790179932589,0
1790179932644,1
1790179932644,0
1790179933026,1
1790179933026,0
1790179933078,1
1790179933078,0
1790179933133,1
1790179933133,0
1790179933510,1
1790179933511,0
1790179933561,1
1790179933561,0
1790179933616,1
1790179933616,0
1790179933668,1
1790179933682,0
1790179934821,1
1790179934822,0
1790179935256,1
1790179935257,0
1790179937521,1
1790179937521,0
1790179937961,1
1790179937961,0
1790179938014,1
1790179938014,0
1790179938068,1
1790179938068,0
1790179938498,1
1790179938498,0
1790179939977,1
1790179939977,0
1790179940030,1
1790179940030,0
1790179940086,1
1790179940086,0
1790179940141,1
1790179940141,0
1790179940466,1
1790179940466,0
1790179940517,1
1790179940520,0
1790179941008,1
1790179941008,0
1790179941278,1
1790179941278,0
1790179941333,1
1790179941333,0
1790179941390,1
1790179941390,0
1790179941767,1
1790179941767,0
1790179941817,1
1790179941817,0
1790179941874,1
1790179941874,0
1790179941929,1
1790179941936,0
1790179942309,1
1790179942309,0
1790179942364,1
1790179942364,0
1790179942419,1
1790179942419,0
1790179942470,1
1790179942470,0
1790179942685,1
1790179942685,0
1790179942740,1
1790179942740,0
1790179943170,1
1790179943170,0
1790179943225,1
1790179943229,0
1790179944200,1
1790179944200,0
1790179944253,1
1790179944255,0
1790179944577,1
1790179944578,0
1790179944633,0
1790179944633,0
1790179944852,1
1790179944852,0
1790179944907,1
1790179944907,0
1790179944955,1
1790179944955,0
1790179945010,1
1790179945010,0
1790179945065,1
1790179945065,0
1790179945331,1
1790179945331,0
1790179946206,1
1790179946206,0
1790179946368,1
1790179946368,0
1790179946916,1
1790179946916,0
1790179946970,1
1790179946971,0
1790179947027,1
1790179947027,0
1790179947075,1
1790179947077,0
1790179947403,1
1790179947403,0
1790179947682,1
1790179947682,0
1790179947735,1
1790179947735,0
1790179948818,1
1790179948818,0
1790179949203,1
1790179949203,0
1790179949258,1
1790179949258,0
1790179949313,1
1790179949316,0
1790179949365,1
1790179949370,0
1790179949420,1
1790179949423,0
1790179949529,1
1790179949529,0
1790179949584,1
1790179949585,0
1790179949640,1
1790179949640,0
1790179949694,1
1790179949694,0
1790179950239,1
1790179950239,0
1790179951276,1
1790179951277,0
1790179951331,1
1790179951349,0
1790179951928,1
1790179951928,0
1790179952092,1
1790179952092,0
1790179952146,1
1790179952146,0
1790179952202,1
1790179952202,0
1790179952254,1
1790179952254,0
1790179952422,1
1790179952422,0
1790179952477,1
1790179952477,0
1790179952529,1
1790179952530,0
1790179952790,1
1790179952790,0
1790179953447,1
1790179953447,0
1790179954430,1
1790179954430,0
1790179955513,1
1790179955513,0
1790179955729,1
1790179955729,0
1790179955784,1
1790179955784,0
1790179955834,1
1790179955834,0
1790179955949,1
1790179955949,0
1790179955999,1
1790179955999,0
1790179956115,1
1790179956115,0
1790179956169,1
1790179956169,0
1790179956441,1
1790179956441,0
1790179956711,1
1790179956711,0
1790179957587,1
1790179957587,0
1790179957641,1
1790179957641,0
1790179957693,1
1790179957693,0
1790179957795,1
1790179957795,0
1790179957847,1
1790179957847,0
1790179957901,1
1790179957901,0
1790179957956,1
1790179957964,0
1790179958226,1
1790179958226,0
1790179958504,1
1790179958504,0
1790179959210,1
1790179959210,0
1790179960098,1
1790179960098,0
1790179960147,1
1790179960162,0
1790179960698,1
1790179960698,0
1790179961241,1
1790179961241,0
1790179961946,1
1790179961947,0
1790179962000,1
1790179962000,0
1790179962055,1
1790179962055,0
1790179962926,1
1790179962926,0
1790179962981,1
1790179962981,0
1790179963029,1
1790179963029,0
1790179963088,1
1790179963088,0
1790179963141,1
1790179963141,0
1790179963306,1
1790179963306,0
1790179963799,1
1790179963799,0
1790179964888,1
1790179964888,0
1790179964943,1
1790179964943,0
1790179965383,1
1790179965383,0
1790179965813,1
1790179965813,0
1790179965923,1
1790179965923,0
1790179965977,1
1790179965977,0
1790179966251,1
1790179966251,0
1790179966838,1
1790179966838,0
1790179968960,1
1790179968960,0
1790179969125,1
1790179969125,0
1790179969403,1
1790179969403,0
1790179969458,1
1790179969458,0
1790179970045,1
1790179970045,0
1790179970103,1
1790179970103,0
1790179970158,1
1790179970158,0
1790179970214,1
1790179970214,0
1790179970268,1
1790179970268,0
1790179970323,1
1790179970323,0
1790179970432,1
1790179970432,0
1790179970488,1
1790179970488,0
1790179970598,1
1790179970598,0
1790179971030,1
1790179971030,0
1790179971731,1
1790179971731,0
1790179971787,1
1790179971787,0
1790179971842,1
1790179971842,0
1790179971893,1
1790179971893,0
1790179971944,1
1790179971945,0
1790179972001,1
1790179972007,0
1790179972269,1
1790179972269,0
1790179972327,1
1790179972327,0
1790179972378,1
1790179972378,0
1790179972653,1
1790179972653,0
1790179972982,1
1790179972982,0
1790179973091,1
1790179973091,0
1790179973144,1
1790179973144,0
1790179973201,1
1790179973201,0
1790179973469,1
1790179973469,0
1790179973736,1
1790179973736,0
1790179973788,1
1790179973788,0
1790179973839,1
1790179973839,0
1790179973898,1
1790179973898,0
1790179973957,1
1790179973957,0
1790179974173,1
1790179974173,0
1790179974226,1
1790179974226,0
1790179974280,1
1790179974280,0
1790179974659,1
1790179974659,0
1790179975043,1
1790179975043,0
1790179975146,1
1790179975146,0
1790179975202,1
1790179975202,0
1790179975260,1
1790179975260,0
1790179977882,1
1790179977882,0
1790179978153,1
1790179978153,0
1790179978261,1
1790179978261,0
1790179978421,1
1790179978421,0
1790179978696,1
1790179978697,0
1790179978751,1
1790179978752,0
1790179978863,1
1790179978863,0
1790179979463,1
1790179979463,0
1790179979517,1
1790179979517,0
1790179979572,1
1790179979572,0
1790179979627,1
1790179979627,0
1790179979900,1
1790179979900,0
1790179979954,1
1790179979954,0
1790179980225,1
1790179980225,0
1790179980555,1
1790179980555,0
1790179980610,1
1790179980610,0
1790179980662,1
1790179980663,0
1790179980993,1
1790179980993,0
1790179981544,1
1790179981544,0
1790179981812,1
1790179981813,0
1790179981865,1
1790179981865,0
1790179982850,1
1790179982850,0
1790179982904,1
1790179982904,0
1790179983825,1
1790179983825,0
1790179983880,1
1790179983883,0
1790179983931,1
1790179983931,0
1790179983986,1
1790179983986,0
1790179984485,1
1790179984485,0
1790179985087,0
1790179985087,0
1790179986172,1
1790179986172,0
1790179987155,1
1790179987155,0
1790179987583,0
1790179987583,0
1790179987964,1
1790179987964,0
1790179988989,1
1790179988989,0
1790179989044,1
1790179989048,0
1790179989099,0
1790179989099,0
1790179989804,1
1790179989805,0
1790179990075,1
1790179990075,0
1790179990130,1
1790179990130,0
1790179990672,1
1790179990672,0
1790179991218,1
1790179991219,0
1790179992321,1
1790179992322,0
1790179992970,1
1790179992970,0
1790179993025,1
1790179993025,0
1790179993080,1
1790179993080,0
1790179993406,1
1790179993406,0
1790179993841,1
1790179993842,0
1790179993896,1
1790179993896,0
1790179993954,1
1790179993954,0
1790179994504,1
1790179994504,0
1790179994559,1
1790179994559,0
1790179994610,1
1790179994610,0
1790179994669,1
1790179994669,0
1790179994772,1
1790179994773,0
1790179995047,1
1790179995047,0
1790179995102,1
1790179995102,0
1790179995157,1
1790179995157,0
1790179996464,1
1790179996464,0
1790179996569,1
1790179996569,0
1790179996624,1
1790179996624,0
1790179996683,1
1790179996683,0
1790179996734,1
1790179996734,0
1790179997062,1
1790179997062,0
1790179997279,1
1790179997279,0
1790179997333,1
1790179997337,0
1790179997388,1
1790179997388,0
1790179997443,1
1790179997443,0
1790179997877,1
1790179997877,0
1790179997988,1
1790179997988,0
1790179998041,1
1790179998041,0
1790179998318,1
1790179998318,0
1790179998541,1
1790179998541,0
1790179998982,1
1790179998982,0
1790179999034,1
1790179999034,0
1790179999089,1
1790179999089,0
1790179999578,1
1790179999578,0
1790180000017,1
1790180000017,0
1790180000559,1
1790180000560,0
1790180000944,1
1790180000944,0
1790180000998,1
1790180001013,0
1790180001269,1
1790180001269,0
1790180001320,1
1790180001320,0
1790180001375,1
1790180001375,0
1790180001980,1
1790180001981,0
