1790180013292,1
1790180013297,1
1790180013297,1
1790180013396,2
1790180013415,3
1790180013440,4
1790180013542,3
1790180013640,2
1790180013708,1
1790180013709,0
1790180013760,1
1790180013760,0
1790180014399,1
1790180014399,0
1790180014641,1
1790180014641,0
1790180014670,1
1790180014670,0
1790180014767,1
1790180014767,0
1790180014965,1
1790180014966,0
1790180015020,1
1790180015039,0
1790180015041,1
1790180015064,2
1790180015094,3
1790180015100,2
1790180015100,1
1790180015101,0
1790180015166,1
1790180015167,0
1790180015192,1
1790180015213,2
1790180015223,1
1790180015256,2
1790180015278,1
1790180015278,0
1790180015284,1
1790180015303,2
1790180015327,1
1790180015327,0
1790180015445,1
1790180015446,0
1790180015560,1
1790180015561,0
1790180015777,1
1790180015777,0
1790180015853,1
1790180015853,0
1790180016026,1
1790180016026,0
1790180016177,0
1790180016177,0
1790180016202,1
1790180016221,0
1790180016228,1
1790180016228,0
1790180016787,1
1790180016787,0
1790180016949,1
1790180016949,0
1790180017260,1
1790180017260,0
1790180017287,1
1790180017307,0
1790180017709,1
1790180017709,0
1790180017894,1
1790180017894,0
1790180017996,1
1790180017997,0
1790180018455,1
1790180018456,0
1790180018583,1
1790180018583,1
1790180018584,1
1790180018605,2
1790180018629,1
1790180018632,2
1790180018675,1
1790180018675,0
1790180018699,1
1790180018721,0
1790180018726,1
1790180018726,0
1790180018750,1
1790180018750,0
1790180018771,1
1790180018771,0
1790180019106,1
1790180019107,0
1790180019156,1
1790180019157,0
1790180019175,1
1790180019200,2
1790180019202,1
1790180019202,0
1790180019227,1
1790180019227,0
1790180019782,1
1790180019782,0
1790180019799,1
1790180019826,0
1790180019950,1
1790180019950,0
1790180019977,1
1790180019993,0
1790180020044,1
1790180020044,0
1790180020216,1
1790180020216,0
1790180020289,1
1790180020289,0
1790180020411,1
1790180020411,0
1790180020434,1
1790180020454,0
1790180020481,1
1790180020481,0
1790180020534,1
1790180020534,0
1790180020559,1
1790180020559,0
1790180020580,1
1790180020580,0
1790180020610,1
1790180020610,0
1790180020674,1
1790180020674,0
1790180020771,1
1790180020771,0
1790180020797,1
1790180020815,0
1790180020821,1
1790180020821,0
1790180020849,1
1790180020849,0
1790180020870,1
1790180020870,0
1790180020895,1
1790180020895,0
1790180020944,1
1790180020944,0
1790180021313,1
1790180021313,0
1790180021608,1
1790180021608,0
1790180021886,1
1790180021886,0
1790180022541,1
1790180022541,0
1790180022566,1
1790180022567,0
1790180022590,1
1790180022611,0
1790180022639,1
1790180022639,0
1790180022660,1
1790180022685,0
1790180022686,1
1790180022686,0
1790180022778,1
1790180022778,0
1790180022979,1
1790180022979,0
1790180023070,1
1790180023071,0
1790180023161,1
1790180023161,0
1790180023313,1
1790180023313,0
1790180023337,1
1790180023337,0
1790180023361,1
1790180023362,0
1790180023387,1
1790180023387,0
1790180023748,1
1790180023748,0
1790180023985,1
1790180023985,0
1790180024010,1
1790180024029,0
1790180024029,1
1790180024058,2
1790180024070,1
1790180024070,0
1790180024108,1
1790180024108,0
1790180024128,1
1790180024158,0
1790180024353,1
1790180024353,0
1790180024474,1
1790180024474,0
1790180024500,1
1790180024500,0
1790180024516,1
1790180024516,0
1790180024855,1
1790180024855,0
1790180024881,1
1790180024881,0
1790180024924,1
1790180024924,0
1790180024945,1
1790180024945,0
1790180024969,1
1790180024969,0
1790180025113,1
1790180025113,0
1790180025258,1
1790180025258,0
1790180025588,1
1790180025588,0
1790180025612,1
1790180025612,0
1790180025640,1
1790180025640,0
1790180025667,1
1790180025667,0
1790180025687,1
1790180025687,0
1790180025738,1
1790180025738,0
1790180025981,1
1790180025981,0
1790180026193,1
1790180026193,0
1790180026216,1
1790180026216,0
1790180026242,1
1790180026242,0
1790180026385,1
1790180026385,0
1790180026412,1
1790180026412,0
1790180026460,1
1790180026460,0
1790180026643,1
1790180026643,0
1790180026735,1
1790180026736,0
1790180026759,1
1790180026782,2
1790180026792,1
1790180026792,0
1790180026805,1
1790180026806,0
1790180027044,1
1790180027044,0
1790180027111,1
1790180027114,0
1790180027136,1
1790180027160,0
1790180027259,0
1790180027261,0
1790180027373,1
1790180027373,0
1790180027541,1
1790180027541,0
1790180027728,1
1790180027728,0
1790180027754,1
1790180027754,0
1790180027954,1
1790180027954,0
1790180027980,1
1790180028007,0
1790180028466,1
1790180028466,0
1790180028779,1
1790180028779,0
1790180028801,1
1790180028821,0
1790180028826,1
1790180028826,0
1790180028853,1
1790180028853,0
1790180028901,1
1790180028901,0
1790180028995,1
1790180028996,0
1790180029020,1
1790180029020,0
1790180029042,1
1790180029059,2
1790180029085,1
1790180029085,0
1790180029106,1
1790180029106,0
1790180029132,1
1790180029152,0
1790180029452,1
1790180029452,0
1790180029545,1
1790180029545,0
1790180029618,1
1790180029618,0
1790180029668,1
1790180029668,0
1790180029845,1
1790180029845,0
1790180030308,1
1790180030309,0
1790180030476,1
1790180030476,0
1790180030598,1
1790180030598,0
1790180030622,1
1790180030622,0
1790180030648,1
1790180030672,2
1790180030678,1
1790180030678,0
1790180030697,1
1790180030697,0
1790180030740,1
1790180030740,0
1790180031402,1
1790180031403,0
1790180031473,1
1790180031473,0
1790180031694,1
1790180031695,0
1790180031715,1
1790180031715,0
1790180031740,1
1790180031764,0
1790180031782,1
1790180031782,0
1790180031806,1
1790180031806,0
1790180031837,1
1790180031837,0
1790180032301,1
1790180032301,0
1790180032407,1
1790180032407,0
1790180032424,1
1790180032466,0
1790180032594,1
1790180032594,0
1790180032885,1
1790180032885,0
1790180033027,1
1790180033027,0
1790180033337,1
1790180033338,0
1790180033459,1
1790180033459,0
1790180033686,1
1790180033686,0
1790180033750,1
1790180033750,0
1790180033800,1
1790180033801,0
1790180034435,1
1790180034435,0
1790180034631,1
1790180034632,0
1790180034648,1
1790180034676,0
1790180034726,1
1790180034726,0
1790180034847,1
1790180034848,0
1790180034999,1
1790180034999,0
1790180035023,1
1790180035044,0
1790180035045,1
1790180035045,0
1790180035098,1
1790180035098,0
1790180035123,1
1790180035142,0
1790180035145,1
1790180035145,0
1790180035468,1
1790180035469,0
1790180035492,1
1790180035513,0
1790180035518,1
1790180035518,0
1790180035541,1
1790180035541,0
1790180035566,1
1790180035588,0
1790180035591,1
1790180035616,2
1790180035634,1
1790180035641,2
1790180035680,1
1790180035691,2
1790180035716,3
1790180035729,2
1790180035739,3
1790180035767,4
1790180035778,3
1790180035826,2
1790180035837,3
1790180035872,2
1790180035872,1
1790180035872,0
1790180036005,1
1790180036005,0
1790180036154,1
1790180036154,0
1790180036180,1
1790180036199,0
1790180036205,1
1790180036231,2
1790180036244,1
1790180036245,0
1790180036275,1
1790180036275,0
1790180036588,1
1790180036588,0
1790180036612,1
1790180036632,0
1790180036635,1
1790180036660,2
1790180036676,1
1790180036687,2
1790180036731,1
1790180036731,0
1790180036831,1
1790180036831,0
1790180037643,1
1790180037643,0
1790180037666,1
1790180037687,0
1790180037689,1
1790180037710,2
1790180037733,1
1790180037779,0
1790180037930,1
1790180037930,0
1790180038075,1
1790180038075,0
1790180038227,1
1790180038227,0
1790180038252,1
1790180038275,0
1790180038277,1
1790180038277,0
1790180038570,1
1790180038570,0
1790180038685,1
1790180038685,0
1790180038712,1
1790180038733,0
1790180038738,1
1790180038778,0
1790180038788,1
1790180038788,0
1790180038812,1
1790180038832,0
1790180039070,1
1790180039070,0
1790180039089,1
1790180039115,2
1790180039117,1
1790180039163,0
1790180039590,1
1790180039590,0
1790180039611,1
1790180039636,2
1790180039638,1
1790180039638,0
1790180039733,1
1790180039733,0
1790180039900,1
1790180039900,0
1790180039944,1
1790180039945,0
1790180040019,1
1790180040019,0
1790180040189,1
1790180040189,0
1790180040259,1
1790180040260,0
1790180040280,1
1790180040303,2
1790180040308,1
1790180040308,0
1790180040329,1
1790180040354,0
1790180040401,1
1790180040401,0
1790180040501,1
1790180040501,0
1790180040525,1
1790180040548,0
1790180040550,1
1790180040550,0
1790180040596,1
1790180040596,0
1790180040621,1
1790180040640,0
1790180040835,1
1790180040836,0
1790180040933,1
1790180040933,0
1790180040954,1
1790180040976,0
1790180040983,1
1790180041008,2
1790180041023,1
1790180041069,0
1790180041160,0
1790180041163,0
1790180041351,1
1790180041352,0
1790180041375,1
1790180041398,0
1790180041401,0
1790180041402,0
1790180041425,1
1790180041447,0
1790180041450,1
1790180041475,2
1790180041491,1
1790180041491,0
1790180041525,1
1790180041536,0
1790180041543,1
1790180041584,0
1790180041597,1
1790180041597,0
1790180041745,1
1790180041745,0
1790180041772,1
1790180041793,0
1790180041869,1
1790180041869,0
1790180041995,1
1790180041995,0
1790180042015,1
1790180042040,0
1790180042352,1
1790180042352,0
1790180042374,1
1790180042397,0
1790180042401,1
1790180042401,0
1790180042420,1
1790180042420,0
1790180042542,1
1790180042542,0
1790180043027,1
1790180043027,0
1790180043055,1
1790180043073,0
1790180043080,1
1790180043080,0
1790180043104,1
1790180043104,0
1790180043179,1
1790180043179,0
1790180043255,1
1790180043255,0
1790180043351,1
1790180043351,0
1790180043452,1
1790180043452,0
1790180043812,1
1790180043812,0
1790180043912,1
1790180043912,0
1790180043959,1
1790180043960,0
1790180043987,1
1790180044009,0
1790180044012,1
1790180044012,0
1790180044039,1
1790180044039,0
1790180044084,1
1790180044089,0
1790180044344,1
1790180044344,0
1790180044391,1
1790180044391,0
1790180044825,1
1790180044825,0
1790180045014,1
1790180045015,0
1790180045108,1
1790180045108,0
1790180045131,1
1790180045153,2
1790180045156,1
1790180045201,0
1790180045471,1
1790180045471,0
1790180046169,1
1790180046169,0
1790180046193,1
1790180046214,0
1790180046365,1
1790180046365,0
1790180046490,1
1790180046490,0
1790180046517,1
1790180046535,0
1790180046540,1
1790180046540,0
1790180046631,1
1790180046631,0
1790180046655,1
1790180046677,0
1790180046872,1
1790180046872,0
1790180046898,1
1790180046916,0
1790180047122,1
1790180047123,0
1790180047352,1
1790180047352,0
1790180047372,1
1790180047396,2
1790180047397,1
1790180047443,0
1790180047497,1
1790180047497,0
1790180047596,1
1790180047596,0
1790180048053,1
1790180048053,0
1790180048097,1
1790180048099,0
1790180048121,1
1790180048143,0
1790180048147,1
1790180048169,2
1790180048192,1
1790180048192,0
1790180048195,1
1790180048195,0
1790180048884,1
1790180048884,0
1790180049030,1
1790180049030,0
1790180049055,1
1790180049077,0
1790180049079,1
1790180049079,0
1790180049102,1
1790180049102,0
1790180049276,1
1790180049276,0
1790180049298,1
1790180049321,0
1790180049323,1
1790180049365,0
1790180049442,1
1790180049442,0
1790180049469,1
1790180049490,0
1790180049494,1
1790180049519,2
1790180049534,1
1790180049544,2
1790180049570,3
1790180049578,2
1790180049578,1
1790180049578,0
1790180049590,1
1790180049590,0
1790180050269,1
1790180050270,0
1790180050410,1
1790180050410,0
1790180050437,1
1790180050456,0
1790180050462,1
1790180050487,2
1790180050502,1
1790180050502,0
1790180050818,1
1790180050819,0
1790180051034,1
1790180051034,0
1790180051059,1
1790180051079,0
1790180051084,1
1790180051084,0
1790180051256,1
1790180051256,0
1790180051307,1
1790180051307,0
1790180051915,1
1790180051916,0
1790180052401,1
1790180052401,0
1790180052589,1
1790180052589,0
1790180052614,1
1790180052633,0
1790180052812,1
1790180052812,0
1790180052834,1
1790180052858,0
1790180053108,1
1790180053108,0
1790180053298,1
1790180053298,0
1790180053345,1
1790180053346,0
1790180053370,1
1790180053389,0
1790180053395,1
1790180053395,0
1790180053636,1
1790180053636,0
1790180053661,1
1790180053684,0
1790180053689,1
1790180053689,0
1790180053710,1
1790180053745,0
1790180053954,1
1790180053954,0
1790180054072,1
1790180054072,0
1790180054206,1
1790180054206,0
1790180054890,1
1790180054890,0
1790180054914,1
1790180054945,0
1790180054963,1
1790180054993,0
1790180055110,1
1790180055110,0
1790180055155,1
1790180055156,0
1790180055467,1
1790180055467,0
1790180055491,1
1790180055511,0
1790180055515,1
1790180055536,2
1790180055565,1
1790180055565,0
1790180055881,1
1790180055881,0
1790180055907,1
1790180055932,0
1790180056101,1
1790180056101,0
1790180056128,1
1790180056154,0
1790180056400,1
1790180056400,0
1790180056425,1
1790180056447,0
1790180056450,1
1790180056470,2
1790180056502,1
1790180056502,0
1790180056531,1
1790180056531,0
1790180056796,1
1790180056796,0
1790180056820,1
1790180056847,0
1790180056868,1
1790180056892,0
1790180056893,1
1790180056925,2
1790180056941,3
1790180056946,2
1790180056996,1
1790180056997,0
1790180057113,1
1790180057113,0
1790180057131,1
1790180057154,2
1790180057158,1
1790180057212,0
1790180057273,1
1790180057273,0
1790180057764,1
1790180057765,0
1790180057791,1
1790180057808,0
1790180058273,1
1790180058273,0
1790180058513,1
1790180058513,0
1790180058535,1
1790180058568,0
1790180058680,1
1790180058680,0
1790180058762,1
1790180058762,0
1790180058971,1
1790180058971,0
1790180058984,1
1790180059013,0
1790180059046,1
1790180059055,0
1790180059075,1
1790180059101,0
1790180059504,1
1790180059504,0
1790180059570,1
1790180059570,0
1790180059584,1
1790180059616,0
1790180059730,1
1790180059730,0
1790180059758,1
1790180059772,0
1790180059789,1
1790180059814,2
1790180059823,1
1790180059823,0
1790180059846,1
1790180059876,0
1790180059879,1
1790180059930,0
1790180060070,1
1790180060070,0
1790180060089,1
1790180060117,2
1790180060128,1
1790180060177,2
1790180060185,1
1790180060208,2
1790180060230,3
1790180060236,2
1790180060299,1
1790180060299,0
1790180060379,1
1790180060379,0
1790180060407,1
1790180060425,0
1790180060610,1
1790180060610,0
1790180060633,1
1790180060656,0
1790180060951,1
1790180060951,0
1790180060975,1
1790180061006,0
1790180061008,1
1790180061035,2
1790180061060,1
1790180061060,0
1790180061096,1
1790180061096,0
1790180061220,1
1790180061220,0
1790180061249,1
1790180061264,0
1790180061279,1
1790180061279,0
1790180061460,1
1790180061460,0
1790180061495,1
1790180061524,2
1790180061528,1
1790180061539,2
1790180061592,1
1790180061592,0
1790180061599,1
1790180061599,0
1790180062113,1
1790180062113,0
1790180062474,1
1790180062475,0
1790180062818,1
1790180062818,0
1790180062851,1
1790180062864,0
1790180062882,1
1790180062906,2
1790180062918,1
1790180062918,0
1790180063556,1
1790180063556,0
1790180063583,1
1790180063612,0
1790180063717,1
1790180063717,0
1790180064285,1
1790180064285,0
1790180064398,1
1790180064398,0
1790180064491,1
1790180064491,0
1790180064604,1
1790180064604,0
1790180064826,1
1790180064826,0
1790180065155,1
1790180065155,0
1790180065578,1
1790180065579,0
1790180065607,1
1790180065623,0
1790180065711,1
1790180065711,0
1790180065749,1
1790180065753,0
1790180065779,1
1790180065779,0
1790180065796,1
1790180065796,0
1790180065833,1
1790180065833,0
1790180066439,1
1790180066439,0
1790180066464,1
1790180066481,0
1790180066727,1
1790180066727,0
1790180066932,1
1790180066932,0
1790180067009,1
1790180067009,0
1790180067122,1
1790180067123,0
1790180067239,1
1790180067239,0
1790180067819,1
1790180067819,0
1790180067845,1
1790180067870,2
1790180067874,1
1790180067894,2
1790180067917,1
1790180067917,0
1790180067939,1
1790180067939,0
1790180067969,1
1790180067993,0
1790180068164,1
1790180068164,0
1790180068197,1
1790180068218,0
1790180068220,1
1790180068265,0
1790180069149,1
1790180069149,0
1790180069176,1
1790180069194,0
1790180069200,1
1790180069200,0
1790180069548,1
1790180069548,0
1790180070228,1
1790180070228,0
1790180070258,1
1790180070270,0
1790180070287,1
1790180070287,0
1790180070436,1
1790180070436,0
1790180070692,1
1790180070693,0
1790180070705,1
1790180070748,0
1790180070838,1
1790180070838,0
1790180070922,1
1790180070922,0
1790180071374,1
1790180071374,0
1790180071402,1
1790180071419,2
1790180071421,1
1790180071463,0
1790180071640,1
1790180071640,0
1790180071670,1
1790180071683,0
1790180072733,1
1790180072734,0
1790180072851,1
1790180072851,0
1790180072876,1
1790180072895,0
1790180072902,1
1790180072902,0
1790180073023,1
1790180073023,0
1790180073649,1
1790180073649,0
1790180073678,1
1790180073694,0
1790180073714,1
1790180073714,0
1790180073735,1
1790180073735,0
1790180074043,1
1790180074043,0
1790180074073,1
1790180074085,0
1790180074133,1
1790180074133,0
1790180074357,1
1790180074357,0
1790180074589,1
1790180074589,0
1790180074619,1
1790180074636,0
1790180074705,1
1790180074705,0
1790180074738,1
1790180074747,0
1790180074767,1
1790180074789,0
1790180074796,1
1790180074796,0
1790180074810,1
1790180074810,0
1790180074838,1
1790180074838,0
1790180074928,1
1790180074929,0
1790180074959,1
1790180074972,0
1790180075387,1
1790180075387,0
1790180075732,1
1790180075732,0
1790180075790,1
1790180075790,0
1790180075816,1
1790180075842,0
1790180075852,1
1790180075852,0
1790180075872,1
1790180075872,0
1790180075947,1
1790180075947,0
1790180076269,1
1790180076269,0
1790180076326,1
1790180076326,0
1790180076352,1
1790180076367,0
1790180076374,1
1790180076374,0
1790180076402,1
1790180076402,0
1790180076484,1
1790180076484,0
1790180076686,1
1790180076686,0
1790180076858,1
1790180076858,0
1790180076879,1
1790180076902,0
1790180076917,1
1790180076917,0
1790180076947,1
1790180076948,0
1790180077050,1
1790180077051,0
1790180077070,1
1790180077091,0
1790180077242,1
1790180077242,0
1790180077276,1
1790180077287,0
1790180077295,1
1790180077295,0
1790180077374,1
1790180077374,0
1790180077410,1
1790180077416,0
1790180077434,1
1790180077434,0
1790180077464,1
1790180077464,0
1790180077653,1
1790180077653,0
1790180077689,1
1790180077696,0
1790180077714,1
1790180077714,0
1790180077855,1
1790180077855,0
1790180078277,1
1790180078277,0
1790180078437,1
1790180078437,0
1790180078466,1
1790180078480,0
1790180078485,1
1790180078485,0
1790180078510,1
1790180078510,0
1790180078617,1
1790180078617,0
1790180078646,1
1790180078666,0
1790180078819,1
1790180078819,0
1790180078849,1
1790180078862,0
1790180078879,1
1790180078879,0
1790180078933,1
1790180078933,0
1790180079780,1
1790180079780,0
1790180079808,1
1790180079827,0
1790180079840,1
1790180079840,0
1790180079945,1
1790180079945,0
1790180079975,1
1790180079995,0
1790180080415,1
1790180080415,0
1790180080439,1
1790180080458,0
1790180081104,1
1790180081104,0
1790180081130,1
1790180081151,0
1790180081161,1
1790180081161,0
1790180081188,1
1790180081188,0
1790180081472,1
1790180081472,0
1790180081568,1
1790180081568,0
1790180081826,1
1790180081826,0
1790180081848,1
1790180081871,0
1790180082554,1
1790180082554,0
1790180082749,1
1790180082751,0
1790180082803,1
1790180082803,0
1790180083091,1
1790180083091,0
1790180083815,1
1790180083815,0
1790180083845,1
1790180083859,0
1790180083870,1
1790180083901,0
1790180084097,1
1790180084097,0
1790180084127,1
1790180084140,0
1790180084389,1
1790180084389,0
1790180084411,1
1790180084434,0
1790180085206,1
1790180085206,0
1790180085234,1
1790180085247,0
1790180085507,1
1790180085507,0
1790180085636,1
1790180085636,0
1790180085670,1
1790180085678,0
1790180085747,1
1790180085747,0
1790180085878,1
1790180085878,0
1790180086006,1
1790180086006,0
1790180086122,1
1790180086122,0
1790180086288,1
1790180086288,0
1790180086320,1
1790180086329,0
1790180086341,1
1790180086341,0
1790180086370,1
1790180086370,0
1790180086430,1
1790180086430,0
1790180086666,1
1790180086666,0
1790180086749,1
1790180086750,0
1790180086970,1
1790180086970,0
1790180087035,1
1790180087036,0
1790180087065,1
1790180087078,0
1790180087481,1
1790180087481,0
1790180088528,1
1790180088528,0
1790180088560,1
1790180088578,0
1790180088618,1
1790180088620,0
1790180088637,1
1790180088661,0
1790180088930,1
1790180088930,0
1790180089110,1
1790180089110,0
1790180089200,1
1790180089200,0
1790180089447,1
1790180089447,0
1790180089595,1
1790180089595,0
1790180089942,1
1790180089942,0
1790180090017,1
1790180090017,0
1790180090040,1
1790180090058,0
1790180090062,1
1790180090062,0
1790180090098,1
1790180090098,0
1790180090300,1
1790180090300,0
1790180090326,1
1790180090347,0
1790180090361,1
1790180090361,0
1790180090459,1
1790180090459,0
1790180091335,1
1790180091335,0
1790180091438,1
1790180091438,0
1790180091523,1
1790180091523,0
1790180091724,1
1790180091724,0
1790180092407,1
1790180092407,0
1790180092438,1
1790180092448,0
1790180092467,1
1790180092467,0
1790180092645,1
1790180092645,0
1790180092819,1
1790180092819,0
1790180092928,1
1790180092928,0
1790180093057,1
1790180093057,0
1790180093086,1
1790180093100,0
1790180093475,1
1790180093475,0
1790180093510,1
1790180093518,0
1790180093531,1
1790180093531,0
1790180093890,1
1790180093890,0
1790180093917,1
1790180093936,0
1790180093939,1
1790180093978,0
1790180094069,1
1790180094069,0
1790180094207,1
1790180094207,0
1790180094377,1
1790180094377,0
1790180094599,1
1790180094599,0
