1790180013977,1
1790180013982,1
1790180013982,1
1790180014049,2
1790180014201,3
1790180014237,2
1790180014237,1
1790180014345,0
1790180014427,1
1790180014428,0
1790180014447,1
1790180014478,0
1790180014502,1
1790180014502,0
1790180014541,1
1790180014541,0
1790180014567,1
1790180014590,2
1790180014615,3
1790180014620,2
1790180014620,1
1790180014620,0
1790180014791,1
1790180014791,0
1790180014815,1
1790180014841,2
1790180014870,1
1790180014871,0
1790180015360,1
1790180015360,0
1790180015377,1
1790180015396,2
1790180015444,1
1790180015444,0
1790180016079,1
1790180016079,0
1790180016277,1
1790180016277,0
1790180016304,1
1790180016325,0
1790180016529,1
1790180016529,0
1790180016576,1
1790180016579,0
1790180016602,1
1790180016624,0
1790180016652,1
1790180016652,0
1790180016670,1
1790180016694,2
1790180016695,1
1790180016695,0
1790180016740,1
1790180016740,0
1790180016762,1
1790180016784,0
1790180016980,1
1790180016980,0
1790180017027,1
1790180017027,0
1790180017050,1
1790180017070,0
1790180017098,1
1790180017098,0
1790180017119,1
1790180017140,0
1790180017140,1
1790180017141,0
1790180017234,1
1790180017234,0
1790180017485,1
1790180017485,0
1790180017509,1
1790180017528,0
1790180017634,1
1790180017634,0
1790180017737,1
1790180017737,0
1790180017755,1
1790180017755,0
1790180017942,1
1790180017942,0
1790180017969,1
1790180017985,0
1790180018089,1
1790180018089,0
1790180018236,1
1790180018236,0
1790180018264,1
1790180018280,0
1790180018287,1
1790180018287,0
1790180018310,1
1790180018310,0
1790180018852,1
1790180018852,0
1790180018867,1
1790180018867,0
1790180018891,1
1790180018910,0
1790180019251,1
1790180019251,0
1790180019272,1
1790180019299,0
1790180019538,1
1790180019538,0
1790180019609,1
1790180019609,0
1790180019636,1
1790180019636,0
1790180019661,1
1790180019661,0
1790180019681,1
1790180019681,0
1790180019731,1
1790180019731,0
1790180019998,1
1790180019998,0
1790180020069,1
1790180020070,0
1790180020088,1
1790180020115,2
1790180020115,1
1790180020116,0
1790180020140,1
1790180020140,0
1790180020169,1
1790180020169,0
1790180020238,1
1790180020239,0
1790180020261,1
1790180020284,0
1790180021141,1
1790180021141,0
1790180021414,1
1790180021414,0
1790180021436,1
1790180021437,0
1790180021633,1
1790180021633,0
1790180021658,1
1790180021675,0
1790180021684,1
1790180021685,0
1790180021709,1
1790180021709,0
1790180021734,1
1790180021758,0
1790180021762,1
1790180021762,0
1790180021809,1
1790180021809,0
1790180021837,1
1790180021855,0
1790180022077,1
1790180022077,0
1790180022273,1
1790180022273,0
1790180022297,1
1790180022316,0
1790180022323,1
1790180022323,0
1790180022713,1
1790180022713,0
1790180022998,1
1790180022998,0
1790180023022,1
1790180023038,0
1790180023045,1
1790180023085,0
1790180023091,1
1790180023091,0
1790180023116,1
1790180023137,0
1790180023143,1
1790180023143,0
1790180023484,1
1790180023484,0
1790180023509,1
1790180023528,0
1790180023626,1
1790180023626,0
1790180023697,1
1790180023698,0
1790180023869,1
1790180023869,0
1790180023911,1
1790180023921,0
1790180023935,1
1790180023935,0
1790180023960,1
1790180023977,0
1790180024156,1
1790180024157,0
1790180024400,1
1790180024401,0
1790180024427,1
1790180024427,0
1790180024693,1
1790180024693,0
1790180024714,1
1790180024714,0
1790180024741,1
1790180024741,0
1790180024761,1
1790180024761,0
1790180024812,1
1790180024812,0
1790180024989,1
1790180024989,0
1790180025009,1
1790180025009,0
1790180025033,1
1790180025033,0
1790180025088,1
1790180025088,0
1790180025136,1
1790180025151,0
1790180025158,1
1790180025158,0
1790180025190,1
1790180025190,0
1790180025209,1
1790180025209,0
1790180025516,1
1790180025516,0
1790180025831,1
1790180025832,0
1790180025857,1
1790180025857,0
1790180025879,1
1790180025879,0
1790180025905,1
1790180025905,0
1790180026614,1
1790180026615,0
1790180026666,1
1790180026666,0
1790180026694,1
1790180026694,0
1790180026948,1
1790180026948,0
1790180026968,1
1790180026968,0
1790180026994,1
1790180026994,0
1790180027018,1
1790180027018,0
1790180027181,1
1790180027181,0
1790180027209,1
1790180027209,0
1790180027232,0
1790180027232,0
1790180027563,1
1790180027563,0
1790180027583,0
1790180027586,0
1790180027609,1
1790180027609,0
1790180027708,1
1790180027708,0
1790180028029,1
1790180028029,0
1790180028052,1
1790180028052,0
1790180028243,1
1790180028243,0
1790180028414,1
1790180028414,0
1790180028440,1
1790180028471,0
1790180028559,1
1790180028559,0
1790180028577,1
1790180028578,0
1790180028607,1
1790180028607,0
1790180028630,1
1790180028630,0
1790180029208,1
1790180029208,0
1790180029475,1
1790180029475,0
1790180029500,1
1790180029522,2
1790180029530,1
1790180029530,0
1790180030014,1
1790180030014,0
1790180030115,1
1790180030115,0
1790180030264,1
1790180030264,0
1790180030289,1
1790180030312,0
1790180030501,1
1790180030501,0
1790180030525,1
1790180030525,0
1790180030571,1
1790180030571,0
1790180031007,1
1790180031007,0
1790180031180,1
1790180031180,0
1790180031228,1
1790180031230,0
1790180031546,1
1790180031546,0
1790180031569,1
1790180031595,0
1790180031595,1
1790180031596,0
1790180031619,1
1790180031619,0
1790180031882,1
1790180031882,0
1790180031904,1
1790180031925,0
1790180031990,1
1790180031991,0
1790180032011,1
1790180032039,2
1790180032041,1
1790180032041,0
1790180032061,1
1790180032061,0
1790180032388,1
1790180032388,0
1790180032615,1
1790180032615,0
1790180032638,1
1790180032662,0
1790180033294,1
1790180033294,0
1790180033314,1
1790180033337,0
1790180033358,1
1790180033382,2
1790180033383,1
1790180033409,2
1790180033425,1
1790180033434,2
1790180033468,1
1790180033468,0
1790180033484,1
1790180033484,0
1790180033582,1
1790180033582,0
1790180034068,1
1790180034068,0
1790180034085,1
1790180034106,2
1790180034111,1
1790180034155,0
1790180034260,1
1790180034260,0
1790180034540,1
1790180034540,0
1790180034556,1
1790180034576,2
1790180034583,1
1790180034626,0
1790180035069,1
1790180035069,0
1790180035907,1
1790180035907,0
1790180035930,1
1790180035952,0
1790180035955,1
1790180035980,2
1790180035993,1
1790180036036,0
1790180036105,1
1790180036105,0
1790180036371,1
1790180036371,0
1790180036390,1
1790180036414,0
1790180036416,1
1790180036441,2
1790180036457,1
1790180036457,0
1790180036462,1
1790180036462,0
1790180036852,0
1790180036852,0
1790180036877,1
1790180036895,0
1790180036902,1
1790180036902,0
1790180037171,1
1790180037171,0
1790180037314,1
1790180037314,0
1790180037339,1
1790180037358,0
1790180037364,1
1790180037404,0
1790180037409,1
1790180037409,0
1790180037433,1
1790180037451,0
1790180037507,1
1790180037507,0
1790180037855,1
1790180037855,0
1790180037878,1
1790180037897,0
1790180037978,1
1790180037979,0
1790180038003,1
1790180038021,0
1790180038025,1
1790180038046,2
1790180038063,1
1790180038063,0
1790180038146,1
1790180038146,0
1790180038175,1
1790180038197,0
1790180038373,1
1790180038373,0
1790180038419,1
1790180038419,0
1790180038444,1
1790180038463,0
1790180038469,1
1790180038495,2
1790180038508,1
1790180038519,2
1790180038545,3
1790180038551,2
1790180038551,1
1790180038551,0
1790180038597,1
1790180038597,0
1790180038615,1
1790180038638,2
1790180038640,1
1790180038687,0
1790180038997,1
1790180038997,0
1790180039045,1
1790180039045,0
1790180039229,1
1790180039229,0
1790180039249,1
1790180039273,0
1790180039317,1
1790180039317,0
1790180039342,1
1790180039360,0
1790180039366,1
1790180039391,2
1790180039401,1
1790180039416,2
1790180039441,3
1790180039446,2
1790180039446,1
1790180039446,0
1790180039466,1
1790180039488,0
1790180039660,1
1790180039660,0
1790180039756,1
1790180039757,0
1790180040045,1
1790180040045,0
1790180040063,1
1790180040088,0
1790180040088,1
1790180040088,0
1790180040213,1
1790180040213,0
1790180040238,1
1790180040259,0
1790180040427,1
1790180040428,0
1790180040451,1
1790180040470,0
1790180040694,1
1790180040695,0
1790180040724,1
1790180040741,0
1790180040744,1
1790180040768,2
1790180040783,1
1790180040783,0
1790180040789,1
1790180040809,2
1790180040826,1
1790180040826,0
1790180040882,1
1790180040882,0
1790180040907,1
1790180040929,0
1790180041573,1
1790180041573,0
1790180041889,1
1790180041889,0
1790180041916,1
1790180041933,0
1790180041943,1
1790180041943,0
1790180042236,1
1790180042236,0
1790180042330,1
1790180042330,0
1790180042684,1
1790180042684,0
1790180042709,1
1790180042728,0
1790180042782,1
1790180042782,0
1790180042882,1
1790180042882,0
1790180043616,1
1790180043616,0
1790180043738,1
1790180043738,0
1790180043768,1
1790180043785,0
1790180043787,1
1790180043829,0
1790180043837,1
1790180043837,0
1790180043862,1
1790180043880,0
1790180043937,1
1790180043937,0
1790180044110,1
1790180044110,0
1790180044133,1
1790180044153,0
1790180044157,1
1790180044195,0
1790180044204,1
1790180044226,2
1790180044243,1
1790180044248,2
1790180044274,3
1790180044286,2
1790180044328,1
1790180044328,0
1790180044510,1
1790180044510,0
1790180044560,1
1790180044560,0
1790180044731,1
1790180044731,0
1790180044849,1
1790180044850,0
1790180044973,1
1790180044973,0
1790180045446,1
1790180045446,0
1790180045661,1
1790180045661,0
1790180045687,1
1790180045704,0
1790180045732,1
1790180045732,0
1790180045755,1
1790180045777,0
1790180046245,1
1790180046245,0
1790180046265,1
1790180046289,0
1790180046293,1
1790180046293,0
1790180046314,1
1790180046339,0
1790180046390,1
1790180046390,0
1790180046701,1
1790180046701,0
1790180046725,1
1790180046746,0
1790180046752,1
1790180046752,0
1790180046777,1
1790180046777,0
1790180046802,1
1790180046818,0
1790180046852,1
1790180046864,0
1790180047098,1
1790180047098,0
1790180047147,1
1790180047147,0
1790180047522,1
1790180047522,0
1790180047543,1
1790180047565,0
1790180047741,1
1790180047741,0
1790180047814,1
1790180047814,0
1790180047841,1
1790180047860,0
1790180048317,1
1790180048317,0
1790180048342,1
1790180048361,0
1790180048365,1
1790180048388,2
1790180048403,1
1790180048450,0
1790180048785,1
1790180048785,0
1790180048808,1
1790180048828,0
1790180048833,1
1790180048855,2
1790180048870,1
1790180048870,0
1790180049128,1
1790180049128,0
1790180049153,1
1790180049171,0
1790180049197,1
1790180049217,0
1790180049225,1
1790180049260,0
1790180049423,1
1790180049423,0
1790180049664,1
1790180049664,0
1790180049687,1
1790180049708,0
1790180049714,1
1790180049749,0
1790180049837,1
1790180049837,0
1790180049861,1
1790180049882,0
1790180049906,1
1790180049926,0
1790180050099,1
1790180050099,0
1790180050129,1
1790180050146,0
1790180050150,1
1790180050194,0
1790180050197,1
1790180050197,0
1790180050221,1
1790180050240,0
1790180050244,1
1790180050244,0
1790180050541,1
1790180050542,0
1790180050583,1
1790180050588,0
1790180050605,1
1790180050631,0
1790180050646,1
1790180050646,0
1790180050671,1
1790180050689,0
1790180050697,1
1790180050697,0
1790180051182,1
1790180051182,0
1790180051204,1
1790180051229,0
1790180051232,1
1790180051273,0
1790180051494,1
1790180051494,0
1790180051520,1
1790180051537,0
1790180051649,1
1790180051649,0
1790180051670,1
1790180051690,2
1790180051709,1
1790180051760,0
1790180052129,1
1790180052129,0
1790180052155,1
1790180052175,0
1790180052179,1
1790180052179,0
1790180052352,1
1790180052352,0
1790180052713,1
1790180052713,0
1790180052737,1
1790180052755,0
1790180052763,1
1790180052763,0
1790180052785,1
1790180052818,0
1790180053062,1
1790180053062,0
1790180053086,1
1790180053104,0
1790180053732,1
1790180053732,0
1790180054022,1
1790180054022,0
1790180054048,1
1790180054076,0
1790180054221,1
1790180054221,0
1790180054271,1
1790180054274,0
1790180054293,1
1790180054314,2
1790180054330,1
1790180054343,2
1790180054362,3
1790180054371,2
1790180054385,3
1790180054411,4
1790180054423,3
1790180054468,2
1790180054482,3
1790180054524,2
1790180054524,1
1790180054566,0
1790180054652,1
1790180054652,0
1790180054676,1
1790180054692,0
1790180055016,1
1790180055016,0
1790180055036,1
1790180055059,2
1790180055069,1
1790180055069,0
1790180055084,1
1790180055084,0
1790180055133,1
1790180055133,0
1790180055219,1
1790180055219,0
1790180055612,1
1790180055612,0
1790180055686,1
1790180055686,0
1790180055810,1
1790180055810,0
1790180055834,1
1790180055866,0
1790180055932,1
1790180055933,0
1790180055956,1
1790180055975,0
1790180055981,1
1790180056003,2
1790180056028,1
1790180056028,0
1790180056052,1
1790180056052,0
1790180056275,1
1790180056275,0
1790180056301,1
1790180056317,0
1790180056625,1
1790180056625,0
1790180056722,1
1790180056722,0
1790180056965,1
1790180056965,0
1790180057034,1
1790180057034,0
1790180057061,1
1790180057076,0
1790180057301,1
1790180057301,0
1790180057475,1
1790180057476,0
1790180057588,1
1790180057588,0
1790180057609,1
1790180057628,0
1790180057634,1
1790180057634,0
1790180057953,1
1790180057954,0
1790180058003,1
1790180058006,0
1790180058024,1
1790180058055,2
1790180058061,1
1790180058061,0
1790180058188,1
1790180058189,0
1790180058217,1
1790180058234,2
1790180058236,1
1790180058291,0
1790180058296,1
1790180058345,0
1790180058488,1
1790180058488,0
1790180058570,1
1790180058570,0
1790180059008,1
1790180059008,0
1790180059227,1
1790180059227,0
1790180059266,1
1790180059278,0
1790180059315,1
1790180059318,0
1790180059346,1
1790180059359,0
1790180059538,1
1790180059538,0
1790180060009,1
1790180060010,0
1790180060558,1
1790180060558,0
1790180060574,1
1790180060601,0
1790180061114,1
1790180061114,0
1790180061199,1
1790180061199,0
1790180061330,1
1790180061330,0
1790180061353,1
1790180061390,0
1790180061748,1
1790180061748,0
1790180061777,1
1790180061800,2
1790180061814,1
1790180061815,0
1790180061933,1
1790180061934,0
1790180061995,1
1790180061995,0
1790180062024,1
1790180062041,0
1790180062053,1
1790180062083,2
1790180062096,1
1790180062096,0
1790180062143,1
1790180062143,0
1790180062204,1
1790180062204,0
1790180062233,1
1790180062247,0
1790180062416,1
1790180062416,0
1790180062443,1
1790180062468,0
1790180062504,1
1790180062504,0
1790180062526,1
1790180062558,0
1790180062663,1
1790180062663,0
1790180062792,1
1790180062793,0
1790180063072,1
1790180063072,0
1790180063104,1
1790180063127,0
1790180063135,1
1790180063155,2
1790180063173,1
1790180063173,0
1790180063319,1
1790180063320,0
1790180063434,1
1790180063435,0
1790180063465,1
1790180063488,0
1790180063492,1
1790180063525,2
1790180063529,1
1790180063584,0
1790180063863,1
1790180063863,0
1790180064001,1
1790180064001,0
1790180064031,1
1790180064052,0
1790180064143,1
1790180064143,0
1790180064165,1
1790180064196,2
1790180064197,1
1790180064226,2
1790180064237,1
1790180064237,0
1790180064578,1
1790180064578,0
1790180064635,1
1790180064635,0
1790180064661,1
1790180064688,0
1790180064691,1
1790180064721,2
1790180064741,1
1790180064751,2
1790180064785,1
1790180064785,0
1790180064943,1
1790180064943,0
1790180064973,1
1790180064998,0
1790180065004,1
1790180065004,0
1790180065034,1
1790180065034,0
1790180065113,1
1790180065113,0
1790180065328,1
1790180065328,0
1790180065356,1
1790180065372,0
1790180065634,1
1790180065634,0
1790180065667,1
1790180065688,0
1790180066162,1
1790180066162,0
1790180066195,1
1790180066216,0
1790180066222,1
1790180066269,0
1790180066387,1
1790180066387,0
1790180066521,1
1790180066521,0
1790180066547,1
1790180066562,0
1790180066568,1
1790180066616,0
1790180066705,1
1790180066705,0
1790180066894,1
1790180066894,0
1790180067752,1
1790180067752,0
1790180067790,1
1790180067794,0
1790180068256,1
1790180068257,0
1790180068515,1
1790180068515,0
1790180068533,1
1790180068569,0
1790180068588,1
1790180068609,0
1790180068622,1
1790180068652,2
1790180068655,1
1790180068655,0
1790180068682,1
1790180068708,0
1790180068828,1
1790180068828,0
1790180069265,1
1790180069266,0
1790180069289,1
1790180069319,0
1790180069326,1
1790180069326,0
1790180069379,1
1790180069379,0
1790180069815,1
1790180069815,0
1790180069831,1
1790180069856,2
1790180069859,1
1790180069912,0
1790180070317,1
1790180070317,0
1790180070345,1
1790180070367,0
1790180070373,1
1790180070402,2
1790180070408,1
1790180070461,0
1790180070466,1
1790180070490,2
1790180070515,1
1790180070520,2
1790180070550,3
1790180070561,2
1790180070575,3
1790180070614,2
1790180070655,1
1790180070655,0
1790180071005,1
1790180071005,0
1790180071030,1
1790180071056,2
1790180071057,1
1790180071092,2
1790180071099,1
1790180071099,0
1790180071162,1
1790180071162,0
1790180071284,1
1790180071284,0
1790180071314,1
1790180071338,0
1790180071343,1
1790180071382,0
1790180071455,1
1790180071455,0
1790180071472,1
1790180071495,2
1790180071509,1
1790180071552,0
1790180071978,1
1790180071978,0
1790180072005,1
1790180072019,0
1790180072067,1
1790180072073,0
1790180072096,1
1790180072113,0
1790180072117,1
1790180072117,0
1790180072150,1
1790180072172,0
1790180072231,1
1790180072232,0
1790180072312,1
1790180072312,0
1790180072342,1
1790180072354,0
1790180072372,1
1790180072400,0
1790180072406,1
1790180072455,0
1790180072506,1
1790180072506,0
1790180072939,1
1790180072939,0
1790180073114,1
1790180073115,0
1790180073144,1
1790180073161,0
1790180073167,1
1790180073168,0
1790180073196,1
1790180073196,0
1790180073319,1
1790180073319,0
1790180073347,1
1790180073359,0
1790180073492,1
1790180073492,0
1790180074987,1
1790180074987,0
1790180075103,1
1790180075103,0
1790180075126,1
1790180075149,0
1790180075161,1
1790180075188,0
1790180075191,1
1790180075191,0
1790180075244,1
1790180075244,0
1790180075277,1
1790180075288,0
1790180075304,1
1790180075328,0
1790180075334,1
1790180075334,0
1790180075362,1
1790180075362,0
1790180075505,1
1790180075505,0
1790180075762,1
1790180075762,0
1790180075893,1
1790180075893,0
1790180076038,1
1790180076038,0
1790180076570,1
1790180076570,0
1790180076795,1
1790180076795,0
1790180077001,1
1790180077001,0
1790180077014,1
1790180077043,0
1790180077095,1
1790180077095,0
1790180077127,1
1790180077139,0
1790180077155,1
1790180077179,0
1790180077188,1
1790180077188,0
1790180077519,1
1790180077519,0
1790180077585,1
1790180077585,0
1790180077610,1
1790180077624,0
1790180077734,1
1790180077734,0
1790180077911,1
1790180077911,0
1790180077944,1
1790180077953,0
1790180077971,1
1790180077971,0
1790180077998,1
1790180077998,0
1790180078360,1
1790180078360,0
1790180078535,1
1790180078535,0
1790180078568,1
1790180078585,0
1790180078912,1
1790180078912,0
1790180079217,1
1790180079217,0
1790180079461,1
1790180079461,0
1790180079486,1
1790180079504,0
1790180079521,1
1790180079538,2
1790180079544,1
1790180079544,0
1790180079570,1
1790180079570,0
1790180080165,1
1790180080165,0
1790180080300,1
1790180080300,0
1790180080340,1
1790180080345,0
1790180080360,1
1790180080360,0
1790180080957,1
1790180080957,0
1790180080985,1
1790180080997,0
1790180081214,1
1790180081214,0
1790180081244,1
1790180081263,0
1790180081304,1
1790180081304,0
1790180081333,1
1790180081346,0
1790180081369,1
1790180081369,0
1790180081503,1
1790180081503,0
1790180081522,1
1790180081544,0
1790180081592,1
1790180081593,0
1790180081797,1
1790180081797,0
1790180081873,1
1790180081874,0
1790180081900,1
1790180081912,0
1790180081920,1
1790180081946,2
1790180081951,1
1790180081951,0
1790180082011,1
1790180082011,0
1790180082033,1
1790180082053,0
1790180082136,1
1790180082137,0
1790180082162,1
1790180082177,0
1790180082193,1
1790180082193,0
1790180082222,1
1790180082222,0
1790180082277,1
1790180082277,0
1790180082410,1
1790180082410,0
1790180082431,1
1790180082454,0
1790180082458,1
1790180082458,0
1790180082646,1
1790180082646,0
1790180082665,1
1790180082685,0
1790180082691,1
1790180082691,0
1790180082718,1
1790180082718,0
1790180082776,1
1790180082776,0
1790180082838,1
1790180082838,0
1790180082863,1
1790180082877,0
1790180083515,1
1790180083515,0
1790180083930,1
1790180083930,0
1790180083955,1
1790180083974,0
1790180083985,1
1790180083985,0
1790180084186,1
1790180084186,0
1790180084213,1
1790180084226,0
1790180084248,1
1790180084248,0
1790180084270,1
1790180084270,0
1790180084359,1
1790180084359,0
1790180084465,1
1790180084465,0
1790180084495,1
1790180084507,0
1790180084530,1
1790180084530,0
1790180084637,1
1790180084637,0
1790180084668,1
1790180084677,0
1790180085895,1
1790180085896,0
1790180086461,1
1790180086462,0
1790180086491,1
1790180086501,0
1790180086522,1
1790180086541,0
1790180086552,1
1790180086552,0
1790180086811,1
1790180086811,0
1790180087227,1
1790180087227,0
1790180087263,1
1790180087268,0
1790180087312,1
1790180087312,0
1790180087817,1
1790180087818,0
1790180087840,1
1790180087860,0
1790180088010,1
1790180088011,0
1790180088069,1
1790180088069,0
1790180088099,1
1790180088114,0
1790180088127,1
1790180088155,0
1790180088173,1
1790180088173,0
1790180088205,1
1790180088215,0
1790180088234,1
1790180088234,0
1790180088674,1
1790180088674,0
1790180089140,1
1790180089141,0
1790180089165,1
1790180089183,0
1790180089335,1
1790180089335,0
1790180089365,1
1790180089375,0
1790180089482,1
1790180089483,0
1790180089510,1
1790180089522,0
1790180089533,1
1790180089533,0
1790180089571,1
1790180089571,0
1790180089651,1
1790180089651,0
1790180089746,1
1790180089746,0
1790180090180,1
1790180090180,0
1790180091227,1
1790180091227,0
1790180091468,1
1790180091468,0
1790180091497,1
1790180091510,0
1790180091785,1
1790180091785,0
1790180091812,1
1790180091831,0
1790180092122,1
1790180092122,0
1790180092153,1
1790180092163,0
1790180092178,1
1790180092178,0
1790180092213,1
1790180092213,0
1790180092238,1
1790180092238,0
1790180092287,1
1790180092293,0
1790180092790,1
1790180092790,0
1790180093118,1
1790180093118,0
1790180093313,1
1790180093313,0
1790180093696,1
1790180093696,0
1790180093718,1
1790180093736,0
1790180093753,1
1790180093778,0
1790180093784,1
1790180093784,0
1790180093813,1
1790180093813,0
1790180094099,1
1790180094099,0
1790180094129,1
1790180094144,0
1790180094149,1
1790180094149,0
1790180094237,1
1790180094237,0
1790180094252,1
1790180094277,0
1790180094290,1
1790180094290,0
1790180094319,1
1790180094319,0
1790180094407,1
1790180094408,0
