1790179830517,1
1790179830521,0
1790179830555,1
1790179830771,2
1790179830774,1
1790179830829,2
1790179830874,1
1790179830879,2
1790179830933,1
1790179830933,0
1790179831587,1
1790179831588,0
1790179833002,1
1790179833002,0
1790179833555,1
1790179833556,0
1790179833613,1
1790179833613,0
1790179833832,1
1790179833832,0
1790179834264,1
1790179834264,0
1790179834373,1
1790179834373,0
1790179834429,0
1790179834429,0
1790179834480,1
1790179834480,0
1790179834538,1
1790179834538,0
1790179834706,1
1790179834706,0
1790179834761,1
1790179834761,0
1790179834815,1
1790179834821,0
1790179834923,1
1790179834923,0
1790179834977,1
1790179834991,0
1790179835042,1
1790179835042,0
1790179835364,1
1790179835364,0
1790179835632,1
1790179835632,0
1790179836122,1
1790179836123,0
1790179836285,1
1790179836285,0
1790179836672,1
1790179836672,0
1790179836997,1
1790179836997,0
1790179837056,1
1790179837056,0
1790179837107,1
1790179837107,0
1790179838362,1
1790179838362,0
1790179838742,1
1790179838742,0
1790179839448,1
1790179839448,0
1790179839503,1
1790179839507,0
1790179840434,0
1790179840434,0
1790179840874,1
1790179840874,0
1790179841094,1
1790179841094,0
1790179842123,1
1790179842123,0
1790179842343,1
1790179842343,0
1790179842404,1
1790179842417,0
1790179842458,1
1790179842463,0
1790179842511,1
1790179842511,0
1790179842669,1
1790179842669,0
1790179842727,1
1790179842727,0
1790179842779,1
1790179842779,0
1790179842839,1
1790179842839,0
1790179843592,1
1790179843592,0
1790179843694,1
1790179843694,0
1790179843751,1
1790179843751,0
1790179843802,1
1790179843802,0
1790179843855,1
1790179843855,0
1790179845099,1
1790179845099,0
1790179845156,1
1790179845156,0
1790179845484,1
1790179845484,0
1790179845538,1
1790179845540,0
1790179845704,1
1790179845704,0
1790179846089,1
1790179846089,0
1790179846250,1
1790179846251,0
1790179846516,1
1790179846516,0
1790179846576,1
1790179846576,0
1790179846681,1
1790179846682,0
1790179846797,1
1790179846798,0
1790179846849,1
1790179846849,0
1790179846900,1
1790179846900,0
1790179846947,1
1790179846948,0
1790179847123,1
1790179847124,0
1790179847336,1
1790179847336,0
1790179847390,1
1790179847398,0
1790179847443,1
1790179847443,0
1790179847496,1
1790179847496,0
1790179847556,1
1790179847556,0
1790179847605,1
1790179847605,0
1790179847797,1
1790179847798,0
1790179848543,1
1790179848544,0
1790179849186,1
1790179849186,0
1790179849781,1
1790179849781,0
1790179851260,1
1790179851260,0
1790179851315,1
1790179851315,0
1790179851370,1
1790179851375,0
1790179851480,1
1790179851480,0
1790179851534,1
1790179851534,0
1790179851588,1
1790179851588,0
1790179851801,1
1790179851802,0
1790179852239,1
1790179852239,0
1790179852458,1
1790179852458,0
1790179852668,1
1790179852668,0
1790179853003,1
1790179853004,0
1790179853058,1
1790179853059,0
1790179853114,1
1790179853114,0
1790179853167,1
1790179853167,0
1790179853979,1
1790179853979,0
1790179854531,1
1790179854531,0
1790179854583,1
1790179854583,0
1790179854640,1
1790179854640,0
1790179854700,1
1790179854700,0
1790179854800,1
1790179854800,0
1790179854855,1
1790179854865,0
1790179855340,1
1790179855341,0
1790179855607,1
1790179855607,0
1790179855662,1
1790179855663,0
1790179855717,1
1790179855717,0
1790179856471,1
1790179856471,0
1790179856525,1
1790179856525,0
1790179856635,1
1790179856635,0
1790179856690,1
1790179856690,0
1790179856744,1
1790179856744,0
1790179857066,1
1790179857066,0
1790179857396,1
1790179857396,0
1790179858161,1
1790179858161,0
1790179858216,1
1790179858217,0
1790179858273,1
1790179858273,0
1790179858332,1
1790179858332,0
1790179858383,1
1790179858383,0
1790179858492,1
1790179858492,0
1790179859033,1
1790179859033,0
1790179859524,1
1790179859524,0
1790179859578,1
1790179859579,0
1790179859629,1
1790179859631,0
1790179859956,1
1790179859956,0
1790179860011,1
1790179860011,0
1790179860121,1
1790179860121,0
1790179860543,1
1790179860543,0
1790179860763,1
1790179860763,0
1790179860815,1
1790179860815,0
1790179860870,1
1790179860870,0
1790179860921,1
1790179860922,0
1790179861589,1
1790179861589,0
1790179861752,1
1790179861752,0
1790179861802,1
1790179861802,0
1790179862075,0
1790179862080,0
1790179862341,0
1790179862341,0
1790179862722,1
1790179862723,0
1790179863152,1
1790179863152,0
1790179863202,1
1790179863202,0
1790179863639,1
1790179863639,0
1790179863694,1
1790179863706,0
1790179864764,1
1790179864764,0
1790179865470,1
1790179865470,0
1790179865523,1
1790179865523,0
1790179865576,1
1790179865576,0
1790179865631,1
1790179865631,0
1790179865740,1
1790179865741,0
1790179865960,1
1790179865961,0
1790179866015,1
1790179866016,0
1790179866069,1
1790179866085,0
1790179866120,1
1790179866120,0
1790179866231,1
1790179866231,0
1790179866283,1
1790179866283,0
1790179866994,1
1790179866994,0
1790179867205,1
1790179867205,0
1790179867362,1
1790179867362,0
1790179867471,1
1790179867471,0
1790179867856,1
1790179867856,0
1790179868883,1
1790179868883,0
1790179869266,1
1790179869266,0
1790179869533,1
1790179869533,0
1790179869584,1
1790179869585,0
1790179869643,1
1790179869662,0
1790179869702,1
1790179869702,0
1790179869749,1
1790179869749,0
1790179869864,1
1790179869865,0
1790179871332,1
1790179871332,0
1790179871499,1
1790179871499,0
1790179871986,1
1790179871986,0
1790179872044,1
1790179872044,0
1790179872096,1
1790179872102,0
1790179872206,1
1790179872206,0
1790179872260,1
1790179872260,0
1790179872310,1
1790179872310,0
1790179873405,1
1790179873405,0
1790179873626,1
1790179873626,0
1790179873677,1
1790179873682,0
1790179874051,1
1790179874051,0
1790179874707,1
1790179874707,0
1790179875027,1
1790179875028,0
1790179875726,1
1790179875726,0
1790179875996,1
1790179875997,0
1790179876488,1
1790179876489,0
1790179876651,1
1790179876652,0
1790179876757,1
1790179876757,0
1790179878175,1
1790179878175,0
1790179878615,1
1790179878615,0
1790179878667,1
1790179878667,0
1790179878825,1
1790179878825,0
1790179879097,1
1790179879097,0
1790179879427,1
1790179879427,0
1790179879480,1
1790179879480,0
1790179879528,1
1790179879528,0
1790179879638,1
1790179879638,0
1790179879693,1
1790179879693,0
1790179879746,1
1790179879746,0
1790179880466,1
1790179880466,0
1790179880521,1
1790179880521,0
1790179880578,1
1790179880579,0
1790179880627,0
1790179880628,0
1790179880683,1
1790179880687,0
1790179880737,1
1790179880737,0
1790179880792,1
1790179880792,0
1790179880853,1
1790179880853,0
1790179880954,1
1790179880954,0
1790179881005,1
1790179881005,0
1790179881065,1
1790179881065,0
1790179881119,1
1790179881119,0
1790179881278,1
1790179881278,0
1790179881660,1
1790179881660,0
1790179881989,1
1790179881989,0
1790179882041,1
1790179882041,0
1790179882095,1
1790179882095,0
1790179882148,1
1790179882148,0
1790179882257,1
1790179882257,0
1790179882957,1
1790179882957,0
1790179883005,1
1790179883005,0
1790179883065,1
1790179883065,0
1790179883122,1
1790179883122,0
1790179883175,1
1790179883175,0
1790179883496,1
1790179883497,0
1790179885343,1
1790179885343,0
1790179885397,1
1790179885398,0
1790179885458,1
1790179885458,0
1790179885508,1
1790179885508,0
1790179885996,1
1790179885996,0
1790179886327,1
1790179886327,0
1790179886651,1
1790179886651,0
1790179886701,1
1790179886701,0
1790179886756,1
1790179886756,0
1790179887411,1
1790179887411,0
1790179887682,1
1790179887682,0
1790179887737,1
1790179887737,0
1790179887791,1
1790179887791,0
1790179887900,1
1790179887900,0
1790179887954,1
1790179887954,0
1790179888560,1
1790179888560,0
1790179888614,1
1790179888614,0
1790179888669,1
1790179888669,0
1790179889754,1
1790179889755,0
1790179889808,1
1790179889808,0
1790179889864,1
1790179889864,0
1790179890083,1
1790179890083,0
1790179890468,1
1790179890468,0
1790179890578,1
1790179890578,0
1790179890740,1
1790179890740,0
1790179891121,1
1790179891121,0
1790179891284,1
1790179891285,0
1790179891339,1
1790179891340,0
1790179891389,1
1790179891389,0
1790179891443,1
1790179891443,0
1790179891606,1
1790179891606,0
1790179891824,1
1790179891825,0
1790179891878,1
1790179891878,0
1790179891933,1
1790179891933,0
1790179892040,1
1790179892040,0
1790179892095,1
1790179892095,0
1790179892579,1
1790179892579,0
1790179892791,1
1790179892791,0
1790179892846,1
1790179892847,0
1790179892901,1
1790179892902,0
1790179892953,1
1790179892953,0
1790179893287,1
1790179893289,0
1790179893721,1
1790179893722,0
1790179893772,1
1790179893772,0
1790179893827,1
1790179893827,0
1790179893874,1
1790179893883,0
1790179893934,1
1790179893934,0
1790179893983,1
1790179893983,0
1790179894097,1
1790179894097,0
1790179894154,1
1790179894155,0
1790179894263,1
1790179894263,0
1790179894588,1
1790179894589,0
1790179894643,1
1790179894650,0
1790179894863,1
1790179894863,0
1790179895136,1
1790179895136,0
1790179895187,1
1790179895187,0
1790179895949,1
1790179895950,0
1790179896006,1
1790179896006,0
1790179896056,1
1790179896056,0
1790179896114,1
1790179896115,0
1790179896379,1
1790179896379,0
1790179897464,1
1790179897464,0
1790179897519,1
1790179897519,0
1790179897574,1
1790179897574,0
1790179897627,1
1790179897627,0
1790179897791,1
1790179897791,0
1790179897949,1
1790179897949,0
1790179898164,1
1790179898164,0
1790179898379,1
1790179898379,0
1790179899194,1
1790179899194,0
1790179899410,1
1790179899410,0
1790179899519,1
1790179899520,0
1790179899571,1
1790179899571,0
1790179899627,1
1790179899627,0
1790179899681,1
1790179899681,0
1790179899791,1
1790179899791,0
1790179900390,1
1790179900390,0
1790179900499,1
1790179900499,0
1790179901482,1
1790179901483,0
1790179901916,1
1790179901916,0
1790179902134,1
1790179902134,0
1790179902189,1
1790179902189,0
1790179902244,1
1790179902244,0
1790179902947,1
1790179902947,0
1790179904515,1
1790179904515,0
1790179904570,1
1790179904570,0
1790179904951,0
1790179904951,0
1790179905218,1
1790179905218,0
1790179905278,1
1790179905278,0
1790179905331,1
1790179905331,0
1790179905552,1
1790179905552,0
1790179905605,1
1790179905605,0
1790179906085,0
1790179906085,0
1790179906140,1
1790179906140,0
1790179906631,1
1790179906631,0
1790179907121,1
1790179907121,0
1790179907175,1
1790179907175,0
1790179907230,1
1790179907230,0
1790179907450,1
1790179907450,0
1790179907666,0
1790179907667,0
1790179908704,1
1790179908704,0
1790179908812,1
1790179908812,0
1790179908867,1
1790179908867,0
1790179908927,1
1790179908927,0
1790179908973,1
1790179908973,0
1790179909028,1
1790179909028,0
1790179910537,1
1790179910537,0
1790179910862,1
1790179910862,0
1790179910914,1
1790179910914,0
1790179910969,1
1790179910969,0
1790179911024,1
1790179911024,0
1790179911399,1
1790179911400,0
1790179911454,1
1790179911454,0
1790179911509,1
1790179911509,0
1790179911777,1
1790179911779,0
1790179911827,1
1790179911827,0
1790179911887,1
1790179911887,0
1790179911940,1
1790179911940,0
1790179911995,1
1790179911995,0
1790179912047,1
1790179912047,0
1790179912097,1
1790179912097,0
1790179913628,1
1790179913628,0
1790179913944,1
1790179913944,0
1790179914001,1
1790179914001,0
1790179914056,1
1790179914056,0
1790179914107,1
1790179914107,0
1790179914869,1
1790179914869,0
1790179915360,1
1790179915360,0
1790179915411,1
1790179915411,0
1790179915460,1
1790179915460,0
1790179915844,1
1790179915844,0
1790179915951,1
1790179915951,0
1790179917297,1
1790179917297,0
1790179918384,1
1790179918384,0
1790179918814,1
1790179918815,0
1790179918867,1
1790179918867,0
1790179919308,1
1790179919308,0
1790179919362,1
1790179919362,0
1790179919965,1
1790179919965,0
1790179920394,1
1790179920395,0
1790179920500,1
1790179920500,0
1790179920554,1
1790179920554,0
1790179920609,1
1790179920609,0
1790179921155,1
1790179921155,0
1790179921210,1
1790179921210,0
1790179921268,1
1790179921268,0
1790179921318,1
1790179921331,0
1790179921855,1
1790179921855,0
1790179922124,1
1790179922124,0
1790179922396,1
1790179922396,0
1790179923950,1
1790179923950,0
1790179924005,1
1790179924005,0
1790179924113,1
1790179924113,0
1790179924440,1
1790179924440,0
1790179924553,1
1790179924553,0
1790179925259,1
1790179925259,0
1790179925314,1
1790179925314,0
1790179925362,1
1790179925370,0
1790179925420,1
1790179925420,0
1790179926187,1
1790179926187,0
1790179926237,1
1790179926241,0
1790179926672,1
1790179926672,0
1790179926726,1
1790179926726,0
1790179927313,1
1790179927313,0
1790179927365,1
1790179927365,0
1790179927420,1
1790179927420,0
1790179927479,1
1790179927480,0
1790179927583,1
1790179927583,0
1790179928186,1
1790179928187,0
1790179928236,1
1790179928243,0
1790179928350,1
1790179928350,0
1790179928405,1
1790179928405,0
1790179928456,1
1790179928456,0
1790179928507,1
1790179928507,0
1790179928889,1
1790179928889,0
1790179928945,1
1790179928945,0
1790179928998,1
1790179928998,0
1790179929269,1
1790179929270,0
1790179930306,1
1790179930306,0
1790179930361,1
1790179930361,0
1790179931332,1
1790179931332,0
1790179931824,1
1790179931824,0
1790179931879,1
1790179931879,0
1790179932151,1
1790179932151,0
1790179932314,1
1790179932314,0
1790179932698,1
1790179932698,0
1790179932753,1
1790179932760,0
1790179932861,1
1790179932861,0
1790179932916,1
1790179932916,0
1790179933781,1
1790179933782,0
1790179933888,1
1790179933888,0
1790179933942,1
1790179933942,0
1790179934218,1
1790179934218,0
1790179934273,1
1790179934280,0
1790179934328,1
1790179934334,0
1790179934380,1
1790179934380,0
1790179934435,1
1790179934438,0
1790179934493,1
1790179934493,0
1790179934872,1
1790179934873,0
1790179934931,1
1790179934931,0
1790179934981,1
1790179934983,0
1790179935092,1
1790179935092,0
1790179935146,1
1790179935146,0
1790179935201,1
1790179935201,0
1790179935472,1
1790179935472,0
1790179935527,1
1790179935527,0
1790179935963,1
1790179935963,0
1790179936013,1
1790179936013,0
1790179936606,1
1790179936606,0
1790179936666,1
1790179936667,0
1790179936721,1
1790179936721,0
1790179936775,1
1790179936775,0
1790179936878,1
1790179936878,0
1790179937138,1
1790179937138,0
1790179937194,1
1790179937195,0
1790179937245,1
1790179937245,0
1790179937631,1
1790179937631,0
1790179937681,1
1790179937685,0
1790179937736,1
1790179937736,0
1790179937791,1
1790179937791,0
1790179937902,1
1790179937902,0
1790179938886,1
1790179938886,0
1790179939538,1
1790179939538,0
1790179940251,1
1790179940251,0
1790179940305,1
1790179940305,0
1790179940361,1
1790179940361,0
1790179940416,1
1790179940416,0
1790179941660,1
1790179941660,0
1790179941710,1
1790179941712,0
1790179941984,1
1790179941984,0
1790179943060,1
1790179943060,0
1790179943275,1
1790179943275,0
1790179943495,1
1790179943495,0
1790179943713,1
1790179943713,0
1790179944153,1
1790179944153,0
1790179944796,1
1790179944796,0
1790179945604,1
1790179945604,0
1790179945659,1
1790179945659,0
1790179945872,1
1790179945872,0
1790179945929,1
1790179945929,0
1790179945985,1
1790179945985,0
1790179946040,1
1790179946040,0
1790179946095,1
1790179946095,0
1790179947295,1
1790179947295,0
1790179947348,1
1790179947348,0
1790179947895,1
1790179947895,0
1790179948270,1
1790179948270,0
1790179948431,1
1790179948431,0
1790179948652,1
1790179948653,0
1790179948872,1
1790179948872,0
1790179950019,1
1790179950019,0
1790179950078,1
1790179950078,0
1790179950131,1
1790179950131,0
1790179950186,1
1790179950186,0
1790179950292,1
1790179950292,0
1790179950347,1
1790179950347,0
1790179950737,1
1790179950737,0
1790179950788,1
1790179950805,0
1790179950841,1
1790179950850,0
1790179952630,1
1790179952630,0
1790179952679,1
1790179952679,0
1790179952734,1
1790179952734,0
1790179953388,1
1790179953388,0
1790179954696,1
1790179954696,0
1790179954751,1
1790179954751,0
1790179954799,1
1790179954800,0
1790179955074,1
1790179955074,0
1790179955566,1
1790179955566,0
1790179955615,1
1790179955620,0
1790179955895,1
1790179955895,0
1790179956059,1
1790179956059,0
1790179956924,1
1790179956924,0
1790179956982,1
1790179956982,0
1790179957037,1
1790179957037,0
1790179957476,1
1790179957476,0
1790179957531,1
1790179957532,0
1790179959606,1
1790179959607,0
1790179959874,1
1790179959874,0
1790179959929,1
1790179959929,0
1790179959984,1
1790179959984,0
1790179960202,1
1790179960202,0
1790179961402,1
1790179961402,0
1790179961458,1
1790179961458,0
1790179961512,1
1790179961512,0
1790179961567,1
1790179961567,0
1790179962164,1
1790179962165,0
1790179962219,1
1790179962219,0
1790179962321,1
1790179962321,0
1790179962762,1
1790179962762,0
1790179963195,1
1790179963195,0
1790179963250,1
1790179963250,0
1790179963415,1
1790179963415,0
1790179963471,1
1790179963471,0
1790179963526,1
1790179963526,0
1790179963580,1
1790179963580,0
1790179963632,1
1790179963632,0
1790179963686,1
1790179963687,0
1790179963853,1
1790179963853,0
1790179963904,1
1790179963904,0
1790179964721,1
1790179964721,0
1790179965438,1
1790179965438,0
1790179965542,1
1790179965542,0
1790179965596,1
1790179965596,0
1790179965651,1
1790179965651,0
1790179965705,1
1790179965705,0
1790179965868,1
1790179965868,0
1790179966467,1
1790179966467,0
1790179966575,1
1790179966575,0
1790179966626,1
1790179966626,0
1790179966681,1
1790179966681,0
1790179966736,1
1790179966736,0
1790179966892,1
1790179966893,0
1790179967277,1
1790179967277,0
1790179967608,1
1790179967609,0
1790179967659,1
1790179967660,0
1790179967710,1
1790179967710,0
1790179967770,1
1790179967770,0
1790179967990,1
1790179967990,0
1790179968045,1
1790179968045,0
1790179968375,1
1790179968375,0
1790179968427,1
1790179968427,0
1790179968482,1
1790179968482,0
1790179968642,1
1790179968642,0
1790179968695,1
1790179968695,0
1790179968751,1
1790179968751,0
1790179968799,1
1790179968799,0
1790179969180,1
1790179969180,0
1790179969239,1
1790179969239,0
1790179969289,1
1790179969289,0
1790179969561,1
1790179969561,0
1790179970376,1
1790179970377,0
1790179970707,1
1790179970707,0
1790179970753,1
1790179970753,0
1790179970813,1
1790179970813,0
1790179970865,1
1790179970865,0
1790179971080,1
1790179971081,0
1790179971136,1
1790179971136,0
1790179971462,1
1790179971462,0
1790179971514,1
1790179971514,0
1790179971569,1
1790179971569,0
1790179971681,1
1790179971681,0
1790179973303,1
1790179973304,0
1790179973355,1
1790179973355,0
1790179973412,1
1790179973412,0
1790179973627,1
1790179973627,0
1790179973682,1
1790179973682,0
1790179974547,1
1790179974547,0
1790179974600,1
1790179974600,0
1790179975856,1
1790179975856,0
1790179975911,1
1790179975911,0
1790179975965,1
1790179975965,0
1790179976020,1
1790179976020,0
1790179976563,1
1790179976563,0
1790179976779,1
1790179976779,0
1790179977277,1
1790179977277,0
1790179977331,1
1790179977331,0
1790179978807,1
1790179978807,0
1790179979195,1
1790179979198,0
1790179979303,1
1790179979303,0
1790179979847,1
1790179979847,0
1790179981379,1
1790179981379,0
1790179981433,1
1790179981433,0
1790179981488,1
1790179981488,0
1790179981920,1
1790179981921,0
1790179981975,1
1790179981975,0
1790179982469,1
1790179982469,0
1790179982521,1
1790179982521,0
1790179984046,1
1790179984046,0
1790179984100,1
1790179984100,0
1790179984647,1
1790179984647,0
1790179984923,1
1790179984923,0
1790179984977,1
1790179984977,0
1790179985142,1
1790179985142,0
1790179985414,1
1790179985414,0
1790179985685,1
1790179985686,0
1790179985900,1
1790179985900,0
1790179986232,1
1790179986232,0
1790179986283,1
1790179986283,0
1790179986341,1
1790179986341,0
1790179986397,1
1790179986397,0
1790179986506,1
1790179986506,0
1790179986942,1
1790179986942,0
1790179987100,1
1790179987100,0
1790179987532,1
1790179987532,0
1790179987641,1
1790179987641,0
1790179987692,1
1790179987692,0
1790179988501,1
1790179988501,0
1790179990571,1
1790179990571,0
1790179990625,1
1790179990638,0
1790179990731,1
1790179990731,0
1790179990786,1
1790179990786,0
1790179991329,1
1790179991329,0
1790179991711,1
1790179991711,0
1790179991882,1
1790179991882,0
1790179992376,1
1790179992377,0
1790179992648,1
1790179992648,0
1790179993297,1
1790179993297,0
1790179993460,1
1790179993460,0
1790179993512,1
1790179993512,0
1790179993569,1
1790179993569,0
1790179993624,1
1790179993624,0
1790179994005,1
1790179994005,0
1790179994065,1
1790179994065,0
1790179994119,1
1790179994119,0
1790179994339,1
1790179994339,0
1790179996030,1
1790179996030,0
1790179996249,1
1790179996249,0
1790179996405,1
1790179996405,0
1790179996848,1
1790179996848,0
1790179998156,1
1790179998156,0
1790179998206,1
1790179998206,0
1790179998266,1
1790179998266,0
1790179998592,1
1790179998592,0
1790179998926,1
1790179998926,0
1790179999145,1
1790179999145,0
1790179999416,1
1790179999416,0
1790179999468,1
1790179999468,0
1790180000236,1
1790180000236,0
1790180000289,1
1790180000289,0
1790180000344,1
1790180000344,0
1790180001050,1
1790180001050,0
1790180001105,1
1790180001105,0
1790180001159,1
1790180001159,0
1790180001430,1
1790180001430,0
1790180001705,1
1790180001705,0
1790180002032,1
1790180002035,0
1790180002466,1
1790180002466,0
