1790179561969,1
1790179561974,0
1790179562688,0
1790179562689,0
1790179562862,1
1790179562862,0
1790179563341,1
1790179563341,0
1790179563505,1
1790179563505,0
1790179563563,1
1790179563579,0
1790179563618,1
1790179563618,0
1790179563668,1
1790179563668,0
1790179563996,1
1790179563996,0
1790179565024,1
1790179565025,0
1790179565292,1
1790179565292,0
1790179565346,1
1790179565380,0
1790179566005,1
1790179566005,0
1790179566493,1
1790179566494,0
1790179566554,1
1790179566554,0
1790179566600,1
1790179566600,0
1790179567083,1
1790179567083,0
1790179567407,1
1790179567407,0
1790179567511,1
1790179567511,0
1790179567564,1
1790179567564,0
1790179567623,1
1790179567623,0
1790179569523,1
1790179569523,0
1790179570497,1
1790179570497,0
1790179570550,1
1790179570551,0
1790179570711,1
1790179570712,0
1790179571587,1
1790179571587,0
1790179572022,1
1790179572022,0
1790179572077,1
1790179572077,0
1790179572618,1
1790179572618,0
1790179572677,1
1790179572677,0
1790179572726,1
1790179572726,0
1790179572833,1
1790179572833,0
1790179572891,1
1790179572892,0
1790179572944,0
1790179572944,0
1790179573269,1
1790179573270,0
1790179573545,1
1790179573545,0
1790179573598,1
1790179573611,0
1790179574041,1
1790179574041,0
1790179574847,1
1790179574847,0
1790179574903,1
1790179574903,0
1790179574965,1
1790179574965,0
1790179575012,1
1790179575012,0
1790179575929,1
1790179575930,0
1790179575984,1
1790179575987,0
1790179576039,1
1790179576039,0
1790179576974,1
1790179576974,0
1790179577029,1
1790179577031,0
1790179577084,1
1790179577084,0
1790179577139,1
1790179577139,0
1790179577967,1
1790179577967,0
1790179579291,1
1790179579291,0
1790179579342,1
1790179579342,0
1790179579540,1
1790179579540,0
1790179579594,1
1790179579594,0
1790179579646,1
1790179579646,0
1790179579701,1
1790179579701,0
1790179580518,1
1790179580518,0
1790179581494,1
1790179581494,0
1790179581545,1
1790179581545,0
1790179581819,1
1790179581819,0
1790179582357,1
1790179582358,0
1790179582414,1
1790179582414,0
1790179582515,1
1790179582516,0
1790179582575,1
1790179582579,0
1790179583497,1
1790179583498,0
1790179583551,1
1790179583551,0
1790179583602,1
1790179583602,0
1790179583930,1
1790179583930,0
1790179584681,1
1790179584681,0
1790179584733,1
1790179584733,0
1790179584785,1
1790179584785,0
1790179584843,1
1790179584843,0
1790179585603,1
1790179585603,0
1790179585657,1
1790179585665,0
1790179585709,1
1790179585709,0
1790179585766,1
1790179585766,0
1790179585821,1
1790179585821,0
1790179585876,1
1790179585876,0
1790179585933,1
1790179585934,0
1790179586205,1
1790179586206,0
1790179586419,1
1790179586419,0
1790179586474,1
1790179586474,0
1790179586528,1
1790179586528,0
1790179586581,1
1790179586581,0
1790179586635,1
1790179586635,0
1790179588528,1
1790179588529,0
1790179588586,1
1790179588592,0
1790179589294,1
1790179589294,0
1790179589779,1
1790179589779,0
1790179590059,1
1790179590059,0
1790179590543,1
1790179590543,0
1790179590807,1
1790179590808,0
1790179591346,1
1790179591346,0
1790179592168,1
1790179592168,0
1790179592221,1
1790179592222,0
1790179592762,1
1790179592764,0
1790179592920,1
1790179592920,0
1790179592977,1
1790179592977,0
1790179593032,1
1790179593033,0
1790179593087,1
1790179593087,0
1790179593194,1
1790179593194,0
1790179593469,1
1790179593469,0
1790179593522,1
1790179593522,0
1790179593577,1
1790179593577,0
1790179593789,1
1790179593789,0
1790179594282,1
1790179594282,0
1790179594438,1
1790179594439,0
1790179594869,1
1790179594870,0
1790179594922,1
1790179594923,0
1790179594975,1
1790179594976,0
1790179595030,1
1790179595030,0
1790179595085,1
1790179595085,0
1790179595134,1
1790179595134,0
1790179595727,1
1790179595727,0
1790179595780,1
1790179595784,0
1790179595890,1
1790179595890,0
1790179596213,1
1790179596214,0
1790179596861,1
1790179596861,0
1790179596918,1
1790179596918,0
1790179597410,1
1790179597411,0
1790179597447,1
1790179597448,0
1790179598262,1
1790179598262,0
1790179598531,1
1790179598531,0
1790179598585,1
1790179598585,0
1790179598639,1
1790179598639,0
1790179598693,0
1790179598694,0
1790179598908,1
1790179598908,0
1790179599071,1
1790179599071,0
1790179599126,1
1790179599130,0
1790179599174,1
1790179599174,0
1790179599229,1
1790179599229,0
1790179599933,0
1790179599934,0
1790179600308,1
1790179600308,0
1790179600421,1
1790179600422,0
1790179600799,1
1790179600800,0
1790179601015,1
1790179601015,0
1790179601069,1
1790179601070,0
1790179601123,1
1790179601124,0
1790179601173,1
1790179601199,0
1790179601224,1
1790179601224,0
1790179601282,1
1790179601283,0
1790179601386,1
1790179601386,0
1790179601606,1
1790179601606,0
1790179602101,1
1790179602101,0
1790179602369,1
1790179602369,0
1790179603026,1
1790179603026,0
1790179604778,1
1790179604778,0
1790179604822,1
1790179604830,0
1790179604880,1
1790179604880,0
1790179604934,1
1790179604934,0
1790179605259,1
1790179605260,0
1790179605317,1
1790179605317,0
1790179605371,1
1790179605371,0
1790179605424,1
1790179605424,0
1790179605479,1
1790179605479,0
1790179605587,1
1790179605587,0
1790179605803,1
1790179605804,0
1790179605858,1
1790179605858,0
1790179605906,1
1790179605906,0
1790179605966,1
1790179605966,0
1790179607600,1
1790179607600,0
1790179608198,1
1790179608198,0
1790179608355,1
1790179608355,0
1790179608409,1
1790179608409,0
1790179608466,1
1790179608466,0
1790179608515,1
1790179608515,0
1790179609221,1
1790179609221,0
1790179609665,1
1790179609665,0
1790179609714,1
1790179609714,0
1790179610310,1
1790179610311,0
1790179610636,1
1790179610636,0
1790179611669,1
1790179611669,0
1790179611826,1
1790179611826,0
1790179611881,1
1790179611881,0
1790179612314,1
1790179612314,0
1790179612857,1
1790179612857,0
1790179612910,1
1790179612910,0
1790179613774,1
1790179613775,0
1790179613831,1
1790179613831,0
1790179614210,1
1790179614210,0
1790179615396,1
1790179615397,0
1790179615446,1
1790179615446,0
1790179615558,1
1790179615558,0
1790179615608,1
1790179615608,0
1790179615667,1
1790179615667,0
1790179615723,1
1790179615723,0
1790179616541,1
1790179616541,0
1790179616922,1
1790179616922,0
1790179617081,1
1790179617081,0
1790179618091,1
1790179618093,0
1790179618297,1
1790179618298,0
1790179618889,1
1790179618889,0
1790179620665,1
1790179620666,0
1790179620717,1
1790179620718,0
1790179620774,1
1790179620774,0
1790179620826,1
1790179620826,0
1790179621043,1
1790179621043,0
1790179621094,1
1790179621095,0
1790179621958,1
1790179621958,0
1790179622547,1
1790179622547,0
1790179623578,1
1790179623578,0
1790179623632,1
1790179623632,0
1790179623738,1
1790179623738,0
1790179623791,1
1790179623791,0
1790179623850,1
1790179623850,0
1790179623901,1
1790179623901,0
1790179624011,1
1790179624011,0
1790179624067,1
1790179624067,0
1790179624449,1
1790179624449,0
1790179624713,1
1790179624713,0
1790179625471,1
1790179625471,0
1790179625686,1
1790179625686,0
1790179625791,1
1790179625791,0
1790179625842,1
1790179625842,0
1790179625893,1
1790179625893,0
1790179625945,1
1790179625945,0
1790179625993,1
1790179626005,0
1790179626107,1
1790179626107,0
1790179626702,1
1790179626702,0
1790179627189,1
1790179627189,0
1790179627239,1
1790179627239,0
1790179628054,1
1790179628055,0
1790179628596,1
1790179628597,0
1790179628642,1
1790179628643,0
1790179629352,1
1790179629352,0
1790179630379,1
1790179630379,0
1790179630653,1
1790179630653,0
1790179630708,1
1790179630708,0
1790179632231,1
1790179632231,0
1790179632822,1
1790179632822,0
1790179633693,1
1790179633693,0
1790179633853,1
1790179633853,0
1790179634014,1
1790179634014,0
1790179634069,1
1790179634069,0
1790179634130,1
1790179634130,0
1790179634173,1
1790179634173,0
1790179634337,1
1790179634337,0
1790179634548,1
1790179634548,0
1790179634603,1
1790179634603,0
1790179634664,1
1790179634664,0
1790179634768,1
1790179634768,0
1790179634823,1
1790179634823,0
1790179634985,1
1790179634985,0
1790179635429,1
1790179635429,0
1790179635478,1
1790179635478,0
1790179636030,1
1790179636030,0
1790179636353,1
1790179636353,0
1790179636834,1
1790179636834,0
1790179636889,1
1790179636889,0
1790179637109,1
1790179637109,0
1790179637164,1
1790179637164,0
1790179637225,1
1790179637225,0
1790179637274,1
1790179637278,0
1790179637380,1
1790179637380,0
1790179638136,1
1790179638136,0
1790179638191,1
1790179638191,0
1790179638244,1
1790179638247,0
1790179638300,1
1790179638301,0
1790179638623,1
1790179638623,0
1790179638900,1
1790179638900,0
1790179638951,1
1790179638951,0
1790179639934,1
1790179639934,0
1790179639988,1
1790179639988,0
1790179640044,1
1790179640044,0
1790179640204,1
1790179640204,0
1790179640261,1
1790179640261,0
1790179640312,1
1790179640312,0
1790179640365,1
1790179640365,0
1790179640417,1
1790179640423,0
1790179640473,1
1790179640474,0
1790179640526,1
1790179640526,0
1790179641128,1
1790179641128,0
1790179641178,1
1790179641178,0
1790179641564,1
1790179641565,0
1790179641941,1
1790179641941,0
1790179642597,1
1790179642598,0
1790179642968,1
1790179642968,0
1790179643293,1
1790179643293,0
1790179643341,1
1790179643341,0
1790179643397,1
1790179643397,0
1790179643455,1
1790179643455,0
1790179643510,1
1790179643510,0
1790179643565,1
1790179643571,0
1790179644051,1
1790179644051,0
1790179644105,1
1790179644105,0
1790179644642,1
1790179644642,0
1790179644807,1
1790179644807,0
1790179645081,1
1790179645081,0
1790179645135,1
1790179645135,0
1790179645293,1
1790179645293,0
1790179645690,1
1790179645690,0
1790179646268,1
1790179646268,0
1790179646922,1
1790179646922,0
1790179646973,1
1790179647000,0
1790179647029,1
1790179647051,0
1790179647240,1
1790179647240,0
1790179647885,1
1790179647885,0
1790179648104,1
1790179648104,0
1790179648379,1
1790179648380,0
1790179648434,1
1790179648434,0
1790179648488,1
1790179648488,0
1790179648544,1
1790179648544,0
1790179648599,1
1790179648599,0
1790179648707,1
1790179648707,0
1790179648815,1
1790179648816,0
1790179648870,1
1790179648870,0
1790179648980,1
1790179648980,0
1790179649035,1
1790179649035,0
1790179649085,1
1790179649085,0
1790179649802,1
1790179649802,0
1790179649855,1
1790179649855,0
1790179649911,1
1790179649911,0
1790179650022,1
1790179650022,0
1790179650076,1
1790179650076,0
1790179650131,1
1790179650131,0
1790179650186,1
1790179650186,0
1790179651276,1
1790179651276,0
1790179651331,1
1790179651331,0
1790179651387,1
1790179651387,0
1790179654161,1
1790179654161,0
1790179654215,1
1790179654215,0
1790179654270,1
1790179654272,0
1790179654490,1
1790179654490,0
1790179655210,1
1790179655210,0
1790179655249,1
1790179655257,0
1790179655303,1
1790179655303,0
1790179655355,1
1790179655362,0
1790179655515,1
1790179655515,0
1790179655622,1
1790179655622,0
1790179655944,1
1790179655944,0
1790179658054,1
1790179658054,0
1790179658109,1
1790179658117,0
1790179658162,1
1790179658167,0
1790179658276,1
1790179658276,0
1790179658330,1
1790179658331,0
1790179658380,1
1790179658380,0
1790179658490,1
1790179658490,0
1790179658544,1
1790179658544,0
1790179659515,1
1790179659515,0
1790179659567,1
1790179659567,0
1790179660003,1
1790179660003,0
1790179660165,1
1790179660165,0
1790179660220,1
1790179660220,0
1790179660662,1
1790179660662,0
1790179661041,1
1790179661041,0
1790179662071,1
1790179662071,0
1790179662126,1
1790179662138,0
1790179662612,1
1790179662612,0
1790179662668,1
1790179662668,0
1790179662826,1
1790179662826,0
1790179663366,1
1790179663366,0
1790179663585,1
1790179663585,0
1790179664931,1
1790179664932,0
1790179664983,1
1790179664986,0
1790179665038,1
1790179665038,0
1790179665090,0
1790179665090,0
1790179665410,1
1790179665411,0
1790179665949,1
1790179665949,0
1790179666007,1
1790179666008,0
1790179666057,1
1790179666062,0
1790179666115,1
1790179666115,0
1790179666179,1
1790179666179,0
1790179666440,1
1790179666440,0
1790179666653,1
1790179666653,0
1790179666819,1
1790179666820,0
1790179668217,1
1790179668217,0
1790179668982,1
1790179668982,0
1790179669359,1
1790179669359,0
1790179669526,1
1790179669526,0
1790179669581,1
1790179669581,0
1790179669633,1
1790179669633,0
1790179669683,1
1790179669683,0
1790179670064,1
1790179670064,0
1790179670115,1
1790179670115,0
1790179670168,1
1790179670170,0
1790179670223,1
1790179670223,0
1790179670931,1
1790179670932,0
1790179671041,1
1790179671042,0
1790179671479,1
1790179671480,0
1790179671526,1
1790179671534,0
1790179672394,1
1790179672394,0
1790179672982,1
1790179672982,0
1790179673356,1
1790179673356,0
1790179673896,1
1790179673897,0
1790179673951,1
1790179673951,0
1790179674386,1
1790179674386,0
1790179675087,1
1790179675087,0
1790179675578,1
1790179675578,0
1790179675629,1
1790179675633,0
1790179675744,1
1790179675744,0
1790179675798,1
1790179675798,0
1790179675853,1
1790179675853,0
1790179675909,1
1790179675909,0
1790179676184,1
1790179676184,0
1790179676782,1
1790179676783,0
1790179676837,1
1790179676838,0
1790179676889,1
1790179676889,0
1790179676994,1
1790179676994,0
1790179677047,1
1790179677047,0
1790179677475,1
1790179677475,0
1790179677584,1
1790179677585,0
1790179677960,1
1790179677960,0
1790179678663,1
1790179678663,0
1790179678719,1
1790179678720,0
1790179679050,1
1790179679050,0
1790179679104,1
1790179679104,0
1790179679264,1
1790179679264,0
1790179679321,1
1790179679321,0
1790179679378,1
1790179679378,0
1790179679431,1
1790179679431,0
1790179679484,1
1790179679484,0
1790179680077,1
1790179680077,0
1790179680131,1
1790179680132,0
1790179680242,1
1790179680242,0
1790179681278,1
1790179681278,0
1790179681328,1
1790179681334,0
1790179681707,1
1790179681707,0
1790179681864,1
1790179681864,0
1790179682132,1
1790179682132,0
1790179682179,1
1790179682179,0
1790179682620,1
1790179682620,0
1790179682881,1
1790179682881,0
1790179683312,1
1790179683312,0
1790179683427,1
1790179683427,0
1790179683476,1
1790179683476,0
1790179683527,1
1790179683527,0
1790179683579,1
1790179683591,0
1790179683904,1
1790179683904,0
1790179684118,1
1790179684118,0
1790179684334,1
1790179684334,0
1790179684386,1
1790179684392,0
1790179684435,1
1790179684440,0
1790179684494,1
1790179684494,0
1790179684547,1
1790179684550,0
1790179684602,1
1790179684602,0
1790179685948,1
1790179685948,0
1790179687507,1
1790179687507,0
1790179687562,1
1790179687562,0
1790179687615,1
1790179687619,0
1790179687671,1
1790179687671,0
1790179688796,1
1790179688796,0
1790179691071,1
1790179691071,0
1790179691124,1
1790179691135,0
1790179691178,1
1790179691178,0
1790179691231,1
1790179691231,0
1790179691341,1
1790179691341,0
1790179691396,1
1790179691396,0
1790179691558,1
1790179691558,0
1790179691830,1
1790179691830,0
1790179691883,1
1790179691887,0
1790179691937,1
1790179691937,0
1790179692100,1
1790179692100,0
1790179692318,1
1790179692318,0
1790179693012,1
1790179693012,0
1790179693065,1
1790179693065,0
1790179693555,1
1790179693555,0
1790179693931,1
1790179693931,0
1790179694590,1
1790179694590,0
1790179695025,1
1790179695025,0
1790179695240,1
1790179695240,0
1790179695287,1
1790179695287,0
1790179695347,1
1790179695347,0
1790179695401,1
1790179695401,0
1790179695456,1
1790179695458,0
1790179695510,1
1790179695515,0
1790179696275,1
1790179696275,0
1790179696331,1
1790179696331,0
1790179696387,1
1790179696387,0
1790179696712,1
1790179696712,0
1790179696985,1
1790179696986,0
1790179697626,1
1790179697626,0
1790179697741,1
1790179697741,0
1790179698726,1
1790179698726,0
1790179699052,1
1790179699052,0
1790179700821,1
1790179700821,0
1790179702219,1
1790179702220,0
1790179702276,1
1790179702276,0
1790179702331,1
1790179702331,0
1790179702602,1
1790179702602,0
1790179702653,1
1790179702662,0
1790179702708,1
1790179702711,0
1790179704663,1
1790179704663,0
1790179704882,1
1790179704882,0
1790179704991,1
1790179704991,0
1790179705045,1
1790179705045,0
1790179705104,1
1790179705104,0
1790179705159,1
1790179705159,0
1790179705266,1
1790179705266,0
1790179705485,1
1790179705485,0
1790179705863,1
1790179705863,0
1790179705915,1
1790179705915,0
1790179705970,1
1790179705970,0
1790179707265,1
1790179707265,0
1790179707314,1
1790179707327,0
1790179707904,1
1790179707905,0
1790179709037,1
1790179709037,0
1790179709795,1
1790179709795,0
1790179709849,1
1790179709855,0
1790179709904,1
1790179709904,0
1790179710445,1
1790179710445,0
1790179710495,1
1790179710495,0
1790179710554,1
1790179710554,0
1790179710876,1
1790179710876,0
1790179710930,1
1790179710930,0
1790179710982,1
1790179710982,0
1790179711038,1
1790179711038,0
1790179711151,1
1790179711151,0
1790179711202,1
1790179711202,0
1790179711252,1
1790179711252,0
1790179711307,1
1790179711307,0
1790179711359,1
1790179711359,0
1790179712126,1
1790179712126,0
1790179712452,1
1790179712452,0
1790179712670,1
1790179712670,0
1790179713160,1
1790179713160,0
1790179713433,1
1790179713434,0
1790179713539,1
1790179713540,0
1790179713597,1
1790179713597,0
1790179713642,1
1790179713642,0
1790179713699,1
1790179713699,0
1790179714629,1
1790179714629,0
1790179714684,1
1790179714684,0
1790179714793,1
1790179714793,0
1790179714848,1
1790179714849,0
1790179714906,1
1790179714907,0
1790179715285,1
1790179715285,0
1790179715345,1
1790179715386,0
1790179715393,1
1790179715393,0
1790179715459,1
1790179715459,0
1790179715608,1
1790179715608,0
1790179716038,1
1790179716038,0
1790179716092,1
1790179716092,0
1790179716515,1
1790179716515,0
1790179717060,1
1790179717060,0
1790179717115,1
1790179717115,0
1790179717549,1
1790179717549,0
1790179717878,1
1790179717878,0
1790179717926,1
1790179717926,0
1790179717980,1
1790179717980,0
1790179718193,1
1790179718193,0
1790179718631,1
1790179718631,0
1790179718737,1
1790179718737,0
1790179718793,1
1790179718793,0
1790179719386,1
1790179719386,0
1790179719437,1
1790179719438,0
1790179719490,1
1790179719490,0
1790179719545,1
1790179719545,0
1790179720089,1
1790179720089,0
1790179720251,1
1790179720251,0
1790179720308,1
1790179720308,0
1790179720360,1
1790179720360,0
1790179721446,1
1790179721446,0
1790179721503,1
1790179721503,0
1790179721558,1
1790179721558,0
1790179721613,1
1790179721613,0
1790179722840,1
1790179722840,0
1790179722898,1
1790179722898,0
1790179723169,1
1790179723169,0
1790179723227,1
1790179723227,0
1790179723281,1
1790179723281,0
1790179723767,1
1790179723767,0
1790179724426,1
1790179724426,0
1790179724476,1
1790179724476,0
1790179724853,1
1790179724853,0
1790179725013,1
1790179725013,0
1790179725230,1
1790179725230,0
1790179725284,1
1790179725286,0
1790179725336,1
1790179725336,0
1790179725884,1
1790179725884,0
1790179726100,1
1790179726100,0
1790179726155,1
1790179726155,0
1790179726210,1
1790179726210,0
1790179726523,1
1790179726524,0
1790179726795,1
1790179726795,0
1790179726904,1
1790179726904,0
1790179727540,1
1790179727540,0
1790179728346,1
1790179728346,0
1790179728397,1
1790179728397,0
1790179728450,1
1790179728450,0
1790179729326,1
1790179729326,0
1790179729920,1
1790179729920,0
1790179730027,1
1790179730027,0
1790179730082,1
1790179730083,0
1790179730134,1
1790179730134,0
1790179730357,1
1790179730357,0
1790179730578,1
1790179730578,0
1790179732100,1
1790179732100,0
1790179732153,1
1790179732153,0
1790179732478,1
1790179732478,0
1790179732532,1
1790179732532,0
