1790179561261,1
1790179561268,0
1790179561299,1
1790179561519,2
1790179561528,1
1790179561571,2
1790179561632,3
1790179561632,2
1790179561693,1
1790179561694,0
1790179562322,1
1790179562322,0
1790179563719,1
1790179563720,0
1790179564269,1
1790179564269,0
1790179564325,1
1790179564325,0
1790179564541,1
1790179564541,0
1790179564967,1
1790179564967,0
1790179565073,0
1790179565073,0
1790179565128,1
1790179565128,0
1790179565182,1
1790179565182,0
1790179565235,1
1790179565235,0
1790179565401,1
1790179565401,0
1790179565457,1
1790179565457,0
1790179565511,1
1790179565511,0
1790179565618,1
1790179565619,0
1790179565672,1
1790179565673,0
1790179565740,1
1790179565740,0
1790179566058,1
1790179566058,0
1790179566333,1
1790179566333,0
1790179566818,1
1790179566819,0
1790179566975,1
1790179566975,0
1790179567352,1
1790179567352,0
1790179567675,1
1790179567675,0
1790179567730,1
1790179567730,0
1790179567784,1
1790179567784,0
1790179569026,1
1790179569027,0
1790179569411,1
1790179569411,0
1790179570108,1
1790179570108,0
1790179570167,1
1790179570175,0
1790179571093,0
1790179571093,0
1790179571527,1
1790179571527,0
1790179571745,1
1790179571745,0
1790179572781,1
1790179572781,0
1790179572996,1
1790179572996,0
1790179573055,1
1790179573068,0
1790179573113,1
1790179573117,0
1790179573161,1
1790179573162,0
1790179573324,1
1790179573324,0
1790179573379,1
1790179573379,0
1790179573434,1
1790179573434,0
1790179573490,1
1790179573490,0
1790179574260,1
1790179574260,0
1790179574367,1
1790179574367,0
1790179574418,1
1790179574418,0
1790179574472,1
1790179574472,0
1790179574524,1
1790179574524,0
1790179575772,1
1790179575772,0
1790179575823,1
1790179575824,0
1790179576155,1
1790179576155,0
1790179576203,1
1790179576204,0
1790179576375,1
1790179576375,0
1790179576754,1
1790179576754,0
1790179576923,1
1790179576923,0
1790179577198,1
1790179577198,0
1790179577253,1
1790179577253,0
1790179577359,1
1790179577359,0
1790179577473,1
1790179577475,0
1790179577527,1
1790179577527,0
1790179577584,1
1790179577584,0
1790179577638,1
1790179577639,0
1790179577805,1
1790179577805,0
1790179578022,1
1790179578022,0
1790179578074,1
1790179578081,0
1790179578129,1
1790179578129,0
1790179578224,1
1790179578225,0
1790179578240,1
1790179578240,0
1790179578296,1
1790179578296,0
1790179578405,1
1790179578405,0
1790179579226,1
1790179579226,0
1790179579867,1
1790179579868,0
1790179580461,1
1790179580461,0
1790179581928,1
1790179581929,0
1790179581982,1
1790179581982,0
1790179582037,1
1790179582039,0
1790179582142,1
1790179582142,0
1790179582195,1
1790179582195,0
1790179582255,1
1790179582255,0
1790179582461,1
1790179582461,0
1790179582906,1
1790179582906,0
1790179583113,1
1790179583113,0
1790179583335,1
1790179583335,0
1790179583658,1
1790179583658,0
1790179583713,1
1790179583713,0
1790179583767,1
1790179583767,0
1790179583821,1
1790179583821,0
1790179584627,1
1790179584627,0
1790179585174,1
1790179585174,0
1790179585228,1
1790179585228,0
1790179585277,1
1790179585277,0
1790179585331,1
1790179585331,0
1790179585439,1
1790179585439,0
1790179585492,1
1790179585505,0
1790179585984,1
1790179585984,0
1790179586255,1
1790179586255,0
1790179586311,1
1790179586311,0
1790179586364,1
1790179586364,0
1790179587120,1
1790179587121,0
1790179587175,1
1790179587175,0
1790179587285,1
1790179587286,0
1790179587338,1
1790179587339,0
1790179587397,1
1790179587398,0
1790179587717,1
1790179587717,0
1790179588045,1
1790179588045,0
1790179588806,1
1790179588806,0
1790179588861,1
1790179588861,0
1790179588919,1
1790179588919,0
1790179588978,1
1790179588978,0
1790179589025,1
1790179589025,0
1790179589135,1
1790179589135,0
1790179589678,1
1790179589678,0
1790179590165,1
1790179590166,0
1790179590223,1
1790179590223,0
1790179590272,1
1790179590273,0
1790179590596,1
1790179590596,0
1790179590649,1
1790179590649,0
1790179590753,1
1790179590753,0
1790179591197,1
1790179591198,0
1790179591404,1
1790179591405,0
1790179591455,1
1790179591456,0
1790179591507,1
1790179591507,0
1790179591565,1
1790179591565,0
1790179592116,1
1790179592117,0
1790179592273,1
1790179592273,0
1790179592330,1
1790179592331,0
1790179592598,0
1790179592603,0
1790179592867,1
1790179592867,0
1790179593242,1
1790179593242,0
1790179593688,1
1790179593688,0
1790179593739,1
1790179593739,0
1790179594167,1
1790179594167,0
1790179594226,1
1790179594232,0
1790179595294,1
1790179595294,0
1790179595997,1
1790179595997,0
1790179596051,1
1790179596051,0
1790179596106,1
1790179596106,0
1790179596158,1
1790179596158,0
1790179596267,1
1790179596267,0
1790179596481,1
1790179596483,0
1790179596531,1
1790179596532,0
1790179596590,1
1790179596607,0
1790179596644,1
1790179596644,0
1790179596752,1
1790179596752,0
1790179596806,1
1790179596806,0
1790179597507,1
1790179597507,0
1790179597717,1
1790179597717,0
1790179597880,1
1790179597880,0
1790179597986,1
1790179597986,0
1790179598371,1
1790179598371,0
1790179599385,1
1790179599385,0
1790179599773,1
1790179599773,0
1790179600043,1
1790179600043,0
1790179600098,1
1790179600098,0
1790179600155,1
1790179600171,0
1790179600205,1
1790179600205,0
1790179600255,1
1790179600256,0
1790179600369,1
1790179600370,0
1790179601825,1
1790179601825,0
1790179601992,1
1790179601992,0
1790179602475,1
1790179602475,0
1790179602530,1
1790179602530,0
1790179602585,1
1790179602585,0
1790179602692,1
1790179602692,0
1790179602750,1
1790179602750,0
1790179602801,1
1790179602801,0
1790179603897,1
1790179603897,0
1790179604123,1
1790179604123,0
1790179604167,1
1790179604177,0
1790179604553,1
1790179604553,0
1790179605208,1
1790179605208,0
1790179605529,1
1790179605529,0
1790179606237,1
1790179606237,0
1790179606510,1
1790179606510,0
1790179607000,1
1790179607000,0
1790179607165,1
1790179607165,0
1790179607276,1
1790179607276,0
1790179608688,1
1790179608688,0
1790179609113,1
1790179609113,0
1790179609168,1
1790179609168,0
1790179609328,1
1790179609329,0
1790179609604,1
1790179609604,0
1790179609928,1
1790179609928,0
1790179609982,1
1790179609982,0
1790179610033,1
1790179610033,0
1790179610145,1
1790179610145,0
1790179610200,1
1790179610201,0
1790179610259,1
1790179610259,0
1790179610959,1
1790179610960,0
1790179611015,1
1790179611015,0
1790179611066,1
1790179611067,0
1790179611125,1
1790179611125,0
1790179611180,1
1790179611188,0
1790179611234,1
1790179611234,0
1790179611291,1
1790179611291,0
1790179611341,1
1790179611342,0
1790179611453,1
1790179611453,0
1790179611506,1
1790179611506,0
1790179611562,1
1790179611562,0
1790179611614,1
1790179611614,0
1790179611771,1
1790179611771,0
1790179612152,1
1790179612153,0
1790179612477,1
1790179612477,0
1790179612531,1
1790179612531,0
1790179612588,1
1790179612588,0
1790179612641,1
1790179612641,0
1790179612751,1
1790179612751,0
1790179613446,1
1790179613446,0
1790179613506,1
1790179613506,0
1790179613558,1
1790179613558,0
1790179613609,1
1790179613609,0
1790179613669,1
1790179613669,0
1790179613989,1
1790179613989,0
1790179615831,1
1790179615831,0
1790179615886,1
1790179615886,0
1790179615943,1
1790179615943,0
1790179615995,1
1790179615995,0
1790179616485,1
1790179616485,0
1790179616806,1
1790179616806,0
1790179617132,1
1790179617132,0
1790179617188,1
1790179617188,0
1790179617241,1
1790179617241,0
1790179617876,1
1790179617876,0
1790179618141,1
1790179618141,0
1790179618200,1
1790179618212,0
1790179618249,1
1790179618282,0
1790179618352,0
1790179618353,0
1790179618409,1
1790179618409,0
1790179618992,1
1790179618992,0
1790179619043,1
1790179619044,0
1790179619092,1
1790179619092,0
1790179620176,1
1790179620177,0
1790179620232,1
1790179620232,0
1790179620289,1
1790179620289,0
1790179620501,1
1790179620501,0
1790179620882,1
1790179620882,0
1790179620993,1
1790179620993,0
1790179621151,1
1790179621151,0
1790179621528,1
1790179621528,0
1790179621689,1
1790179621689,0
1790179621746,1
1790179621746,0
1790179621803,1
1790179621803,0
1790179621852,1
1790179621854,0
1790179622016,1
1790179622016,0
1790179622223,1
1790179622223,0
1790179622280,1
1790179622281,0
1790179622329,1
1790179622329,0
1790179622439,1
1790179622439,0
1790179622492,1
1790179622492,0
1790179622976,1
1790179622977,0
1790179623197,1
1790179623197,0
1790179623248,1
1790179623248,0
1790179623305,1
1790179623305,0
1790179623355,1
1790179623355,0
1790179623681,1
1790179623684,0
1790179624122,1
1790179624122,0
1790179624178,1
1790179624179,0
1790179624228,1
1790179624228,0
1790179624283,1
1790179624283,0
1790179624333,1
1790179624334,0
1790179624397,1
1790179624397,0
1790179624502,1
1790179624502,0
1790179624551,1
1790179624551,0
1790179624657,1
1790179624657,0
1790179624984,1
1790179624984,0
1790179625033,1
1790179625041,0
1790179625251,1
1790179625251,0
1790179625526,1
1790179625526,0
1790179625580,1
1790179625581,0
1790179626321,1
1790179626321,0
1790179626377,1
1790179626377,0
1790179626432,1
1790179626432,0
1790179626490,1
1790179626490,0
1790179626763,1
1790179626763,0
1790179627838,1
1790179627838,0
1790179627893,1
1790179627893,0
1790179627944,1
1790179627944,0
1790179627999,1
1790179627999,0
1790179628164,1
1790179628164,0
1790179628322,1
1790179628323,0
1790179628540,1
1790179628541,0
1790179628750,1
1790179628750,0
1790179629571,1
1790179629571,0
1790179629787,1
1790179629787,0
1790179629898,1
1790179629899,0
1790179629951,1
1790179629951,0
1790179630001,1
1790179630001,0
1790179630058,1
1790179630058,0
1790179630167,1
1790179630167,0
1790179630766,1
1790179630766,0
1790179630873,1
1790179630873,0
1790179631855,1
1790179631855,0
1790179632288,1
1790179632289,0
1790179632499,1
1790179632499,0
1790179632554,1
1790179632554,0
1790179632605,1
1790179632605,0
1790179633306,1
1790179633307,0
1790179634879,1
1790179634879,0
1790179634933,1
1790179634940,0
1790179635316,1
1790179635317,0
1790179635593,1
1790179635593,0
1790179635647,1
1790179635647,0
1790179635704,1
1790179635704,0
1790179635920,1
1790179635920,0
1790179635974,1
1790179635974,0
1790179636464,1
1790179636464,0
1790179636513,1
1790179636513,0
1790179637000,1
1790179637000,0
1790179637489,1
1790179637489,0
1790179637545,1
1790179637546,0
1790179637596,1
1790179637596,0
1790179637814,1
1790179637814,0
1790179638033,1
1790179638033,0
1790179639058,0
1790179639058,0
1790179639160,1
1790179639161,0
1790179639215,1
1790179639216,0
1790179639269,1
1790179639270,0
1790179639326,1
1790179639326,0
1790179639380,1
1790179639380,0
1790179640907,1
1790179640907,0
1790179641233,1
1790179641233,0
1790179641287,1
1790179641287,0
1790179641341,1
1790179641341,0
1790179641396,1
1790179641396,0
1790179641778,1
1790179641778,0
1790179641829,1
1790179641830,0
1790179641886,1
1790179641886,0
1790179642160,1
1790179642160,0
1790179642211,1
1790179642211,0
1790179642262,1
1790179642262,0
1790179642316,1
1790179642316,0
1790179642376,1
1790179642376,0
1790179642426,1
1790179642426,0
1790179642482,1
1790179642482,0
1790179643998,1
1790179643998,0
1790179644318,1
1790179644318,0
1790179644377,1
1790179644377,0
1790179644431,1
1790179644432,0
1790179644483,1
1790179644483,0
1790179645243,1
1790179645243,0
1790179645734,1
1790179645734,0
1790179645778,1
1790179645780,0
1790179645831,1
1790179645831,0
1790179646208,1
1790179646208,0
1790179646322,1
1790179646322,0
1790179647674,1
1790179647675,0
1790179648761,1
1790179648761,0
1790179649195,1
1790179649195,0
1790179649250,1
1790179649250,0
1790179649691,1
1790179649692,0
1790179649747,1
1790179649747,0
1790179650346,1
1790179650346,0
1790179650781,1
1790179650781,0
1790179650891,1
1790179650891,0
1790179650945,1
1790179650945,0
1790179651001,1
1790179651001,0
1790179651541,1
1790179651541,0
1790179651599,1
1790179651599,0
1790179651651,1
1790179651651,0
1790179651708,1
1790179651708,0
1790179652259,1
1790179652259,0
1790179652531,1
1790179652531,0
1790179652801,1
1790179652801,0
1790179654380,1
1790179654380,0
1790179654436,1
1790179654436,0
1790179654545,1
1790179654545,0
1790179654878,1
1790179654878,0
1790179654984,1
1790179654984,0
1790179655673,1
1790179655674,0
1790179655723,1
1790179655723,0
1790179655779,1
1790179655779,0
1790179655837,1
1790179655837,0
1790179656605,1
1790179656605,0
1790179656660,1
1790179656666,0
1790179657090,1
1790179657090,0
1790179657143,1
1790179657143,0
1790179657731,1
1790179657731,0
1790179657785,1
1790179657785,0
1790179657841,1
1790179657841,0
1790179657896,1
1790179657896,0
1790179657999,0
1790179657999,0
1790179658596,1
1790179658597,0
1790179658648,1
1790179658656,0
1790179658759,1
1790179658759,0
1790179658811,1
1790179658812,0
1790179658860,1
1790179658860,0
1790179658915,1
1790179658915,0
1790179659292,1
1790179659292,0
1790179659352,1
1790179659352,0
1790179659407,1
1790179659407,0
1790179659680,1
1790179659680,0
1790179660714,1
1790179660715,0
1790179660766,1
1790179660766,0
1790179661751,1
1790179661751,0
1790179662234,1
1790179662234,0
1790179662288,1
1790179662288,0
1790179662556,1
1790179662556,0
1790179662721,1
1790179662721,0
1790179663100,1
1790179663100,0
1790179663154,1
1790179663155,0
1790179663263,1
1790179663263,0
1790179663315,1
1790179663315,0
1790179664176,1
1790179664176,0
1790179664289,1
1790179664289,0
1790179664339,1
1790179664339,0
1790179664606,1
1790179664607,0
1790179664664,1
1790179664664,0
1790179664715,1
1790179664723,0
1790179664773,1
1790179664773,0
1790179664824,1
1790179664830,0
1790179664873,1
1790179664887,0
1790179665252,1
1790179665252,0
1790179665301,1
1790179665311,0
1790179665354,1
1790179665365,0
1790179665459,1
1790179665459,0
1790179665513,1
1790179665513,0
1790179665567,1
1790179665567,0
1790179665843,1
1790179665843,0
1790179665898,1
1790179665898,0
1790179666331,1
1790179666331,0
1790179666381,1
1790179666381,0
1790179666981,1
1790179666981,0
1790179667033,1
1790179667036,0
1790179667093,1
1790179667093,0
1790179667147,1
1790179667147,0
1790179667254,1
1790179667254,0
1790179667515,1
1790179667516,0
1790179667573,1
1790179667573,0
1790179667623,1
1790179667623,0
1790179668001,1
1790179668001,0
1790179668057,1
1790179668057,0
1790179668109,1
1790179668109,0
1790179668164,1
1790179668164,0
1790179668273,1
1790179668273,0
1790179669255,1
1790179669255,0
1790179669896,1
1790179669896,0
1790179670598,1
1790179670598,0
1790179670653,1
1790179670653,0
1790179670716,1
1790179670716,0
1790179670763,1
1790179670763,0
1790179672017,1
1790179672017,0
1790179672070,1
1790179672073,0
1790179672338,1
1790179672338,0
1790179673410,1
1790179673410,0
1790179673623,1
1790179673623,0
1790179673841,1
1790179673841,0
1790179674061,1
1790179674061,0
1790179674490,1
1790179674491,0
1790179675144,1
1790179675144,0
1790179675963,1
1790179675963,0
1790179676018,1
1790179676018,0
1790179676238,1
1790179676238,0
1790179676291,1
1790179676291,0
1790179676353,1
1790179676354,0
1790179676398,1
1790179676398,0
1790179676456,1
1790179676456,0
1790179677639,1
1790179677640,0
1790179677690,1
1790179677690,0
1790179678230,1
1790179678230,0
1790179678608,1
1790179678608,0
1790179678773,1
1790179678773,0
1790179678990,1
1790179678990,0
1790179679212,1
1790179679212,0
1790179680354,1
1790179680355,0
1790179680408,1
1790179680408,0
1790179680456,1
1790179680456,0
1790179680511,1
1790179680511,0
1790179680620,1
1790179680620,0
1790179680676,1
1790179680676,0
1790179681062,1
1790179681062,0
1790179681112,1
1790179681119,0
1790179681168,0
1790179681168,0
1790179682935,1
1790179682935,0
1790179682987,1
1790179682987,0
1790179683044,1
1790179683044,0
1790179683687,1
1790179683687,0
1790179684977,1
1790179684977,0
1790179685034,1
1790179685034,0
1790179685093,1
1790179685093,0
1790179685351,1
1790179685351,0
1790179685840,1
1790179685840,0
1790179685894,1
1790179685897,0
1790179686161,1
1790179686161,0
1790179686326,1
1790179686326,0
1790179687182,1
1790179687182,0
1790179687238,1
1790179687246,0
1790179687293,1
1790179687293,0
1790179687726,1
1790179687727,0
1790179687777,1
1790179687777,0
1790179689836,1
1790179689836,0
1790179690091,1
1790179690091,0
1790179690146,1
1790179690146,0
1790179690198,1
1790179690198,0
1790179690416,1
1790179690416,0
1790179691610,1
1790179691610,0
1790179691662,1
1790179691662,0
1790179691720,1
1790179691720,0
1790179691773,1
1790179691773,0
1790179692373,1
1790179692373,0
1790179692426,1
1790179692426,0
1790179692536,1
1790179692536,0
1790179692958,1
1790179692958,0
1790179693395,1
1790179693396,0
1790179693451,1
1790179693451,0
1790179693607,1
1790179693607,0
1790179693657,1
1790179693657,0
1790179693716,1
1790179693716,0
1790179693771,1
1790179693771,0
1790179693826,1
1790179693826,0
1790179693881,1
1790179693881,0
1790179694043,1
1790179694043,0
1790179694093,1
1790179694093,0
1790179694915,1
1790179694915,0
1790179695617,1
1790179695617,0
1790179695737,1
1790179695738,0
1790179695782,1
1790179695782,0
1790179695837,1
1790179695837,0
1790179695891,1
1790179695891,0
1790179696057,1
1790179696057,0
1790179696660,1
1790179696660,0
1790179696768,1
1790179696768,0
1790179696821,1
1790179696821,0
1790179696876,1
1790179696876,0
1790179696930,1
1790179696930,0
1790179697091,1
1790179697091,0
1790179697466,1
1790179697466,0
1790179697791,1
1790179697791,0
1790179697845,1
1790179697845,0
1790179697905,1
1790179697906,0
1790179697951,1
1790179697951,0
1790179698175,1
1790179698175,0
1790179698231,1
1790179698231,0
1790179698561,1
1790179698561,0
1790179698615,1
1790179698615,0
1790179698670,1
1790179698670,0
1790179698835,1
1790179698836,0
1790179698888,1
1790179698888,0
1790179698944,1
1790179698944,0
1790179698996,1
1790179698996,0
1790179699379,1
1790179699379,0
1790179699429,1
1790179699429,0
1790179699479,1
1790179699480,0
1790179699751,1
1790179699751,0
1790179700548,1
1790179700549,0
1790179700872,1
1790179700873,0
1790179700928,1
1790179700928,0
1790179700983,1
1790179700983,0
1790179701038,1
1790179701038,0
1790179701247,1
1790179701247,0
1790179701306,1
1790179701306,0
1790179701631,1
1790179701631,0
1790179701683,1
1790179701683,0
1790179701737,1
1790179701737,0
1790179701845,1
1790179701845,0
1790179703465,1
1790179703465,0
1790179703520,1
1790179703520,0
1790179703575,1
1790179703575,0
1790179703789,1
1790179703789,0
1790179703837,1
1790179703844,0
1790179704718,1
1790179704718,0
1790179704772,1
1790179704772,0
1790179706025,1
1790179706025,0
1790179706079,1
1790179706079,0
1790179706134,1
1790179706134,0
1790179706185,1
1790179706185,0
1790179706729,1
1790179706730,0
1790179706938,1
1790179706939,0
1790179707426,1
1790179707426,0
1790179707474,1
1790179707474,0
1790179708932,1
1790179708932,0
1790179709312,1
1790179709313,0
1790179709416,1
1790179709416,0
1790179709958,1
1790179709958,0
1790179711472,1
1790179711472,0
1790179711527,1
1790179711527,0
1790179711578,1
1790179711578,0
1790179712017,1
1790179712017,0
1790179712071,1
1790179712071,0
1790179712561,1
1790179712561,0
1790179712615,1
1790179712615,0
1790179714137,1
1790179714137,0
1790179714191,1
1790179714191,0
1790179714738,1
1790179714738,0
1790179715013,1
1790179715013,0
1790179715068,1
1790179715068,0
1790179715233,1
1790179715233,0
1790179715499,1
1790179715499,0
1790179715769,1
1790179715769,0
1790179715985,1
1790179715985,0
1790179716306,1
1790179716306,0
1790179716366,1
1790179716366,0
1790179716411,1
1790179716411,0
1790179716466,1
1790179716466,0
1790179716571,1
1790179716571,0
1790179717005,1
1790179717005,0
1790179717170,1
1790179717170,0
1790179717605,1
1790179717605,0
1790179717714,1
1790179717714,0
1790179717769,1
1790179717770,0
1790179718576,1
1790179718576,0
1790179720636,1
1790179720636,0
1790179720686,1
1790179720704,0
1790179720793,1
1790179720793,0
1790179720847,1
1790179720847,0
1790179721394,1
1790179721394,0
1790179721775,1
1790179721775,0
1790179721931,1
1790179721931,0
1790179722420,1
1790179722421,0
1790179722682,1
1790179722682,0
1790179723334,1
1790179723334,0
1790179723496,1
1790179723496,0
1790179723550,1
1790179723550,0
1790179723602,1
1790179723602,0
1790179723657,1
1790179723657,0
1790179724042,1
1790179724042,0
1790179724093,1
1790179724093,0
1790179724152,1
1790179724152,0
1790179724370,1
1790179724370,0
1790179726045,1
1790179726045,0
1790179726256,1
1790179726256,0
1790179726417,1
1790179726417,0
1790179726850,1
1790179726850,0
1790179728131,1
1790179728131,0
1790179728185,1
1790179728185,0
1790179728236,1
1790179728236,0
1790179728565,1
1790179728565,0
1790179728883,1
1790179728883,0
1790179729106,1
1790179729106,0
1790179729376,1
1790179729376,0
1790179729429,1
1790179729429,0
1790179730192,1
1790179730192,0
1790179730242,1
1790179730242,0
1790179730302,1
1790179730302,0
1790179731012,1
1790179731012,0
1790179731065,1
1790179731065,0
1790179731120,1
1790179731120,0
1790179731391,1
1790179731391,0
1790179731663,1
1790179731663,0
1790179731990,1
1790179731990,0
1790179732423,1
1790179732423,0
