1790179832053,1
1790179832060,0
1790179832084,1
1790179832243,2
1790179832319,1
1790179832320,0
1790179832565,1
1790179832565,0
1790179833058,1
1790179833058,0
1790179833114,1
1790179833133,0
1790179833224,1
1790179833224,0
1790179833330,1
1790179833330,0
1790179833389,1
1790179833389,0
1790179833440,1
1790179833440,0
1790179833500,1
1790179833501,0
1790179833880,1
1790179833880,0
1790179833937,1
1790179833955,0
1790179833996,1
1790179833996,0
1790179835145,1
1790179835145,0
1790179835199,1
1790179835207,0
1790179835253,1
1790179835253,0
1790179836783,1
1790179836783,0
1790179837221,1
1790179837221,0
1790179837279,1
1790179837279,0
1790179837773,1
1790179837773,0
1790179837881,1
1790179837881,0
1790179837935,1
1790179837935,0
1790179838046,1
1790179838046,0
1790179838100,1
1790179838100,0
1790179838152,1
1790179838152,0
1790179838257,1
1790179838258,0
1790179838307,1
1790179838307,0
1790179838799,1
1790179838799,0
1790179838905,1
1790179838905,0
1790179838962,1
1790179838962,0
1790179839065,1
1790179839065,0
1790179839123,1
1790179839123,0
1790179839178,1
1790179839178,0
1790179839393,1
1790179839393,0
1790179839941,1
1790179839941,0
1790179839995,1
1790179839995,0
1790179840269,1
1790179840269,0
1790179840492,1
1790179840492,0
1790179840550,1
1790179840550,0
1790179840982,1
1790179840982,0
1790179841039,1
1790179841039,0
1790179841310,1
1790179841310,0
1790179841637,1
1790179841637,0
1790179841691,1
1790179841692,0
1790179841746,1
1790179841746,0
1790179841802,1
1790179841802,0
1790179843004,1
1790179843004,0
1790179843057,1
1790179843057,0
1790179843112,1
1790179843112,0
1790179843912,1
1790179843912,0
1790179843974,1
1790179843974,0
1790179844562,1
1790179844562,0
1790179844726,1
1790179844726,0
1790179844781,1
1790179844781,0
1790179844836,1
1790179844836,0
1790179844893,1
1790179844893,0
1790179845003,1
1790179845003,0
1790179845593,1
1790179845593,0
1790179845760,1
1790179845760,0
1790179845813,1
1790179845814,0
1790179845871,1
1790179845871,0
1790179845924,1
1790179845924,0
1790179845978,1
1790179845979,0
1790179846145,1
1790179846145,0
1790179846199,1
1790179846199,0
1790179848166,1
1790179848166,0
1790179848756,1
1790179848757,0
1790179848801,1
1790179848802,0
1790179849232,1
1790179849233,0
1790179849291,1
1790179849291,0
1790179849350,1
1790179849350,0
1790179849398,1
1790179849398,0
1790179849461,1
1790179849461,0
1790179849510,1
1790179849511,0
1790179849619,1
1790179849619,0
1790179849673,1
1790179849689,0
1790179850230,1
1790179850230,0
1790179850666,1
1790179850666,0
1790179850722,1
1790179850722,0
1790179850773,1
1790179850773,0
1790179851643,1
1790179851643,0
1790179852293,1
1790179852294,0
1790179852341,1
1790179852342,0
1790179852397,1
1790179852397,0
1790179852507,1
1790179852508,0
1790179852562,1
1790179852570,0
1790179852618,1
1790179852618,0
1790179853383,1
1790179853383,0
1790179853441,1
1790179853441,0
1790179853708,1
1790179853708,0
1790179853872,1
1790179853872,0
1790179854259,1
1790179854260,0
1790179854365,1
1790179854366,0
1790179854420,1
1790179854421,0
1790179854477,1
1790179854478,0
1790179854911,1
1790179854911,0
1790179855449,1
1790179855449,0
1790179855506,1
1790179855507,0
1790179856092,1
1790179856093,0
1790179856147,1
1790179856148,0
1790179856202,1
1790179856202,0
1790179856257,1
1790179856258,0
1790179856373,1
1790179856373,0
1790179856795,1
1790179856795,0
1790179856844,1
1790179856844,0
1790179856899,1
1790179856899,0
1790179857009,1
1790179857010,0
1790179857116,1
1790179857116,0
1790179857171,1
1790179857171,0
1790179857232,1
1790179857232,0
1790179857281,1
1790179857281,0
1790179857997,1
1790179857997,0
1790179858704,1
1790179858704,0
1790179858759,1
1790179858759,0
1790179858815,1
1790179858815,0
1790179858871,1
1790179858872,0
1790179860497,1
1790179860498,0
1790179860600,1
1790179860600,0
1790179860653,1
1790179860653,0
1790179861248,1
1790179861249,0
1790179861304,1
1790179861304,0
1790179861447,1
1790179861448,0
1790179861534,1
1790179861536,0
1790179861911,1
1790179861911,0
1790179861968,0
1790179861968,0
1790179862021,1
1790179862022,0
1790179862778,1
1790179862778,0
1790179862830,0
1790179862833,0
1790179862881,1
1790179862882,0
1790179863098,0
1790179863098,0
1790179863801,1
1790179863801,0
1790179863855,1
1790179863855,0
1790179864277,1
1790179864278,0
1790179864660,1
1790179864661,0
1790179864715,1
1790179864740,0
1790179864983,1
1790179864983,0
1790179865035,1
1790179865035,0
1790179865086,1
1790179865086,0
1790179865142,1
1790179865143,0
1790179866442,1
1790179866442,0
1790179867043,1
1790179867043,0
1790179867099,1
1790179867114,0
1790179867154,1
1790179867154,0
1790179868236,1
1790179868237,0
1790179868453,1
1790179868453,0
1790179868768,1
1790179868768,0
1790179868828,1
1790179868837,0
1790179869322,1
1790179869322,0
1790179869367,1
1790179869368,0
1790179869478,1
1790179869478,0
1790179870468,1
1790179870469,0
1790179870843,1
1790179870843,0
1790179870955,1
1790179870955,0
1790179871660,1
1790179871660,0
1790179871711,1
1790179871713,0
1790179871762,1
1790179871762,0
1790179871820,1
1790179871820,0
1790179872426,1
1790179872426,0
1790179872482,1
1790179872482,0
1790179872693,1
1790179872694,0
1790179872748,1
1790179872768,0
1790179872809,1
1790179872809,0
1790179872856,1
1790179872856,0
1790179873588,1
1790179873588,0
1790179874106,1
1790179874106,0
1790179874160,1
1790179874160,0
1790179875618,1
1790179875618,0
1790179875671,1
1790179875671,0
1790179875781,1
1790179875781,0
1790179875835,1
1790179875835,0
1790179875890,1
1790179875890,0
1790179875945,1
1790179875945,0
1790179876055,1
1790179876056,0
1790179876275,1
1790179876276,0
1790179877353,1
1790179877353,0
1790179877410,1
1790179877410,0
1790179877463,1
1790179877463,0
1790179877791,1
1790179877791,0
1790179878395,1
1790179878395,0
1790179878449,1
1790179878449,0
1790179878502,1
1790179878502,0
1790179879586,1
1790179879586,0
1790179881441,1
1790179881441,0
1790179881496,1
1790179881496,0
1790179881549,1
1790179881549,0
1790179881605,1
1790179881605,0
1790179881880,1
1790179881880,0
1790179882471,1
1790179882471,0
1790179882525,1
1790179882525,0
1790179882580,1
1790179882581,0
1790179882636,1
1790179882636,0
1790179882689,1
1790179882690,0
1790179883551,0
1790179883551,0
1790179883607,1
1790179883607,0
1790179883662,1
1790179883662,0
1790179884251,1
1790179884251,0
1790179884581,1
1790179884581,0
1790179884636,1
1790179884636,0
1790179884693,1
1790179884693,0
1790179884797,1
1790179884798,0
1790179884853,1
1790179884853,0
1790179885021,1
1790179885021,0
1790179885837,1
1790179885838,0
1790179885892,1
1790179885892,0
1790179886103,1
1790179886103,0
1790179886162,1
1790179886162,0
1790179886218,1
1790179886218,0
1790179886272,1
1790179886272,0
1790179886484,1
1790179886484,0
1790179886541,1
1790179886541,0
1790179886976,1
1790179886976,0
1790179887085,1
1790179887085,0
1790179887140,1
1790179887141,0
1790179887192,1
1790179887192,0
1790179887249,1
1790179887249,0
1790179887302,1
1790179887302,0
1790179887356,1
1790179887356,0
1790179887461,1
1790179887461,0
1790179887518,1
1790179887518,0
1790179887572,1
1790179887572,0
1790179888395,1
1790179888395,0
1790179888506,1
1790179888506,0
1790179888942,1
1790179888942,0
1790179888994,1
1790179888994,0
1790179889161,1
1790179889161,0
1790179889213,1
1790179889213,0
1790179889268,1
1790179889268,0
1790179889318,1
1790179889318,0
1790179889375,1
1790179889375,0
1790179889427,1
1790179889427,0
1790179889482,1
1790179889487,0
1790179889919,1
1790179889919,0
1790179890139,1
1790179890140,0
1790179890798,1
1790179890798,0
1790179890853,1
1790179890853,0
1790179890906,1
1790179890906,0
1790179891176,1
1790179891176,0
1790179891229,1
1790179891229,0
1790179891661,1
1790179891661,0
1790179891715,1
1790179891716,0
1790179892256,1
1790179892256,0
1790179892312,1
1790179892312,0
1790179892365,1
1790179892366,0
1790179892419,1
1790179892419,0
1790179892472,1
1790179892474,0
1790179892526,1
1790179892526,0
1790179892687,1
1790179892687,0
1790179892740,1
1790179892740,0
1790179894203,1
1790179894203,0
1790179894915,1
1790179894916,0
1790179894970,1
1790179894971,0
1790179895026,1
1790179895026,0
1790179895676,1
1790179895676,0
1790179895894,1
1790179895894,0
1790179896702,1
1790179896703,0
1790179896764,1
1790179896767,0
1790179896927,1
1790179896928,0
1790179897137,1
1790179897137,0
1790179898758,1
1790179898759,0
1790179899031,1
1790179899031,0
1790179899086,1
1790179899086,0
1790179899139,1
1790179899139,0
1790179899249,1
1790179899249,0
1790179899304,1
1790179899304,0
1790179899465,1
1790179899465,0
1790179899841,1
1790179899841,0
1790179899901,1
1790179899901,0
1790179899956,1
1790179899956,0
1790179900064,1
1790179900064,0
1790179900114,1
1790179900114,0
1790179900175,1
1790179900175,0
1790179900224,1
1790179900224,0
1790179900770,1
1790179900771,0
1790179900877,1
1790179900877,0
1790179901266,1
1790179901266,0
1790179901534,1
1790179901535,0
1790179901806,1
1790179901806,0
1790179902892,1
1790179902892,0
1790179903384,1
1790179903384,0
1790179903439,1
1790179903439,0
1790179903545,1
1790179903545,0
1790179903602,1
1790179903602,0
1790179904678,1
1790179904678,0
1790179904730,1
1790179904730,0
1790179904791,1
1790179904791,0
1790179904844,1
1790179904844,0
1790179905006,1
1790179905006,0
1790179905716,1
1790179905717,0
1790179905771,1
1790179905771,0
1790179905825,1
1790179905825,0
1790179905879,1
1790179905879,0
1790179905929,1
1790179905939,0
1790179906036,1
1790179906036,0
1790179906572,1
1790179906572,0
1790179906680,1
1790179906680,0
1790179907505,1
1790179907505,0
1790179907555,1
1790179907555,0
1790179907994,1
1790179907994,0
1790179908155,1
1790179908156,0
1790179908214,1
1790179908214,0
1790179909293,1
1790179909293,0
1790179909348,1
1790179909348,0
1790179909402,1
1790179909402,0
1790179909452,1
1790179909452,0
1790179910324,1
1790179910324,0
1790179910374,1
1790179910374,0
1790179910429,1
1790179910429,0
1790179910485,1
1790179910485,0
1790179911074,1
1790179911074,0
1790179911126,1
1790179911140,0
1790179911236,1
1790179911236,0
1790179911292,1
1790179911292,0
1790179911725,1
1790179911725,0
1790179912261,1
1790179912262,0
1790179912315,1
1790179912315,0
1790179912366,1
1790179912366,0
1790179912640,1
1790179912640,0
1790179912693,1
1790179912694,0
1790179912804,1
1790179912804,0
1790179913239,1
1790179913239,0
1790179913293,1
1790179913293,0
1790179913348,1
1790179913348,0
1790179913458,1
1790179913458,0
1790179913511,1
1790179913511,0
1790179913600,1
1790179913600,0
1790179914216,1
1790179914217,0
1790179914323,1
1790179914324,0
1790179914375,1
1790179914375,0
1790179914488,1
1790179914488,0
1790179914543,1
1790179914543,0
1790179914599,1
1790179914599,0
1790179915679,1
1790179915679,0
1790179915734,1
1790179915734,0
1790179915788,1
1790179915788,0
1790179916388,1
1790179916388,0
1790179916445,1
1790179916446,0
1790179916717,1
1790179916717,0
1790179916768,1
1790179916779,0
1790179916818,1
1790179916830,0
1790179917782,1
1790179917782,0
1790179917835,1
1790179917836,0
1790179917890,1
1790179917890,0
1790179918276,1
1790179918276,0
1790179919090,1
1790179919090,0
1790179919145,1
1790179919145,0
1790179919198,1
1790179919198,0
1790179919253,1
1790179919262,0
1790179919858,1
1790179919858,0
1790179919909,1
1790179919909,0
1790179921369,1
1790179921370,0
1790179922014,1
1790179922014,0
1790179922070,1
1790179922070,0
1790179922450,1
1790179922450,0
1790179922556,1
1790179922556,0
1790179922608,1
1790179922609,0
1790179922666,1
1790179922666,0
1790179922718,1
1790179922719,0
1790179922771,1
1790179922771,0
1790179922826,1
1790179922826,0
1790179922878,1
1790179922878,0
1790179923043,1
1790179923043,0
1790179923415,1
1790179923415,0
1790179923469,1
1790179923473,0
1790179924226,1
1790179924226,0
1790179924275,1
1790179924280,0
1790179924333,1
1790179924333,0
1790179924388,1
1790179924388,0
1790179924497,1
1790179924497,0
1790179924710,1
1790179924710,0
1790179925581,1
1790179925582,0
1790179925749,1
1790179925749,0
1790179926023,1
1790179926023,0
1790179926078,1
1790179926078,0
1790179926294,1
1790179926294,0
1790179926349,1
1790179926349,0
1790179926405,1
1790179926406,0
1790179926461,1
1790179926461,0
1790179926569,1
1790179926569,0
1790179927038,1
1790179927038,0
1790179927093,1
1790179927093,0
1790179927803,1
1790179927804,0
1790179928018,1
1790179928018,0
1790179928562,1
1790179928563,0
1790179928727,1
1790179928728,0
1790179928782,1
1790179928782,0
1790179929319,1
1790179929319,0
1790179929710,1
1790179929710,0
1790179929926,1
1790179929926,0
1790179929982,1
1790179929982,0
1790179930037,1
1790179930037,0
1790179930683,1
1790179930683,0
1790179930792,1
1790179930793,0
1790179930844,1
1790179930846,0
1790179930898,1
1790179930898,0
1790179931172,1
1790179931172,0
1790179931223,1
1790179931224,0
1790179931277,1
1790179931277,0
1790179931388,1
1790179931388,0
1790179931769,1
1790179931769,0
1790179931931,1
1790179931931,0
1790179932808,1
1790179932808,0
1790179933243,1
1790179933243,0
1790179933293,1
1790179933297,0
1790179933404,1
1790179933404,0
1790179933456,1
1790179933456,0
1790179933833,1
1790179933833,0
1790179934766,1
1790179934766,0
1790179935858,1
1790179935858,0
1790179935907,1
1790179935907,0
1790179936927,1
1790179936927,0
1790179937090,1
1790179937090,0
1790179937355,1
1790179937355,0
1790179937411,1
1790179937411,0
1790179938178,1
1790179938178,0
1790179938227,1
1790179938239,0
1790179938287,1
1790179938287,0
1790179938557,1
1790179938557,0
1790179938664,1
1790179938664,0
1790179938722,1
1790179938723,0
1790179938775,1
1790179938777,0
1790179938829,1
1790179938829,0
1790179938940,1
1790179938940,0
1790179939048,1
1790179939048,0
1790179939104,1
1790179939104,0
1790179939428,1
1790179939428,0
1790179939479,1
1790179939482,0
1790179939591,1
1790179939591,0
1790179939646,1
1790179939646,0
1790179939921,1
1790179939921,0
1790179940196,1
1790179940196,0
1790179940739,1
1790179940739,0
1790179940793,1
1790179940793,0
1790179940847,1
1790179940847,0
1790179940898,1
1790179940898,0
1790179941223,1
1790179941223,0
1790179941443,1
1790179941443,0
1790179941495,1
1790179941498,0
1790179941551,1
1790179941551,0
1790179941605,1
1790179941606,0
1790179942254,1
1790179942254,0
1790179942528,1
1790179942528,0
1790179942583,1
1790179942584,0
1790179942788,1
1790179942788,0
1790179942846,1
1790179942846,0
1790179942899,1
1790179942899,0
1790179942951,1
1790179942951,0
1790179943658,1
1790179943659,0
1790179943768,1
1790179943768,0
1790179943821,1
1790179943821,0
1790179943878,1
1790179943878,0
1790179943929,1
1790179943929,0
1790179943988,1
1790179943988,0
1790179944366,1
1790179944366,0
1790179944417,1
1790179944426,0
1790179944473,1
1790179944473,0
1790179944525,1
1790179944525,0
1790179944690,1
1790179944690,0
1790179945118,1
1790179945118,0
1790179945172,1
1790179945172,0
1790179945714,1
1790179945714,0
1790179945761,1
1790179945766,0
1790179946747,1
1790179946748,0
1790179946806,1
1790179946806,0
1790179946856,1
1790179946860,0
1790179947185,1
1790179947185,0
1790179947458,1
1790179947458,0
1790179947513,1
1790179947513,0
1790179947565,1
1790179947569,0
1790179947840,1
1790179947840,0
1790179948215,1
1790179948215,0
1790179949858,1
1790179949858,0
1790179949968,1
1790179949969,0
1790179950897,1
1790179950897,0
1790179951441,1
1790179951441,0
1790179951496,1
1790179951496,0
1790179951606,1
1790179951606,0
1790179951661,1
1790179951661,0
1790179951716,1
1790179951716,0
1790179951771,1
1790179951774,0
1790179952037,1
1790179952037,0
1790179952844,1
1790179952844,0
1790179952899,1
1790179952901,0
1790179952954,1
1790179952954,0
1790179953063,1
1790179953063,0
1790179953880,1
1790179953880,0
1790179953935,1
1790179953935,0
1790179953989,1
1790179953989,0
1790179954854,1
1790179954854,0
1790179954906,1
1790179954930,0
1790179954965,1
1790179954971,0
1790179955016,1
1790179955019,0
1790179955129,1
1790179955130,0
1790179955182,1
1790179955182,0
1790179955239,1
1790179955239,0
1790179955294,1
1790179955294,0
1790179955350,1
1790179955350,0
1790179956222,1
1790179956222,0
1790179956279,1
1790179956279,0
1790179956331,1
1790179956331,0
1790179956392,1
1790179956392,0
1790179956544,1
1790179956544,0
1790179956767,1
1790179956767,0
1790179956814,1
1790179956821,0
1790179956874,1
1790179956874,0
1790179957092,1
1790179957092,0
1790179957147,1
1790179957147,0
1790179957201,1
1790179957201,0
1790179958116,1
1790179958116,0
1790179958170,1
1790179958171,0
1790179958281,1
1790179958281,0
1790179958339,1
1790179958339,0
1790179958395,1
1790179958395,0
1790179958449,1
1790179958450,0
1790179958614,1
1790179958614,0
1790179958776,1
1790179958776,0
1790179958831,1
1790179958831,0
1790179958886,1
1790179958886,0
1790179958940,1
1790179958940,0
1790179959158,1
1790179959158,0
1790179960043,1
1790179960043,0
1790179960368,1
1790179960368,0
1790179960422,1
1790179960422,0
1790179960478,1
1790179960478,0
1790179960532,1
1790179960532,0
1790179960753,1
1790179960753,0
1790179960807,1
1790179960807,0
1790179961077,1
1790179961077,0
1790179963963,1
1790179963963,0
1790179964176,1
1790179964176,0
1790179964234,1
1790179964235,0
1790179964289,1
1790179964289,0
1790179964341,1
1790179964341,0
1790179964447,1
1790179964447,0
1790179964502,1
1790179964502,0
1790179964560,1
1790179964560,0
1790179964610,1
1790179964610,0
1790179964669,1
1790179964669,0
1790179964997,1
1790179964997,0
1790179965488,1
1790179965488,0
1790179965761,1
1790179965761,0
1790179966033,1
1790179966033,0
1790179967057,1
1790179967058,0
1790179967497,1
1790179967497,0
1790179967880,1
1790179967880,0
1790179967935,1
1790179967935,0
1790179968100,1
1790179968100,0
1790179968155,1
1790179968155,0
1790179968207,1
1790179968207,0
1790179968265,1
1790179968265,0
1790179968905,1
1790179968905,0
1790179969019,1
1790179969019,0
1790179969070,1
1790179969070,0
1790179969348,1
1790179969348,0
1790179969671,1
1790179969671,0
1790179969725,1
1790179969725,0
1790179969778,1
1790179969778,0
1790179969832,1
1790179969832,0
1790179970543,1
1790179970543,0
1790179970921,1
1790179970922,0
1790179970978,1
1790179970986,0
1790179971626,1
1790179971626,0
1790179972220,1
1790179972220,0
1790179972708,1
1790179972708,0
1790179972763,1
1790179972763,0
1790179972817,1
1790179972817,0
1790179972874,1
1790179972874,0
1790179972927,1
1790179972927,0
1790179974060,1
1790179974060,0
1790179974335,1
1790179974335,0
1790179974390,1
1790179974390,0
1790179974440,1
1790179974440,0
1790179975587,1
1790179975588,0
1790179975642,1
1790179975642,0
1790179976072,1
1790179976072,0
1790179976131,1
1790179976138,0
1790179976234,1
1790179976234,0
1790179976289,1
1790179976289,0
1790179976347,1
1790179976347,0
1790179976617,1
1790179976617,0
1790179976668,1
1790179976668,0
1790179976839,1
1790179976839,0
1790179977223,1
1790179977223,0
1790179977387,1
1790179977387,0
1790179977442,1
1790179977442,0
1790179977497,1
1790179977497,0
1790179977549,1
1790179977549,0
1790179977661,1
1790179977662,0
1790179977716,1
1790179977716,0
1790179977936,1
1790179977936,0
1790179977992,1
1790179977992,0
1790179978044,1
1790179978044,0
1790179978099,1
1790179978099,0
1790179978205,1
1790179978205,0
1790179978476,1
1790179978476,0
1790179978533,1
1790179978534,0
1790179978590,1
1790179978590,0
1790179978975,1
1790179978975,0
1790179979030,1
1790179979030,0
1790179979085,1
1790179979085,0
1790179979140,1
1790179979140,0
1790179979249,1
1790179979249,0
1790179979357,1
1790179979357,0
1790179979406,1
1790179979406,0
1790179980715,1
1790179980715,0
1790179981599,1
1790179981599,0
1790179981643,1
1790179981643,0
1790179981698,1
1790179981698,0
1790179982085,1
1790179982085,0
1790179982140,1
1790179982140,0
1790179982193,1
1790179982194,0
1790179982248,1
1790179982249,0
1790179982415,1
1790179982415,0
1790179982632,1
1790179982632,0
1790179982685,1
1790179982685,0
1790179982740,1
1790179982740,0
1790179982959,1
1790179982959,0
1790179983014,1
1790179983014,0
1790179985469,1
1790179985470,0
1790179986559,1
1790179986559,0
1790179986611,1
1790179986611,0
1790179986668,1
1790179986668,0
1790179986724,1
1790179986724,0
1790179987205,1
1790179987205,0
1790179988019,1
1790179988019,0
1790179988073,1
1790179988073,0
1790179988180,1
1790179988180,0
1790179989153,1
1790179989153,0
1790179989208,1
1790179989208,0
1790179989538,1
1790179989538,0
1790179989640,1
1790179989640,0
1790179989695,1
1790179989695,0
1790179989752,1
1790179989752,0
1790179989860,1
1790179989860,0
1790179989911,1
1790179989911,0
1790179989966,1
1790179989966,0
1790179990841,1
1790179990841,0
1790179991770,1
1790179991770,0
1790179991824,1
1790179991824,0
1790179992157,1
1790179992157,0
1790179992211,1
1790179992211,0
1790179992430,1
1790179992430,0
1790179992486,1
1790179992486,0
1790179992541,1
1790179992541,0
1790179992596,1
1790179992596,0
1790179992750,1
1790179992750,0
1790179992918,1
1790179992918,0
1790179993790,1
1790179993790,0
1790179995811,1
1790179995811,0
1790179996297,1
1790179996297,0
1790179996352,1
1790179996352,0
1790179996947,1
1790179996947,0
1790179997005,1
1790179997005,0
1790179997605,1
1790179997606,0
1790179997661,1
1790179997661,0
1790179997713,1
1790179997713,0
1790179997768,1
1790179997768,0
1790179997823,1
1790179997823,0
1790179997933,1
1790179997933,0
1790179998871,1
1790179998871,0
1790179999523,1
1790179999523,0
1790179999907,1
1790179999907,0
1790180000670,1
1790180000670,0
1790180000720,1
1790180000720,0
1790180000780,1
1790180000780,0
1790180000833,1
1790180000833,0
1790180000890,1
1790180000890,0
1790180001485,1
1790180001485,0
1790180001540,1
1790180001540,0
1790180001597,1
1790180001597,0
1790180001760,1
1790180001760,0
1790180001816,1
1790180001816,0
1790180001869,1
1790180001869,0
1790180001922,1
1790180001922,0
1790180002083,1
1790180002083,0
