1790180013605,1
1790180013611,0
1790180013936,1
1790180013936,0
1790180013999,1
1790180014030,0
1790180014227,1
1790180014228,0
1790180014295,1
1790180014295,0
1790180014326,1
1790180014347,2
1790180014375,3
1790180014376,2
1790180014376,1
1790180014376,0
1790180014516,1
1790180014516,0
1790180014991,1
1790180014992,0
1790180015116,1
1790180015116,0
1790180015137,1
1790180015178,0
1790180015423,1
1790180015424,0
1790180015631,1
1790180015631,0
1790180015653,1
1790180015680,0
1790180015683,1
1790180015683,0
1790180015902,1
1790180015902,0
1790180016054,1
1790180016054,0
1790180016101,0
1790180016101,0
1790180016127,1
1790180016127,0
1790180016153,1
1790180016153,0
1790180017003,1
1790180017003,0
1790180017437,1
1790180017438,0
1790180017454,1
1790180017483,0
1790180017532,1
1790180017532,0
1790180017924,1
1790180017924,0
1790180018114,1
1790180018114,0
1790180018138,1
1790180018159,0
1790180018378,1
1790180018378,0
1790180018403,1
1790180018427,0
1790180018429,1
1790180018472,0
1790180018479,1
1790180018480,0
1790180018504,1
1790180018504,0
1790180018528,1
1790180018528,0
1790180018678,1
1790180018678,0
1790180018794,1
1790180018794,0
1790180018821,1
1790180018841,0
1790180019009,1
1790180019009,0
1790180019371,1
1790180019371,0
1790180019397,1
1790180019415,0
1790180019423,1
1790180019423,0
1790180019444,1
1790180019444,0
1790180019845,1
1790180019845,0
1790180019874,1
1790180019894,0
1790180019899,1
1790180019899,0
1790180020310,1
1790180020310,0
1790180020335,1
1790180020355,2
1790180020357,1
1790180020357,0
1790180020387,1
1790180020387,0
1790180020743,1
1790180020743,0
1790180021337,1
1790180021337,0
1790180021365,1
1790180021365,0
1790180021463,1
1790180021464,0
1790180021488,1
1790180021516,2
1790180021516,1
1790180021516,0
1790180021537,1
1790180021537,0
1790180021904,1
1790180021905,0
1790180022346,1
1790180022346,0
1790180022372,1
1790180022394,0
1790180022495,1
1790180022495,0
1790180022738,1
1790180022739,0
1790180022764,1
1790180022764,0
1790180022807,1
1790180022807,0
1790180022832,1
1790180022857,0
1790180023237,1
1790180023238,0
1790180023263,1
1790180023263,0
1790180023287,1
1790180023288,0
1790180023435,1
1790180023435,0
1790180023773,1
1790180023773,0
1790180023795,1
1790180023795,0
1790180023818,1
1790180023819,0
1790180023848,1
1790180023848,0
1790180024182,1
1790180024182,0
1790180024207,1
1790180024229,0
1790180024235,1
1790180024256,2
1790180024272,1
1790180024281,2
1790180024303,3
1790180024315,2
1790180024317,1
1790180024317,0
1790180024330,1
1790180024330,0
1790180024450,1
1790180024451,0
1790180024546,1
1790180024546,0
1790180024570,1
1790180024570,0
1790180024595,1
1790180024595,0
1790180024619,1
1790180024619,0
1790180024645,1
1790180024645,0
1790180025469,1
1790180025469,0
1790180025491,1
1790180025517,0
1790180025806,1
1790180025806,0
1790180026028,1
1790180026028,0
1790180026146,1
1790180026146,0
1790180026358,1
1790180026359,0
1790180026480,1
1790180026480,0
1790180026715,1
1790180026715,0
1790180027063,1
1790180027064,0
1790180027090,1
1790180027117,0
1790180027325,1
1790180027326,0
1790180027395,1
1790180027395,0
1790180027420,1
1790180027420,0
1790180027444,1
1790180027444,0
1790180027467,1
1790180027467,0
1790180027517,1
1790180027517,0
1790180027637,1
1790180027638,0
1790180027659,1
1790180027659,0
1790180027684,1
1790180027684,0
1790180027779,1
1790180027779,0
1790180028002,1
1790180028002,0
1790180028073,1
1790180028073,0
1790180028268,1
1790180028268,0
1790180028288,1
1790180028288,0
1790180028313,1
1790180028313,0
1790180028338,1
1790180028338,0
1790180028359,1
1790180028359,0
1790180028388,1
1790180028388,0
1790180028656,1
1790180028656,0
1790180028680,1
1790180028700,0
1790180028729,1
1790180028730,0
1790180028876,1
1790180028876,0
1790180029158,1
1790180029159,0
1790180029183,1
1790180029183,0
1790180029399,1
1790180029399,0
1790180029428,1
1790180029428,0
1790180029791,1
1790180029791,0
1790180029912,1
1790180029912,0
1790180029941,1
1790180029941,0
1790180029966,1
1790180029966,0
1790180029991,1
1790180029991,0
1790180030088,1
1790180030088,0
1790180030165,1
1790180030166,0
1790180030190,1
1790180030212,0
1790180030214,1
1790180030214,0
1790180030241,1
1790180030241,0
1790180030543,1
1790180030543,0
1790180030718,1
1790180030718,0
1790180030763,1
1790180030763,0
1790180030934,1
1790180030934,0
1790180031030,1
1790180031030,0
1790180031055,1
1790180031055,0
1790180031080,1
1790180031080,0
1790180031104,1
1790180031125,2
1790180031146,1
1790180031146,0
1790180031155,1
1790180031155,0
1790180031203,1
1790180031203,0
1790180031303,1
1790180031303,0
1790180031525,1
1790180031526,0
1790180031644,1
1790180031644,0
1790180031922,1
1790180031923,0
1790180032692,1
1790180032692,0
1790180032709,1
1790180032736,2
1790180032747,1
1790180032747,0
1790180032759,1
1790180032759,0
1790180032909,1
1790180032909,0
1790180032931,1
1790180032956,2
1790180032957,1
1790180032957,0
1790180032982,1
1790180032982,0
1790180033007,1
1790180033034,0
1790180033051,1
1790180033081,0
1790180033146,1
1790180033146,0
1790180033174,1
1790180033193,0
1790180033196,1
1790180033196,0
1790180033222,1
1790180033242,0
1790180033949,1
1790180033949,0
1790180034212,1
1790180034212,0
1790180034287,1
1790180034287,0
1790180034311,1
1790180034331,0
1790180034337,1
1790180034360,2
1790180034380,1
1790180034380,0
1790180034677,1
1790180034677,0
1790180034875,1
1790180034875,0
1790180034900,1
1790180034920,0
1790180035171,1
1790180035171,0
1790180035316,1
1790180035316,0
1790180035786,1
1790180035786,0
1790180035859,1
1790180035859,0
1790180035880,1
1790180035907,0
1790180036082,1
1790180036082,0
1790180036325,1
1790180036325,0
1790180036345,1
1790180036372,0
1790180036732,1
1790180036732,0
1790180036756,1
1790180036784,0
1790180036928,1
1790180036929,0
1790180037463,1
1790180037463,0
1790180037477,1
1790180037511,0
1790180037526,1
1790180037550,2
1790180037556,1
1790180037580,2
1790180037600,1
1790180037600,0
1790180037601,1
1790180037648,0
1790180037956,1
1790180037956,0
1790180038125,1
1790180038125,0
1790180038200,1
1790180038200,0
1790180038665,1
1790180038665,0
1790180038767,1
1790180038768,0
1790180039021,1
1790180039021,0
1790180039806,1
1790180039807,0
1790180039831,1
1790180039854,2
1790180039856,1
1790180039856,0
1790180039877,1
1790180039901,0
1790180039972,1
1790180039972,0
1790180039997,1
1790180040017,0
1790180040376,1
1790180040376,0
1790180040643,1
1790180040643,0
1790180041107,1
1790180041107,0
1790180041133,1
1790180041152,0
1790180041183,1
1790180041202,0
1790180041208,1
1790180041229,2
1790180041247,1
1790180041247,0
1790180041255,1
1790180041255,0
1790180041301,1
1790180041301,0
1790180041321,1
1790180041347,0
1790180041501,1
1790180041501,0
1790180041623,1
1790180041623,0
1790180041969,1
1790180041969,0
1790180042064,1
1790180042064,0
1790180042114,1
1790180042114,0
1790180042139,1
1790180042159,0
1790180042164,1
1790180042165,0
1790180042186,1
1790180042186,0
1790180042211,1
1790180042233,0
1790180042261,1
1790180042282,0
1790180042520,1
1790180042520,0
1790180042728,1
1790180042728,0
1790180042759,1
1790180042776,0
1790180043128,1
1790180043128,0
1790180043374,1
1790180043374,0
1790180043401,1
1790180043419,0
1790180043717,1
1790180043717,0
1790180044179,1
1790180044179,0
1790180044299,1
1790180044299,0
1790180044318,1
1790180044345,0
1790180044990,1
1790180044990,0
1790180045251,1
1790180045251,0
1790180045633,1
1790180045634,0
1790180045707,1
1790180045707,0
1790180045783,1
1790180045783,0
1790180045808,1
1790180045831,0
1790180045832,1
1790180045857,2
1790180045876,1
1790180045877,0
1790180045928,1
1790180045928,0
1790180046026,1
1790180046026,0
1790180046051,1
1790180046074,0
1790180046075,1
1790180046075,0
1790180046121,1
1790180046121,0
1790180046147,1
1790180046166,0
1790180046218,1
1790180046219,0
1790180046414,1
1790180046414,0
1790180046440,1
1790180046462,0
1790180046681,1
1790180046681,0
1790180046826,1
1790180046826,0
1790180047045,1
1790180047045,0
1790180047071,1
1790180047093,0
1790180047169,1
1790180047169,0
1790180047197,1
1790180047218,0
1790180047222,1
1790180047222,0
1790180047276,1
1790180047276,0
1790180047302,1
1790180047302,0
1790180047647,1
1790180047647,0
1790180047666,1
1790180047688,2
1790180047691,1
1790180047693,0
1790180047716,1
1790180047717,0
1790180047863,1
1790180047863,0
1790180047979,1
1790180047979,0
1790180048003,1
1790180048025,0
1790180048434,1
1790180048435,0
1790180048461,1
1790180048480,0
1790180048482,1
1790180048525,0
1790180048558,1
1790180048573,0
1790180048583,1
1790180048608,2
1790180048618,1
1790180048619,0
1790180048635,1
1790180048635,0
1790180048655,1
1790180048680,0
1790180048683,1
1790180048711,2
1790180048727,1
1790180048774,0
1790180048981,1
1790180048981,0
1790180049005,1
1790180049026,0
1790180049172,1
1790180049172,0
1790180049348,1
1790180049348,0
1790180049634,1
1790180049634,0
1790180049814,1
1790180049814,0
1790180049952,1
1790180049952,0
1790180049978,1
1790180049998,0
1790180050003,1
1790180050028,2
1790180050043,1
1790180050043,0
1790180050056,1
1790180050056,0
1790180050079,1
1790180050104,0
1790180050291,1
1790180050291,0
1790180050315,1
1790180050337,0
1790180050560,1
1790180050560,0
1790180050628,1
1790180050628,0
1790180050748,1
1790180050748,0
1790180050772,1
1790180050794,0
1790180050843,1
1790180050843,0
1790180051011,1
1790180051011,0
1790180051278,1
1790180051278,0
1790180051570,1
1790180051570,0
1790180051590,1
1790180051616,2
1790180051643,1
1790180051698,0
1790180051717,1
1790180051717,0
1790180052007,1
1790180052007,0
1790180052104,1
1790180052104,0
1790180052230,1
1790180052230,0
1790180052253,1
1790180052279,2
1790180052285,1
1790180052304,2
1790180052326,3
1790180052338,2
1790180052338,1
1790180052376,2
1790180052386,1
1790180052386,0
1790180052423,1
1790180052429,0
1790180052452,1
1790180052484,0
1790180052491,1
1790180052519,2
1790180052527,1
1790180052539,2
1790180052583,1
1790180052583,0
1790180052863,1
1790180052863,0
1790180052886,1
1790180052905,0
1790180052910,1
1790180052960,0
1790180052960,1
1790180052985,2
1790180053004,1
1790180053010,2
1790180053034,3
1790180053058,2
1790180053107,1
1790180053107,0
1790180053515,1
1790180053515,0
1790180053535,1
1790180053559,0
1790180053564,1
1790180053564,0
1790180054792,1
1790180054792,0
1790180054817,1
1790180054837,0
1790180054838,1
1790180054891,0
1790180054935,1
1790180054935,0
1790180055244,1
1790180055244,0
1790180055269,1
1790180055291,2
1790180055293,1
1790180055293,0
1790180055320,1
1790180055349,0
1790180055395,1
1790180055405,0
1790180055444,1
1790180055448,0
1790180055587,1
1790180055588,0
1790180056549,1
1790180056549,0
1790180056570,1
1790180056598,2
1790180056605,1
1790180056649,2
1790180056654,1
1790180056654,0
1790180056671,1
1790180056695,2
1790180056710,1
1790180056710,0
1790180056745,1
1790180056754,0
1790180056772,1
1790180056810,0
1790180057206,1
1790180057206,0
1790180057229,1
1790180057264,0
1790180057428,1
1790180057428,0
1790180057497,1
1790180057497,0
1790180057525,1
1790180057544,0
1790180057740,1
1790180057741,0
1790180057932,1
1790180057932,0
1790180058430,1
1790180058430,0
1790180058464,1
1790180058476,0
1790180058702,1
1790180058702,0
1790180058740,1
1790180058744,0
1790180058822,1
1790180058822,0
1790180059095,1
1790180059095,0
1790180059205,1
1790180059205,0
1790180059906,1
1790180059906,0
1790180059926,1
1790180059960,2
1790180059965,1
1790180059982,2
1790180060014,1
1790180060014,0
1790180060148,1
1790180060148,0
1790180060429,1
1790180060429,0
1790180060452,1
1790180060471,2
1790180060479,1
1790180060507,2
1790180060533,3
1790180060538,2
1790180060538,1
1790180060538,0
1790180060665,1
1790180060665,0
1790180060779,1
1790180060779,0
1790180060865,1
1790180060865,0
1790180061578,1
1790180061578,0
1790180061966,1
1790180061966,0
1790180062169,1
1790180062169,0
1790180062258,1
1790180062258,0
1790180062294,1
1790180062299,0
1790180062317,1
1790180062345,0
1790180062354,1
1790180062354,0
1790180062563,1
1790180062563,0
1790180062594,1
1790180062605,0
1790180062617,1
1790180062643,2
1790180062666,1
1790180062666,0
1790180062988,1
1790180062988,0
1790180063049,1
1790180063049,0
1790180063272,1
1790180063272,0
1790180063288,1
1790180063327,0
1790180063742,1
1790180063742,0
1790180064051,1
1790180064051,0
1790180064255,1
1790180064255,0
1790180064514,1
1790180064514,0
1790180064544,1
1790180064561,0
1790180064781,1
1790180064781,0
1790180065141,1
1790180065141,0
1790180065393,1
1790180065393,0
1790180065419,1
1790180065448,0
1790180065466,1
1790180065490,2
1790180065498,1
1790180065521,2
1790180065540,1
1790180065551,2
1790180065595,1
1790180065595,0
1790180065698,1
1790180065698,0
1790180066004,1
1790180066004,0
1790180066033,1
1790180066058,0
1790180066059,1
1790180066059,0
1790180066110,1
1790180066110,0
1790180066139,1
1790180066157,0
1790180066366,1
1790180066366,0
1790180066416,1
1790180066417,0
1790180066602,1
1790180066602,0
1790180066954,1
1790180066954,0
1790180066985,1
1790180067009,0
1790180067155,1
1790180067155,0
1790180067181,1
1790180067201,0
1790180067264,1
1790180067264,0
1790180067293,1
1790180067307,0
1790180067322,1
1790180067360,2
1790180067362,1
1790180067362,0
1790180067384,1
1790180067409,0
1790180067693,1
1790180067693,0
1790180067721,1
1790180067737,0
1790180067773,1
1790180067792,0
1790180068285,1
1790180068285,0
1790180068304,1
1790180068342,0
1790180068484,1
1790180068484,0
1790180068564,1
1790180068564,0
1790180068713,1
1790180068714,0
1790180068743,1
1790180068756,0
1790180068971,1
1790180068971,0
1790180069121,1
1790180069121,0
1790180069349,1
1790180069349,0
1790180069402,1
1790180069404,0
1790180069438,1
1790180069445,0
1790180069469,1
1790180069469,0
1790180069489,1
1790180069525,0
1790180069664,1
1790180069664,0
1790180069785,1
1790180069785,0
1790180069888,1
1790180069888,0
1790180069924,1
1790180069941,0
1790180069943,1
1790180069979,2
1790180069984,1
1790180070016,2
1790180070025,1
1790180070028,2
1790180070081,1
1790180070081,0
1790180070737,1
1790180070737,0
1790180071527,1
1790180071528,0
1790180071556,1
1790180071571,0
1790180071580,1
1790180071617,2
1790180071627,1
1790180071627,0
1790180072207,1
1790180072207,0
1790180073372,1
1790180073373,0
1790180073402,1
1790180073425,2
1790180073429,1
1790180073457,2
1790180073471,1
1790180073471,0
1790180073516,1
1790180073516,0
1790180073542,1
1790180073559,0
1790180073623,1
1790180073623,0
1790180073776,1
1790180073776,0
1790180073801,1
1790180073827,2
1790180073830,1
1790180073872,0
1790180073910,1
1790180073920,0
1790180074013,1
1790180074013,0
1790180074386,1
1790180074386,0
1790180074416,1
1790180074428,0
1790180074676,1
1790180074676,0
1790180074868,1
1790180074869,0
1790180075216,1
1790180075216,0
1790180075441,1
1790180075441,0
1790180075532,1
1790180075532,0
1790180075567,1
1790180075574,0
1790180075592,1
1790180075592,0
1790180075621,1
1790180075621,0
1790180075652,1
1790180075668,0
1790180075672,1
1790180075710,0
1790180076059,1
1790180076059,0
1790180076093,1
1790180076105,0
1790180076128,1
1790180076128,0
1790180076297,1
1790180076297,0
1790180076430,1
1790180076430,0
1790180076765,1
1790180076765,0
1790180076829,1
1790180076829,0
1790180077327,1
1790180077327,0
1790180077494,1
1790180077494,0
1790180078417,1
1790180078417,0
1790180079138,1
1790180079139,0
1790180079151,1
1790180079180,0
1790180079190,1
1790180079225,0
1790180079328,1
1790180079328,0
1790180079361,1
1790180079377,0
1790180079382,1
1790180079421,0
1790180080391,1
1790180080391,0
1790180080504,1
1790180080504,0
1790180080544,1
1790180080552,0
1790180080581,1
1790180080597,0
1790180080612,1
1790180080612,0
1790180080636,1
1790180080636,0
1790180080694,1
1790180080694,0
1790180080809,1
1790180080809,0
1790180081014,1
1790180081014,0
1790180081045,1
1790180081061,0
1790180081074,1
1790180081106,0
1790180081744,1
1790180081744,0
1790180081766,1
1790180081790,0
1790180082059,1
1790180082059,0
1790180082615,1
1790180082615,0
1790180082999,1
1790180082999,0
1790180083030,1
1790180083046,0
1790180083061,1
1790180083086,0
1790180083327,1
1790180083327,0
1790180083356,1
1790180083368,0
1790180083384,1
1790180083411,0
1790180083535,1
1790180083535,0
1790180083565,1
1790180083582,0
1790180083592,1
1790180083592,0
1790180083613,1
1790180083633,0
1790180083658,1
1790180083674,0
1790180083695,1
1790180083715,2
1790180083721,1
1790180083721,0
1790180083734,1
1790180083734,0
1790180083766,1
1790180083766,0
1790180084158,1
1790180084159,0
1790180084328,1
1790180084328,0
1790180084450,1
1790180084450,0
1790180084699,1
1790180084699,0
1790180084851,1
1790180084851,0
1790180084897,1
1790180084902,0
1790180084916,1
1790180084948,0
1790180084950,1
1790180084977,2
1790180084991,1
1790180084991,0
1790180085458,1
1790180085458,0
1790180085476,1
1790180085499,0
1790180085524,1
1790180085524,0
1790180085558,1
1790180085570,0
1790180085589,1
1790180085589,0
1790180085779,1
1790180085779,0
1790180085802,1
1790180085820,0
1790180085833,1
1790180085833,0
1790180085857,1
1790180085857,0
1790180085926,1
1790180085926,0
1790180086150,1
1790180086150,0
1790180086174,1
1790180086196,0
1790180086405,1
1790180086405,0
1790180086692,1
1790180086692,0
1790180086719,1
1790180086736,0
1790180086951,1
1790180086951,0
1790180087121,1
1790180087121,0
1790180087143,1
1790180087166,0
1790180087170,1
1790180087170,0
1790180087285,1
1790180087285,0
1790180087516,1
1790180087516,0
1790180087563,1
1790180087563,0
1790180087596,1
1790180087611,0
1790180087898,1
1790180087898,0
1790180087927,1
1790180087939,0
1790180087954,1
1790180087954,0
1790180087979,1
1790180087979,0
1790180088260,1
1790180088260,0
1790180088348,1
1790180088348,0
1790180088368,1
1790180088390,0
1790180088398,1
1790180088434,0
1790180088951,1
1790180088951,0
1790180088980,1
1790180088992,0
1790180089006,1
1790180089006,0
1790180089017,1
1790180089017,0
1790180089681,1
1790180089681,0
1790180089712,1
1790180089727,0
1790180089846,1
1790180089846,0
1790180089877,1
1790180089891,0
1790180089911,1
1790180089931,0
1790180090150,1
1790180090150,0
1790180090487,1
1790180090487,0
1790180090520,1
1790180090530,0
1790180090709,1
1790180090709,0
1790180090798,1
1790180090798,0
1790180090911,1
1790180090912,0
1790180090946,1
1790180090958,0
1790180090977,1
1790180090999,0
1790180091240,1
1790180091240,0
1790180091366,1
1790180091366,0
1790180091394,1
1790180091408,2
1790180091410,1
1790180091410,0
1790180091576,1
1790180091577,0
1790180091698,1
1790180091698,0
1790180091753,1
1790180091753,0
1790180092095,1
1790180092095,0
1790180092525,1
1790180092525,0
1790180092558,1
1790180092569,0
1790180092585,1
1790180092585,0
1790180093036,1
1790180093036,0
1790180093341,1
1790180093341,0
1790180093398,1
1790180093398,0
1790180093420,1
1790180093441,0
1790180093443,1
1790180093444,0
1790180093546,1
1790180093546,0
1790180093660,1
1790180093660,0
1790180094423,1
1790180094423,0
1790180094463,1
1790180094467,0
1790180094614,1
1790180094615,0
1790180094654,1
1790180094660,0
