1790179561222,1
1790179561229,0
1790179561465,1
1790179561482,0
1790179561670,1
1790179561670,0
1790179561726,1
1790179561730,0
1790179561785,1
1790179561785,0
1790179561891,1
1790179561891,0
1790179562000,1
1790179562000,0
1790179562056,1
1790179562087,0
1790179562110,1
1790179562110,0
1790179562164,1
1790179562164,0
1790179562209,1
1790179562209,0
1790179562259,1
1790179562283,0
1790179562471,1
1790179562471,0
1790179562906,1
1790179562906,0
1790179563396,1
1790179563396,0
1790179563450,1
1790179563451,0
1790179563884,1
1790179563884,0
1790179564445,1
1790179564445,0
1790179564489,1
1790179564492,0
1790179564808,1
1790179564808,0
1790179564858,1
1790179564864,0
1790179564912,1
1790179564912,0
1790179565562,1
1790179565562,0
1790179565781,1
1790179565781,0
1790179566389,1
1790179566389,0
1790179566869,1
1790179566869,0
1790179566923,1
1790179566924,0
1790179567033,1
1790179567033,0
1790179567134,1
1790179567135,0
1790179567190,1
1790179567190,0
1790179567244,1
1790179567244,0
1790179567296,1
1790179567296,0
1790179568059,1
1790179568059,0
1790179568117,1
1790179568118,0
1790179568166,1
1790179568166,0
1790179568223,1
1790179568223,0
1790179568273,1
1790179568273,0
1790179568328,1
1790179568328,0
1790179568379,1
1790179568379,0
1790179568649,1
1790179568649,0
1790179568863,1
1790179568864,0
1790179569196,1
1790179569196,0
1790179569246,1
1790179569246,0
1790179569301,1
1790179569301,0
1790179569361,1
1790179569362,0
1790179569899,1
1790179569899,0
1790179570223,1
1790179570223,0
1790179570273,1
1790179570273,0
1790179570326,1
1790179570326,0
1790179570384,1
1790179570384,0
1790179570439,1
1790179570440,0
1790179570766,1
1790179570767,0
1790179570822,1
1790179570822,0
1790179570878,1
1790179570878,0
1790179570985,1
1790179570985,0
1790179571037,1
1790179571037,0
1790179572133,1
1790179572133,0
1790179572188,1
1790179572188,0
1790179572560,1
1790179572560,0
1790179573216,1
1790179573216,0
1790179573819,1
1790179573820,0
1790179573873,1
1790179573873,0
1790179573930,1
1790179573930,0
1790179573982,1
1790179573982,0
1790179574204,1
1790179574205,0
1790179575122,1
1790179575122,0
1790179575174,1
1790179575191,0
1790179575609,1
1790179575609,0
1790179576094,1
1790179576095,0
1790179576317,1
1790179576317,0
1790179576703,1
1790179576703,0
1790179577695,1
1790179577695,0
1790179578904,1
1790179578904,0
1790179578953,1
1790179578977,0
1790179579011,1
1790179579012,0
1790179579064,1
1790179579064,0
1790179579112,1
1790179579112,0
1790179579167,1
1790179579167,0
1790179579387,1
1790179579389,0
1790179580241,1
1790179580241,0
1790179580571,1
1790179580571,0
1790179580620,1
1790179580628,0
1790179580680,1
1790179580680,0
1790179580728,1
1790179580728,0
1790179580783,1
1790179580783,0
1790179580836,1
1790179580836,0
1790179581057,1
1790179581057,0
1790179581873,1
1790179581873,0
1790179582845,1
1790179582845,0
1790179583393,1
1790179583393,0
1790179583442,1
1790179583442,0
1790179583872,1
1790179583872,0
1790179584575,1
1790179584575,0
1790179585384,1
1790179585384,0
1790179586040,1
1790179586040,0
1790179587609,1
1790179587611,0
1790179587985,1
1790179587986,0
1790179588142,1
1790179588142,0
1790179588202,1
1790179588202,0
1790179588256,1
1790179588256,0
1790179588310,1
1790179588311,0
1790179588361,1
1790179588381,0
1790179588420,1
1790179588420,0
1790179588751,1
1790179588751,0
1790179589079,1
1790179589080,0
1790179589184,1
1790179589184,0
1790179589242,1
1790179589262,0
1790179589730,1
1790179589731,0
1790179590329,1
1790179590330,0
1790179592655,1
1790179592656,0
1790179592706,1
1790179592722,0
1790179592814,1
1790179592814,0
1790179593845,1
1790179593845,0
1790179593947,1
1790179593947,0
1790179594002,1
1790179594002,0
1790179594063,1
1790179594063,0
1790179594114,1
1790179594115,0
1790179594655,1
1790179594656,0
1790179595349,1
1790179595349,0
1790179595404,1
1790179595404,0
1790179596700,1
1790179596700,0
1790179597772,1
1790179597772,0
1790179597826,1
1790179597842,0
1790179598045,1
1790179598045,0
1790179598097,1
1790179598098,0
1790179598150,1
1790179598150,0
1790179598207,1
1790179598207,0
1790179598311,1
1790179598312,0
1790179598807,0
1790179598810,0
1790179598861,0
1790179598861,0
1790179599443,1
1790179599443,0
1790179599497,1
1790179599497,0
1790179599552,0
1790179599552,0
1790179600636,1
1790179600636,0
1790179600690,1
1790179600714,0
1790179600744,1
1790179600744,0
1790179601496,1
1790179601496,0
1790179601551,1
1790179601552,0
1790179601666,1
1790179601666,0
1790179601714,1
1790179601716,0
1790179601767,1
1790179601767,0
1790179602046,1
1790179602046,0
1790179602641,1
1790179602642,0
1790179603408,1
1790179603408,0
1790179603462,1
1790179603473,0
1790179603684,1
1790179603684,0
1790179604725,1
1790179604725,0
1790179605640,1
1790179605640,0
1790179605694,1
1790179605694,0
1790179606620,1
1790179606620,0
1790179606675,1
1790179606675,0
1790179606729,1
1790179606729,0
1790179606835,1
1790179606835,0
1790179606888,1
1790179606888,0
1790179606945,1
1790179606945,0
1790179607054,1
1790179607054,0
1790179607109,1
1790179607109,0
1790179607330,1
1790179607330,0
1790179607385,1
1790179607385,0
1790179607444,1
1790179607444,0
1790179607495,1
1790179607495,0
1790179608037,1
1790179608037,0
1790179608252,1
1790179608252,0
1790179608847,1
1790179608847,0
1790179609769,1
1790179609769,0
1790179609821,1
1790179609821,0
1790179610365,1
1790179610365,0
1790179610750,1
1790179610750,0
1790179610904,1
1790179610904,0
1790179611399,1
1790179611399,0
1790179612199,1
1790179612200,0
1790179612259,1
1790179612259,0
1790179612423,1
1790179612423,0
1790179613391,1
1790179613391,0
1790179614257,1
1790179614257,0
1790179614315,1
1790179614315,0
1790179614370,1
1790179614370,0
1790179614421,1
1790179614423,0
1790179614804,1
1790179614804,0
1790179614862,1
1790179614863,0
1790179615779,1
1790179615779,0
1790179616107,1
1790179616107,0
1790179616162,1
1790179616162,0
1790179616214,1
1790179616214,0
1790179616866,1
1790179616867,0
1790179617289,1
1790179617289,0
1790179618462,1
1790179618462,0
1790179618509,1
1790179618518,0
1790179618621,1
1790179618621,0
1790179618673,1
1790179618711,0
1790179618737,1
1790179618739,0
1790179618779,1
1790179618823,0
1790179619475,1
1790179619475,0
1790179619532,1
1790179619532,0
1790179620129,1
1790179620129,0
1790179620398,1
1790179620398,0
1790179620444,1
1790179620446,0
1790179623958,1
1790179623958,0
1790179624767,1
1790179624768,0
1790179624821,1
1790179624821,0
1790179624872,1
1790179624872,0
1790179624924,1
1790179624924,0
1790179625736,1
1790179625736,0
1790179626652,1
1790179626652,0
1790179626812,1
1790179626812,0
1790179626868,1
1790179626868,0
1790179626918,1
1790179626918,0
1790179626974,1
1790179626974,0
1790179627348,1
1790179627348,0
1790179627403,1
1790179627403,0
1790179627458,1
1790179627458,0
1790179628214,1
1790179628214,0
1790179628269,1
1790179628269,0
1790179630113,1
1790179630113,0
1790179630819,1
1790179630819,0
1790179631196,1
1790179631196,0
1790179631306,1
1790179631306,0
1790179631361,1
1790179631361,0
1790179631472,1
1790179631472,0
1790179631526,1
1790179631526,0
1790179631581,1
1790179631581,0
1790179631800,1
1790179631800,0
1790179632445,1
1790179632446,0
1790179633198,1
1790179633198,0
1790179633472,1
1790179633473,0
1790179633527,1
1790179633530,0
1790179633582,1
1790179633582,0
1790179633638,1
1790179633639,0
1790179634228,1
1790179634228,0
1790179634284,1
1790179634285,0
1790179634389,1
1790179634389,0
1790179634443,1
1790179634443,0
1790179634717,1
1790179634717,0
1790179635264,1
1790179635264,0
1790179635533,1
1790179635533,0
1790179635813,1
1790179635813,0
1790179635865,1
1790179635865,0
1790179636624,1
1790179636624,0
1790179636676,1
1790179636676,0
1790179636729,1
1790179636729,0
1790179637434,1
1790179637435,0
1790179637648,1
1790179637648,0
1790179637706,1
1790179637707,0
1790179637763,1
1790179637763,0
1790179637978,1
1790179637978,0
1790179638680,1
1790179638680,0
1790179638730,1
1790179638730,0
1790179638791,1
1790179638791,0
1790179639002,1
1790179639002,0
1790179639112,1
1790179639112,0
1790179639434,1
1790179639434,0
1790179639490,1
1790179639490,0
1790179639548,1
1790179639548,0
1790179639602,1
1790179639602,0
1790179639875,1
1790179639875,0
1790179641724,1
1790179641724,0
1790179644158,1
1790179644162,0
1790179644542,1
1790179644542,0
1790179645188,1
1790179645189,0
1790179645344,1
1790179645344,0
1790179645398,1
1790179645398,0
1790179645453,1
1790179645453,0
1790179645504,1
1790179645504,0
1790179645611,1
1790179645611,0
1790179646373,1
1790179646373,0
1790179646426,1
1790179646426,0
1790179646481,1
1790179646481,0
1790179646538,1
1790179646538,0
1790179646643,1
1790179646643,0
1790179646869,1
1790179646870,0
1790179647349,1
1790179647349,0
1790179647773,1
1790179647774,0
1790179647827,1
1790179647827,0
1790179648327,1
1790179648327,0
1790179649143,1
1790179649143,0
1790179649311,1
1790179649311,0
1790179649364,1
1790179649365,0
1790179650457,1
1790179650457,0
1790179650513,1
1790179650513,0
1790179650568,1
1790179650568,0
1790179650615,1
1790179650623,0
1790179650670,1
1790179650670,0
1790179650725,1
1790179650725,0
1790179651493,1
1790179651493,0
1790179651818,1
1790179651818,0
1790179652088,1
1790179652089,0
1790179652148,1
1790179652148,0
1790179652204,1
1790179652205,0
1790179652589,1
1790179652589,0
1790179652641,1
1790179652641,0
1790179652697,1
1790179652697,0
1790179652746,1
1790179652762,0
1790179653556,1
1790179653556,0
1790179653941,0
1790179653941,0
1790179654105,1
1790179654105,0
1790179654325,1
1790179654325,0
1790179655036,0
1790179655036,0
1790179655092,1
1790179655092,0
1790179655406,1
1790179655406,0
1790179655461,1
1790179655461,0
1790179656223,1
1790179656223,0
1790179656273,1
1790179656273,0
1790179656332,1
1790179656332,0
1790179656928,1
1790179656928,0
1790179657037,1
1790179657037,0
1790179657192,1
1790179657192,0
1790179657404,1
1790179657405,0
1790179659080,1
1790179659081,0
1790179659242,1
1790179659243,0
1790179660275,1
1790179660275,0
1790179660550,1
1790179660551,0
1790179660605,1
1790179660608,0
1790179661149,1
1790179661149,0
1790179662776,0
1790179662776,0
1790179662884,1
1790179662884,0
1790179662939,1
1790179662946,0
1790179662991,1
1790179663000,0
1790179663048,1
1790179663048,0
1790179663421,1
1790179663421,0
1790179663474,1
1790179663474,0
1790179663528,1
1790179663539,0
1790179663908,1
1790179663908,0
1790179663960,1
1790179663960,0
1790179664015,1
1790179664015,0
1790179664072,1
1790179664077,0
1790179665198,1
1790179665198,0
1790179665627,1
1790179665627,0
1790179667890,1
1790179667890,0
1790179668328,1
1790179668328,0
1790179668382,1
1790179668382,0
1790179668434,1
1790179668434,0
1790179668873,1
1790179668873,0
1790179670333,1
1790179670333,0
1790179670386,1
1790179670386,0
1790179670441,1
1790179670441,0
1790179670488,1
1790179670495,0
1790179670818,1
1790179670818,0
1790179670876,1
1790179670876,0
1790179671370,1
1790179671370,0
1790179671640,1
1790179671640,0
1790179671693,1
1790179671694,0
1790179671748,1
1790179671748,0
1790179672125,1
1790179672125,0
1790179672179,1
1790179672179,0
1790179672229,1
1790179672229,0
1790179672282,1
1790179672290,0
1790179672660,1
1790179672661,0
1790179672715,1
1790179672715,0
1790179672764,1
1790179672769,0
1790179672828,1
1790179672828,0
1790179673036,1
1790179673037,0
1790179673089,1
1790179673089,0
1790179673515,1
1790179673515,0
1790179673571,1
1790179673571,0
1790179674544,0
1790179674545,0
1790179674601,1
1790179674602,0
1790179674928,1
1790179674928,0
1790179674980,1
1790179674980,0
1790179675199,1
1790179675200,0
1790179675252,1
1790179675254,0
1790179675308,1
1790179675308,0
1790179675363,1
1790179675363,0
1790179675414,1
1790179675414,0
1790179675688,1
1790179675688,0
1790179676565,1
1790179676565,0
1790179676727,1
1790179676727,0
1790179677264,1
1790179677264,0
1790179677318,1
1790179677319,0
1790179677364,1
1790179677365,0
1790179677424,1
1790179677424,0
1790179677746,1
1790179677746,0
1790179678019,1
1790179678019,0
1790179678068,1
1790179678068,0
1790179679160,1
1790179679161,0
1790179679540,1
1790179679540,0
1790179679591,1
1790179679593,0
1790179679640,1
1790179679651,0
1790179679700,1
1790179679705,0
1790179679746,1
1790179679759,0
1790179679857,1
1790179679857,0
1790179679915,1
1790179679915,0
1790179679974,1
1790179679974,0
1790179680023,1
1790179680023,0
1790179680564,1
1790179680564,0
1790179681597,1
1790179681597,0
1790179681652,1
1790179681671,0
1790179682234,1
1790179682234,0
1790179682403,1
1790179682403,0
1790179682458,1
1790179682458,0
1790179682516,1
1790179682516,0
1790179682567,1
1790179682567,0
1790179682726,1
1790179682726,0
1790179682775,1
1790179682784,0
1790179682835,1
1790179682840,0
1790179683101,1
1790179683101,0
1790179683745,1
1790179683745,0
1790179684711,1
1790179684711,0
1790179685786,1
1790179685786,0
1790179685999,1
1790179685999,0
1790179686055,1
1790179686056,0
1790179686102,1
1790179686102,0
1790179686211,1
1790179686211,0
1790179686269,1
1790179686269,0
1790179686377,1
1790179686377,0
1790179686435,1
1790179686435,0
1790179686702,1
1790179686702,0
1790179686969,1
1790179686969,0
1790179687827,1
1790179687827,0
1790179687885,1
1790179687885,0
1790179687935,1
1790179687935,0
1790179688047,1
1790179688047,0
1790179688096,1
1790179688097,0
1790179688153,1
1790179688154,0
1790179688209,1
1790179688215,0
1790179688474,1
1790179688475,0
1790179688741,1
1790179688742,0
1790179689445,1
1790179689445,0
1790179690313,1
1790179690313,0
1790179690361,1
1790179690375,0
1790179690903,1
1790179690903,0
1790179691443,1
1790179691443,0
1790179692155,1
1790179692155,0
1790179692210,1
1790179692210,0
1790179692263,1
1790179692264,0
1790179693121,1
1790179693121,0
1790179693172,1
1790179693172,0
1790179693231,1
1790179693231,0
1790179693286,1
1790179693286,0
1790179693340,1
1790179693341,0
1790179693499,1
1790179693499,0
1790179693988,1
1790179693988,0
1790179695075,1
1790179695075,0
1790179695130,1
1790179695130,0
1790179695563,1
1790179695563,0
1790179695998,1
1790179695998,0
1790179696112,1
1790179696112,0
1790179696166,1
1790179696166,0
1790179696442,1
1790179696442,0
1790179697039,1
1790179697039,0
1790179699160,1
1790179699160,0
1790179699323,1
1790179699323,0
1790179699586,1
1790179699586,0
1790179699641,1
1790179699641,0
1790179700236,1
1790179700236,0
1790179700288,1
1790179700288,0
1790179700343,1
1790179700343,0
1790179700396,1
1790179700396,0
1790179700449,1
1790179700450,0
1790179700501,1
1790179700501,0
1790179700608,1
1790179700608,0
1790179700664,1
1790179700664,0
1790179700766,1
1790179700766,0
1790179701196,1
1790179701197,0
1790179701901,1
1790179701901,0
1790179701950,1
1790179701950,0
1790179702005,1
1790179702005,0
1790179702059,1
1790179702059,0
1790179702112,1
1790179702112,0
1790179702167,1
1790179702181,0
1790179702435,1
1790179702435,0
1790179702491,1
1790179702491,0
1790179702546,1
1790179702546,0
1790179702817,1
1790179702818,0
1790179703140,1
1790179703140,0
1790179703249,1
1790179703249,0
1790179703304,1
1790179703304,0
1790179703355,1
1790179703355,0
1790179703627,1
1790179703627,0
1790179703897,1
1790179703897,0
1790179703948,1
1790179703948,0
1790179704003,1
1790179704003,0
1790179704060,1
1790179704060,0
1790179704113,1
1790179704113,0
1790179704340,1
1790179704340,0
1790179704390,1
1790179704391,0
1790179704441,1
1790179704441,0
1790179704826,1
1790179704826,0
1790179705214,1
1790179705214,0
1790179705322,1
1790179705322,0
1790179705373,1
1790179705373,0
1790179705432,1
1790179705432,0
1790179708013,1
1790179708014,0
1790179708286,1
1790179708286,0
1790179708393,1
1790179708393,0
1790179708556,1
1790179708556,0
1790179708830,1
1790179708830,0
1790179708879,1
1790179708879,0
1790179708985,1
1790179708985,0
1790179709577,1
1790179709577,0
1790179709630,1
1790179709630,0
1790179709690,1
1790179709690,0
1790179709740,1
1790179709740,0
1790179710013,1
1790179710013,0
1790179710068,1
1790179710068,0
1790179710339,1
1790179710339,0
1790179710657,1
1790179710657,0
1790179710708,1
1790179710708,0
1790179710763,1
1790179710763,0
1790179711093,1
1790179711093,0
1790179711635,1
1790179711635,0
1790179711906,1
1790179711907,0
1790179711961,1
1790179711961,0
1790179712935,1
1790179712935,0
1790179712995,1
1790179712995,0
1790179713922,1
1790179713922,0
1790179713972,1
1790179713981,0
1790179714030,1
1790179714030,0
1790179714085,1
1790179714085,0
1790179714573,1
1790179714574,0
1790179715178,1
1790179715178,0
1790179716256,1
1790179716256,0
1790179717218,1
1790179717218,0
1790179717660,1
1790179717660,0
1790179718028,1
1790179718028,0
1790179719063,1
1790179719064,0
1790179719114,1
1790179719123,0
1790179719169,1
1790179719170,0
1790179719871,1
1790179719871,0
1790179720144,1
1790179720144,0
1790179720199,1
1790179720199,0
1790179720741,1
1790179720741,0
1790179721280,1
1790179721280,0
1790179722366,1
1790179722366,0
1790179723006,1
1790179723006,0
1790179723059,1
1790179723059,0
1790179723117,1
1790179723117,0
1790179723440,1
1790179723440,0
1790179723880,1
1790179723880,0
1790179723932,1
1790179723932,0
1790179723987,1
1790179723987,0
1790179724530,1
1790179724530,0
1790179724583,1
1790179724583,0
1790179724633,1
1790179724633,0
1790179724688,1
1790179724688,0
1790179724798,1
1790179724798,0
1790179725064,1
1790179725064,0
1790179725123,1
1790179725123,0
1790179725170,1
1790179725170,0
1790179726472,1
1790179726472,0
1790179726574,1
1790179726574,0
1790179726630,1
1790179726630,0
1790179726689,1
1790179726689,0
1790179726744,1
1790179726744,0
1790179727062,1
1790179727062,0
1790179727272,1
1790179727272,0
1790179727325,1
1790179727330,0
1790179727381,1
1790179727381,0
1790179727432,1
1790179727432,0
1790179727857,1
1790179727857,0
1790179727971,1
1790179727971,0
1790179728021,1
1790179728022,0
1790179728291,1
1790179728291,0
1790179728510,1
1790179728510,0
1790179728945,1
1790179728945,0
1790179728996,1
1790179728996,0
1790179729050,1
1790179729050,0
1790179729542,1
1790179729542,0
1790179729972,1
1790179729972,0
1790179730522,1
1790179730523,0
1790179730902,1
1790179730903,0
1790179730958,1
1790179730970,0
1790179731226,1
1790179731226,0
1790179731284,1
1790179731284,0
1790179731340,1
1790179731340,0
1790179731934,1
1790179731934,0
