1790180013291,1
1790180013297,0
1790180013371,1
1790180013471,2
1790180013506,3
1790180013512,4
1790180013556,3
1790180013579,4
1790180013616,5
1790180013642,6
1790180013667,5
1790180013677,6
1790180013693,7
1790180013710,8
1790180013737,7
1790180013742,8
1790180013806,7
1790180013807,6
1790180013834,7
1790180013859,6
1790180013939,5
1790180013939,4
1790180013939,3
1790180013939,2
1790180014014,1
1790180014014,0
1790180014025,1
1790180014080,0
1790180014248,1
1790180014248,0
1790180014272,1
1790180014296,0
1790180014468,1
1790180014468,0
1790180014717,1
1790180014718,0
1790180014741,1
1790180014764,0
1790180014893,1
1790180014893,0
1790180014917,1
1790180014940,0
1790180014940,1
1790180014940,0
1790180015233,1
1790180015234,0
1790180015331,1
1790180015331,0
1790180015587,1
1790180015587,0
1790180015804,1
1790180015804,0
1790180015828,1
1790180015850,0
1790180015879,1
1790180015879,0
1790180015927,1
1790180015927,0
1790180015952,1
1790180015977,2
1790180015979,1
1790180015980,0
1790180015999,1
1790180015999,0
1790180016352,1
1790180016352,0
1790180016381,1
1790180016381,0
1790180016402,1
1790180016426,0
1790180016429,1
1790180016453,2
1790180016472,1
1790180016472,0
1790180016479,1
1790180016479,0
1790180016503,1
1790180016503,0
1790180016624,1
1790180016624,0
1790180016717,1
1790180016717,0
1790180016859,1
1790180016859,0
1790180016883,1
1790180016907,0
1790180016908,1
1790180016908,0
1790180016929,1
1790180016929,0
1790180017166,1
1790180017167,0
1790180017308,1
1790180017308,0
1790180017336,1
1790180017351,0
1790180017362,1
1790180017362,0
1790180017383,1
1790180017383,0
1790180017412,1
1790180017412,0
1790180017560,1
1790180017561,0
1790180017584,1
1790180017604,0
1790180017611,1
1790180017611,0
1790180017658,1
1790180017658,0
1790180017684,1
1790180017684,0
1790180018165,1
1790180018165,0
1790180018190,1
1790180018209,0
1790180018355,1
1790180018355,0
1790180018661,1
1790180018661,0
1790180018920,1
1790180018921,0
1790180018942,1
1790180018964,0
1790180018972,1
1790180018972,0
1790180018987,1
1790180018988,0
1790180019080,1
1790180019081,0
1790180019491,1
1790180019491,0
1790180019512,1
1790180019544,0
1790180019704,1
1790180019705,0
1790180019924,1
1790180019924,0
1790180020019,1
1790180020019,0
1790180020193,1
1790180020193,0
1790180020628,1
1790180020628,0
1790180021166,1
1790180021166,0
1790180021188,1
1790180021212,2
1790180021218,1
1790180021218,0
1790180021244,1
1790180021244,0
1790180021265,1
1790180021265,0
1790180021290,1
1790180021290,0
1790180021385,1
1790180021385,0
1790180021784,1
1790180021785,0
1790180021933,1
1790180021933,0
1790180021959,1
1790180021979,2
1790180021982,1
1790180021982,0
1790180022004,1
1790180022004,0
1790180022028,1
1790180022028,0
1790180022058,1
1790180022058,0
1790180022144,1
1790180022144,0
1790180022516,1
1790180022516,0
1790180022956,1
1790180022956,0
1790180023198,1
1790180023198,0
1790180023213,1
1790180023213,0
1790180023413,1
1790180023413,0
1790180023724,1
1790180023724,0
1790180024083,1
1790180024083,0
1790180024379,1
1790180024380,0
1790180025063,1
1790180025065,0
1790180025232,1
1790180025232,0
1790180025306,1
1790180025306,0
1790180025336,1
1790180025336,0
1790180025358,1
1790180025358,0
1790180025382,1
1790180025382,0
1790180025404,1
1790180025424,2
1790180025428,1
1790180025428,0
1790180025561,1
1790180025561,0
1790180025713,1
1790180025713,0
1790180025760,1
1790180025760,0
1790180025785,1
1790180025823,0
1790180026005,1
1790180026005,0
1790180026265,1
1790180026265,0
1790180027285,1
1790180027285,0
1790180027303,1
1790180027351,0
1790180027352,1
1790180027353,0
1790180027802,1
1790180027802,0
1790180027854,1
1790180027854,0
1790180027877,1
1790180027897,0
1790180027901,1
1790180027901,0
1790180027931,1
1790180027931,0
1790180028173,1
1790180028174,0
1790180028493,1
1790180028494,0
1790180028520,1
1790180028537,0
1790180029082,1
1790180029082,0
1790180029571,1
1790180029571,0
1790180029593,1
1790180029623,0
1790180029695,1
1790180029695,0
1790180029721,1
1790180029721,0
1790180029745,1
1790180029745,0
1790180029770,0
1790180029770,0
1790180029818,1
1790180029818,0
1790180030041,0
1790180030043,0
1790180030065,1
1790180030065,0
1790180030336,1
1790180030336,0
1790180030361,1
1790180030379,0
1790180030383,1
1790180030383,0
1790180030860,1
1790180030860,0
1790180030884,1
1790180030912,2
1790180030917,1
1790180030917,0
1790180031255,1
1790180031255,0
1790180031277,1
1790180031277,0
1790180031328,1
1790180031328,0
1790180031353,1
1790180031377,2
1790180031385,1
1790180031385,0
1790180031498,1
1790180031498,0
1790180031761,1
1790180031761,0
1790180032084,1
1790180032084,0
1790180032103,1
1790180032136,0
1790180032207,1
1790180032207,0
1790180032667,1
1790180032667,0
1790180033074,1
1790180033074,0
1790180033100,1
1790180033125,0
1790180033512,1
1790180033512,0
1790180033530,1
1790180033554,2
1790180033558,1
1790180033606,0
1790180033606,1
1790180033630,2
1790180033651,1
1790180033655,2
1790180033696,1
1790180033696,0
1790180033707,1
1790180033725,2
1790180033745,1
1790180033792,0
1790180033825,1
1790180033825,0
1790180033847,1
1790180033869,2
1790180033871,1
1790180033896,2
1790180033919,1
1790180033920,0
1790180034139,1
1790180034139,0
1790180034237,1
1790180034237,0
1790180034505,1
1790180034505,0
1790180034927,1
1790180034927,0
1790180034949,1
1790180034974,0
1790180035194,1
1790180035194,0
1790180035368,1
1790180035369,0
1790180035442,1
1790180035442,0
1790180035665,1
1790180035665,0
1790180036032,1
1790180036032,0
1790180036055,1
1790180036077,0
1790180036130,1
1790180036130,0
1790180036558,1
1790180036559,0
1790180036947,1
1790180036947,0
1790180036977,1
1790180036994,0
1790180037001,1
1790180037001,0
1790180037026,1
1790180037048,0
1790180037199,1
1790180037199,0
1790180037223,1
1790180037245,0
1790180037624,1
1790180037624,0
1790180037758,1
1790180037758,0
1790180037781,1
1790180037803,2
1790180037805,1
1790180037851,0
1790180038096,1
1790180038096,0
1790180038301,1
1790180038301,0
1790180038835,1
1790180038835,0
1790180038856,1
1790180038881,0
1790180038907,1
1790180038927,2
1790180038929,1
1790180038951,2
1790180038973,1
1790180038974,0
1790180038976,1
1790180039024,0
1790180039274,1
1790180039275,0
1790180039294,1
1790180039320,0
1790180039566,1
1790180039566,0
1790180039687,1
1790180039687,0
1790180039712,1
1790180039786,0
1790180041279,1
1790180041280,0
1790180041647,1
1790180041647,0
1790180041672,1
1790180041692,0
1790180041697,1
1790180041717,2
1790180041747,1
1790180041747,0
1790180042089,1
1790180042089,0
1790180042499,1
1790180042500,0
1790180042566,1
1790180042566,0
1790180042587,1
1790180042605,2
1790180042612,1
1790180042633,2
1790180042658,1
1790180042658,0
1790180042808,1
1790180042808,0
1790180042831,1
1790180042854,0
1790180042855,1
1790180042855,0
1790180043204,1
1790180043204,0
1790180043229,1
1790180043253,0
1790180044062,1
1790180044062,0
1790180044366,1
1790180044366,0
1790180044535,1
1790180044535,0
1790180044584,1
1790180044584,0
1790180044610,1
1790180044629,0
1790180044654,1
1790180044680,2
1790180044680,1
1790180044707,2
1790180044728,1
1790180044728,0
1790180044802,1
1790180044802,0
1790180045089,1
1790180045089,0
1790180045421,1
1790180045421,0
1790180045542,1
1790180045542,0
1790180045566,1
1790180045587,0
1790180045588,1
1790180045613,2
1790180045634,1
1790180045683,0
1790180045882,1
1790180045882,0
1790180045904,1
1790180045927,0
1790180045952,1
1790180045974,0
1790180045977,1
1790180046020,0
1790180046099,1
1790180046099,0
1790180046341,1
1790180046341,0
1790180046462,1
1790180046462,0
1790180046586,1
1790180046586,0
1790180046605,1
1790180046635,0
1790180046949,1
1790180046949,0
1790180046972,1
1790180046994,2
1790180046995,1
1790180046995,0
1790180047330,1
1790180047330,0
1790180047423,1
1790180047423,0
1790180047447,1
1790180047470,0
1790180047471,1
1790180047519,0
1790180047571,1
1790180047571,0
1790180047888,1
1790180047888,0
1790180047904,1
1790180047934,2
1790180047934,1
1790180047980,0
1790180048027,1
1790180048027,0
1790180048077,1
1790180048077,0
1790180048220,1
1790180048220,0
1790180048245,1
1790180048265,2
1790180048268,1
1790180048292,2
1790180048312,1
1790180048361,0
1790180048412,1
1790180048412,0
1790180049246,1
1790180049246,0
1790180050338,0
1790180050340,0
1790180050513,1
1790180050514,0
1790180050792,1
1790180050793,0
1790180050864,1
1790180050864,0
1790180050892,1
1790180050911,0
1790180050911,1
1790180050933,2
1790180050959,1
1790180050959,0
1790180050981,1
1790180050982,0
1790180051332,1
1790180051332,0
1790180051352,1
1790180051377,2
1790180051377,1
1790180051378,0
1790180051398,1
1790180051398,0
1790180051448,1
1790180051448,0
1790180051555,1
1790180051556,0
1790180051766,1
1790180051767,0
1790180051961,1
1790180051961,0
1790180051986,1
1790180052007,0
1790180052204,1
1790180052204,0
1790180052565,1
1790180052565,0
1790180052641,1
1790180052641,0
1790180052663,1
1790180052683,0
1790180053153,1
1790180053153,0
1790180053181,1
1790180053196,0
1790180053207,1
1790180053227,2
1790180053242,1
1790180053248,2
1790180053274,3
1790180053297,2
1790180053297,1
1790180053297,0
1790180053615,1
1790180053615,0
1790180053755,1
1790180053755,0
1790180053879,1
1790180053879,0
1790180053904,1
1790180053931,2
1790180053935,1
1790180053935,0
1790180054092,1
1790180054093,0
1790180054120,1
1790180054135,0
1790180054146,1
1790180054146,0
1790180054170,1
1790180054200,0
1790180054528,1
1790180054528,0
1790180054700,1
1790180054701,0
1790180054767,1
1790180054767,0
1790180054864,1
1790180054864,0
1790180055177,1
1790180055177,0
1790180055201,1
1790180055231,0
1790180055345,1
1790180055345,0
1790180055366,1
1790180055401,0
1790180055711,1
1790180055711,0
1790180055734,1
1790180055754,0
1790180055758,1
1790180055758,0
1790180056032,1
1790180056032,0
1790180056077,1
1790180056088,0
1790180056153,1
1790180056154,0
1790180056246,1
1790180056246,0
1790180057011,1
1790180057011,0
1790180057086,1
1790180057086,0
1790180057561,1
1790180057561,0
1790180057693,1
1790180057693,0
1790180057712,1
1790180057749,0
1790180057981,1
1790180057981,0
1790180058800,1
1790180058800,0
1790180058852,1
1790180058858,0
1790180058880,1
1790180058913,0
1790180058913,1
1790180058940,2
1790180058954,1
1790180058954,0
1790180059123,1
1790180059123,0
1790180059145,1
1790180059166,0
1790180059176,1
1790180059220,0
1790180059377,1
1790180059377,0
1790180059406,1
1790180059422,0
1790180059436,1
1790180059436,0
1790180059464,1
1790180059491,0
1790180060033,1
1790180060033,0
1790180060268,1
1790180060268,0
1790180061409,1
1790180061409,0
1790180061637,1
1790180061637,0
1790180061657,1
1790180061680,0
1790180061688,1
1790180061736,0
1790180061905,1
1790180061905,0
1790180062690,1
1790180062690,0
1790180062720,1
1790180062733,0
1790180062736,1
1790180062767,2
1790180062774,1
1790180062829,0
1790180062939,1
1790180062939,0
1790180062965,1
1790180063002,0
1790180063217,1
1790180063217,0
1790180063344,1
1790180063344,0
1790180063375,1
1790180063386,0
1790180063405,1
1790180063405,0
1790180063605,1
1790180063605,0
1790180063631,1
1790180063654,0
1790180063665,1
1790180063665,0
1790180063681,1
1790180063719,0
1790180063884,1
1790180063884,0
1790180063918,1
1790180063927,0
1790180063944,1
1790180063967,2
1790180063978,1
1790180063978,0
1790180064088,1
1790180064088,0
1790180064117,1
1790180064129,0
1790180064342,1
1790180064342,0
1790180064376,1
1790180064395,0
1790180064860,1
1790180064860,0
1790180064891,1
1790180064914,0
1790180065050,1
1790180065050,0
1790180065079,1
1790180065096,0
1790180065185,1
1790180065185,0
1790180065213,1
1790180065243,0
1790180065244,1
1790180065273,2
1790180065286,1
1790180065286,0
1790180065302,1
1790180065302,0
1790180065430,1
1790180065430,0
1790180065890,1
1790180065890,0
1790180065975,1
1790180065975,0
1790180066246,1
1790180066246,0
1790180066278,1
1790180066301,0
1790180066313,1
1790180066313,0
1790180066337,1
1790180066355,0
1790180066489,1
1790180066489,0
1790180066617,1
1790180066617,0
1790180066652,1
1790180066660,0
1790180067207,1
1790180067207,0
1790180067414,1
1790180067414,0
1790180067445,1
1790180067458,0
1790180067474,1
1790180067495,2
1790180067512,1
1790180067516,2
1790180067567,1
1790180067570,2
1790180067601,3
1790180067625,2
1790180067626,1
1790180067633,2
1790180067661,3
1790180067680,2
1790180067723,1
1790180067723,0
1790180067917,1
1790180067917,0
1790180068439,1
1790180068440,0
1790180068461,1
1790180068498,0
1790180068772,1
1790180068772,0
1790180068859,1
1790180068859,0
1790180068884,1
1790180068902,0
1790180068911,1
1790180068941,2
1790180068958,1
1790180068958,0
1790180069031,1
1790180069031,0
1790180069056,1
1790180069085,0
1790180069090,1
1790180069143,0
1790180069236,1
1790180069236,0
1790180069578,1
1790180069578,0
1790180070089,1
1790180070089,0
1790180070658,1
1790180070658,0
1790180070755,1
1790180070755,0
1790180070783,1
1790180070811,0
1790180070813,1
1790180070814,0
1790180070874,1
1790180070874,0
1790180070903,1
1790180070922,0
1790180070944,1
1790180070944,0
1790180070972,1
1790180070989,0
1790180071107,1
1790180071107,0
1790180071254,1
1790180071254,0
1790180071702,1
1790180071702,0
1790180071731,1
1790180071749,0
1790180071761,1
1790180071795,0
1790180071796,1
1790180071832,2
1790180071852,1
1790180071856,2
1790180071888,3
1790180071896,2
1790180071896,1
1790180071951,0
1790180072035,1
1790180072036,0
1790180072179,1
1790180072179,0
1790180072534,1
1790180072534,0
1790180072971,1
1790180072971,0
1790180072987,1
1790180073030,0
1790180073287,1
1790180073287,0
1790180073565,1
1790180073565,0
1790180073933,1
1790180073933,0
1790180073956,1
1790180073974,0
1790180073995,1
1790180073995,0
1790180074439,1
1790180074439,0
1790180074474,1
1790180074480,0
1790180074494,1
1790180074524,0
1790180074530,1
1790180074530,0
1790180074559,1
1790180074559,0
1790180074647,1
1790180074648,0
1790180074898,1
1790180074899,0
1790180075453,1
1790180075453,0
1790180075492,1
1790180075497,0
1790180075704,1
1790180075704,0
1790180075918,1
1790180075918,0
1790180075978,1
1790180075978,0
1790180076007,1
1790180076024,0
1790180076148,1
1790180076148,0
1790180076462,1
1790180076462,0
1790180077548,1
1790180077548,0
1790180077640,1
1790180077640,0
1790180077770,1
1790180077770,0
1790180077800,1
1790180077812,0
1790180078113,1
1790180078113,0
1790180078140,1
1790180078154,0
1790180078170,1
1790180078170,0
1790180078192,1
1790180078217,0
1790180078224,1
1790180078249,2
1790180078265,1
1790180078266,0
1790180078307,1
1790180078307,0
1790180078323,1
1790180078348,0
1790180078390,1
1790180078390,0
1790180078586,1
1790180078586,0
1790180078965,1
1790180078965,0
1790180078987,1
1790180079008,0
1790180079026,1
1790180079026,0
1790180079056,1
1790180079056,0
1790180079077,1
1790180079077,0
1790180079113,1
1790180079126,0
1790180079248,1
1790180079248,0
1790180079268,1
1790180079296,0
1790180079308,1
1790180079308,0
1790180079431,1
1790180079431,0
1790180079600,1
1790180079600,0
1790180079660,1
1790180079660,0
1790180079688,1
1790180079700,0
1790180079718,1
1790180079745,0
1790180079869,1
1790180079869,0
1790180080005,1
1790180080005,0
1790180080029,1
1790180080053,0
1790180080059,1
1790180080074,2
1790180080096,1
1790180080096,0
1790180080101,1
1790180080101,0
1790180080219,1
1790180080219,0
1790180080251,1
1790180080263,0
1790180080279,1
1790180080279,0
1790180080478,1
1790180080478,0
1790180080666,1
1790180080666,0
1790180080721,1
1790180080721,0
1790180080745,1
1790180080765,0
1790180080779,1
1790180080806,0
1790180082114,1
1790180082114,0
1790180082249,1
1790180082250,0
1790180082301,1
1790180082305,0
1790180082389,1
1790180082390,0
1790180082511,1
1790180082511,0
1790180082533,1
1790180082551,0
1790180082588,1
1790180082588,0
1790180082898,1
1790180082898,0
1790180082918,1
1790180082939,2
1790180082940,1
1790180082966,2
1790180082980,1
1790180082980,0
1790180083120,1
1790180083120,0
1790180083150,1
1790180083161,0
1790180083258,1
1790180083258,0
1790180083429,1
1790180083429,0
1790180083454,1
1790180083470,0
1790180083485,1
1790180083485,0
1790180083635,1
1790180083635,0
1790180083900,1
1790180083900,0
1790180084037,1
1790180084037,0
1790180084073,1
1790180084083,0
1790180084582,1
1790180084582,0
1790180084607,1
1790180084625,0
1790180085098,1
1790180085098,0
1790180085126,1
1790180085150,0
1790180085158,1
1790180085188,2
1790180085192,1
1790180085192,0
1790180085434,1
1790180085434,0
1790180085719,1
1790180085719,0
1790180086259,1
1790180086259,0
1790180086779,1
1790180086779,0
1790180087006,1
1790180087006,0
1790180087206,1
1790180087206,0
1790180087728,1
1790180087728,0
1790180087750,1
1790180087774,0
1790180087786,1
1790180087816,0
1790180088150,1
1790180088150,0
1790180088285,1
1790180088285,0
1790180088318,1
1790180088329,0
1790180088590,1
1790180088590,0
1790180088870,1
1790180088870,0
1790180089425,1
1790180089425,0
1790180089773,1
1790180089773,0
1790180089806,1
1790180089815,0
1790180089830,1
1790180089830,0
1790180089996,1
1790180089996,0
1790180090210,1
1790180090210,0
1790180090241,1
1790180090252,0
1790180090271,1
1790180090271,0
1790180090551,1
1790180090551,0
1790180090571,1
1790180090593,0
1790180090601,0
1790180090601,0
1790180090631,1
1790180090631,0
1790180090691,1
1790180090691,0
1790180090828,1
1790180090828,0
1790180090852,1
1790180090869,0
1790180090886,1
1790180090886,0
1790180091544,1
1790180091544,0
1790180091601,1
1790180091601,0
1790180091624,1
1790180091643,0
1790180091653,1
1790180091653,0
1790180091676,1
1790180091676,0
1790180091845,1
1790180091845,0
1790180091961,1
1790180091961,0
1790180091986,1
1790180092009,0
1790180092016,1
1790180092031,2
1790180092053,1
1790180092053,0
1790180092266,1
1790180092266,0
1790180092321,1
1790180092321,0
1790180092347,1
1790180092366,0
1790180092498,1
1790180092499,0
1790180092616,1
1790180092616,0
1790180092850,1
1790180092850,0
1790180092880,1
1790180092892,0
1790180092895,1
1790180092938,0
1790180093149,1
1790180093149,0
1790180093372,1
1790180093372,0
1790180093635,1
1790180093635,0
1790180093844,1
1790180093844,0
1790180093869,1
1790180093897,0
1790180093992,1
1790180093992,0
1790180094021,1
1790180094033,0
1790180094046,1
1790180094046,0
1790180094342,1
1790180094342,0
