1790179561370,1
1790179561376,0
1790179561404,1
1790179561628,0
1790179561837,1
1790179561838,0
1790179562369,1
1790179562370,0
1790179562421,1
1790179562429,0
1790179562526,1
1790179562526,0
1790179562577,1
1790179562578,0
1790179562633,1
1790179562633,0
1790179563009,1
1790179563009,0
1790179563066,1
1790179563081,0
1790179563123,1
1790179563123,0
1790179563174,1
1790179563174,0
1790179563226,1
1790179563227,0
1790179564379,1
1790179564380,0
1790179564750,1
1790179564750,0
1790179566115,1
1790179566115,0
1790179566168,1
1790179566186,0
1790179566223,1
1790179566223,0
1790179566278,1
1790179566278,0
1790179566443,1
1790179566443,0
1790179566650,1
1790179566650,0
1790179566710,1
1790179566710,0
1790179566765,1
1790179566765,0
1790179567839,1
1790179567839,0
1790179568002,1
1790179568002,0
1790179568489,1
1790179568489,0
1790179569085,1
1790179569085,0
1790179569135,1
1790179569136,0
1790179569684,1
1790179569685,0
1790179569955,1
1790179569955,0
1790179570005,1
1790179570005,0
1790179571256,1
1790179571256,0
1790179571310,1
1790179571310,0
1790179571365,0
1790179571365,0
1790179571420,1
1790179571420,0
1790179571475,1
1790179571475,0
1790179571799,1
1790179571799,0
1790179571857,1
1790179571857,0
1790179571917,1
1790179571917,0
1790179572241,1
1790179572241,0
1790179572505,1
1790179572505,0
1790179574095,1
1790179574095,0
1790179574149,1
1790179574149,0
1790179574310,1
1790179574311,0
1790179574688,1
1790179574688,0
1790179574737,1
1790179574737,0
1790179574793,1
1790179574793,0
1790179575067,1
1790179575068,0
1790179575280,1
1790179575280,0
1790179575335,1
1790179575335,0
1790179575717,1
1790179575718,0
1790179575877,1
1790179575877,0
1790179577306,1
1790179577306,0
1790179577414,1
1790179577414,0
1790179577749,1
1790179577750,0
1790179577859,1
1790179577859,0
1790179577912,1
1790179577920,0
1790179578362,1
1790179578362,0
1790179578459,1
1790179578459,0
1790179578518,1
1790179578518,0
1790179578567,1
1790179578568,0
1790179578620,1
1790179578621,0
1790179578676,1
1790179578677,0
1790179578731,1
1790179578731,0
1790179578786,1
1790179578787,0
1790179579756,1
1790179579756,0
1790179579811,1
1790179579811,0
1790179580406,1
1790179580406,0
1790179580948,1
1790179580948,0
1790179581002,1
1790179581002,0
1790179581113,1
1790179581114,0
1790179581167,1
1790179581169,0
1790179581222,1
1790179581222,0
1790179581272,1
1790179581272,0
1790179581603,1
1790179581603,0
1790179581649,1
1790179581649,0
1790179581708,1
1790179581708,0
1790179581759,1
1790179581759,0
1790179582089,1
1790179582090,0
1790179582631,1
1790179582632,0
1790179582686,1
1790179582686,0
1790179582736,1
1790179582736,0
1790179582792,1
1790179582792,0
1790179583980,1
1790179583980,0
1790179584138,1
1790179584139,0
1790179584195,1
1790179584195,0
1790179584250,1
1790179584250,0
1790179584306,1
1790179584306,0
1790179584417,1
1790179584417,0
1790179584467,1
1790179584467,0
1790179584954,1
1790179584954,0
1790179586692,1
1790179586692,0
1790179586960,1
1790179586960,0
1790179587065,1
1790179587066,0
1790179587230,1
1790179587231,0
1790179588099,1
1790179588100,0
1790179588472,1
1790179588472,0
1790179588697,1
1790179588697,0
1790179589566,1
1790179589566,0
1790179589621,1
1790179589622,0
1790179589838,1
1790179589838,0
1790179589893,1
1790179589895,0
1790179589948,1
1790179589948,0
1790179590004,1
1790179590004,0
1790179590113,1
1790179590114,0
1790179590382,1
1790179590383,0
1790179590438,1
1790179590438,0
1790179590490,1
1790179590491,0
1790179590693,1
1790179590693,0
1790179590865,1
1790179590865,0
1790179590917,1
1790179590917,0
1790179590971,1
1790179590971,0
1790179591026,1
1790179591026,0
1790179591082,1
1790179591082,0
1790179591618,1
1790179591618,0
1790179591674,1
1790179591674,0
1790179591729,1
1790179591729,0
1790179591784,1
1790179591784,0
1790179591840,1
1790179591840,0
1790179592387,1
1790179592388,0
1790179593143,1
1790179593143,0
1790179593897,1
1790179593898,0
1790179594502,1
1790179594502,0
1790179594553,1
1790179594553,0
1790179594603,1
1790179594603,0
1790179594711,1
1790179594711,0
1790179594770,1
1790179594770,0
1790179595458,1
1790179595459,0
1790179595835,0
1790179595837,0
1790179595942,0
1790179595943,0
1790179596324,0
1790179596324,0
1790179596375,1
1790179596375,0
1790179596429,1
1790179596430,0
1790179597022,1
1790179597022,0
1790179597074,1
1790179597074,0
1790179597133,1
1790179597133,0
1790179597184,1
1790179597184,0
1790179597236,1
1790179597237,0
1790179597287,1
1790179597287,0
1790179597344,1
1790179597344,0
1790179597931,1
1790179597931,0
1790179598419,1
1790179598419,0
1790179598474,1
1790179598474,0
1790179599017,1
1790179599017,0
1790179599606,1
1790179599606,0
1790179599658,1
1790179599658,0
1790179599715,1
1790179599716,0
1790179600477,1
1790179600477,0
1790179600526,1
1790179600526,0
1790179600581,1
1790179600581,0
1790179600851,1
1790179600852,0
1790179600907,1
1790179600907,0
1790179601879,1
1790179601879,0
1790179601929,1
1790179601929,0
1790179602420,1
1790179602420,0
1790179602861,1
1790179602861,0
1790179603081,1
1790179603081,0
1790179603137,1
1790179603137,0
1790179603517,1
1790179603517,0
1790179603573,1
1790179603573,0
1790179603627,1
1790179603628,0
1790179603738,1
1790179603738,0
1790179603788,1
1790179603788,0
1790179603842,1
1790179603842,0
1790179603955,1
1790179603955,0
1790179604005,1
1790179604005,0
1790179604229,1
1790179604229,0
1790179604276,1
1790179604280,0
1790179604331,1
1790179604331,0
1790179604386,1
1790179604386,0
1790179604440,1
1790179604440,0
1790179604495,1
1790179604501,0
1790179604987,1
1790179604987,0
1790179605043,1
1790179605043,0
1790179605097,1
1790179605097,0
1790179605153,1
1790179605153,0
1790179605749,1
1790179605749,0
1790179606019,1
1790179606019,0
1790179606076,1
1790179606076,0
1790179607220,1
1790179607220,0
1790179607551,1
1790179607551,0
1790179607654,1
1790179607654,0
1790179607708,1
1790179607708,0
1790179607767,1
1790179607767,0
1790179607818,1
1790179607818,0
1790179608087,1
1790179608088,0
1790179608141,1
1790179608141,0
1790179608570,1
1790179608571,0
1790179608625,1
1790179608631,0
1790179608739,1
1790179608739,0
1790179608791,1
1790179608792,0
1790179609060,1
1790179609060,0
1790179609276,1
1790179609277,0
1790179609382,1
1790179609383,0
1790179609438,1
1790179609439,0
1790179609497,1
1790179609497,0
1790179609549,1
1790179609549,0
1790179609877,1
1790179609877,0
1790179610418,1
1790179610418,0
1790179610473,1
1790179610473,0
1790179610522,1
1790179610522,0
1790179610582,1
1790179610582,0
1790179610691,1
1790179610691,0
1790179610801,1
1790179610801,0
1790179610849,1
1790179610849,0
1790179611724,1
1790179611724,0
1790179612696,1
1790179612696,0
1790179612805,1
1790179612805,0
1790179613237,1
1790179613238,0
1790179613291,1
1790179613291,0
1790179613343,1
1790179613344,0
1790179613720,1
1790179613720,0
1790179613881,1
1790179613881,0
1790179613937,1
1790179613938,0
1790179614475,1
1790179614475,0
1790179614530,1
1790179614530,0
1790179614583,1
1790179614583,0
1790179614640,1
1790179614640,0
1790179614694,1
1790179614694,0
1790179614910,1
1790179614910,0
1790179614965,1
1790179614965,0
1790179615017,1
1790179615017,0
1790179615234,1
1790179615234,0
1790179616052,1
1790179616052,0
1790179616269,1
1790179616269,0
1790179616431,1
1790179616431,0
1790179617345,1
1790179617345,0
1790179617395,1
1790179617415,0
1790179617500,1
1790179617500,0
1790179618567,1
1790179618567,0
1790179619153,1
1790179619153,0
1790179619201,1
1790179619201,0
1790179619260,1
1790179619260,0
1790179619314,1
1790179619340,0
1790179619967,1
1790179619968,0
1790179620017,1
1790179620017,0
1790179620075,1
1790179620075,0
1790179620609,1
1790179620609,0
1790179620934,1
1790179620935,0
1790179621370,1
1790179621370,0
1790179621424,1
1790179621424,0
1790179621475,1
1790179621476,0
1790179621901,1
1790179621901,0
1790179622174,1
1790179622174,0
1790179622384,1
1790179622384,0
1790179622597,1
1790179622598,0
1790179623028,1
1790179623028,0
1790179623412,1
1790179623412,0
1790179623467,1
1790179623467,0
1790179623522,1
1790179623522,0
1790179625094,1
1790179625094,0
1790179625142,1
1790179625142,0
1790179625196,1
1790179625197,0
1790179625630,1
1790179625630,0
1790179626157,1
1790179626157,0
1790179626212,1
1790179626212,0
1790179626544,1
1790179626548,0
1790179626594,1
1790179626594,0
1790179627024,1
1790179627024,0
1790179627565,1
1790179627565,0
1790179627619,1
1790179627619,0
1790179627673,1
1790179627673,0
1790179627728,1
1790179627728,0
1790179627784,1
1790179627784,0
1790179628110,1
1790179628110,0
1790179628375,1
1790179628376,0
1790179628432,1
1790179628432,0
1790179628488,1
1790179628488,0
1790179628698,1
1790179628698,0
1790179628811,1
1790179628811,0
1790179628863,1
1790179628863,0
1790179628918,1
1790179628918,0
1790179628970,1
1790179628971,0
1790179629025,1
1790179629025,0
1790179629080,1
1790179629080,0
1790179629190,1
1790179629191,0
1790179629247,1
1790179629247,0
1790179629301,1
1790179629301,0
1790179629734,1
1790179629735,0
1790179630930,1
1790179630931,0
1790179630983,1
1790179630983,0
1790179631040,1
1790179631040,0
1790179631088,1
1790179631094,0
1790179631418,1
1790179631418,0
1790179631690,1
1790179631690,0
1790179631743,1
1790179631743,0
1790179631966,1
1790179631966,0
1790179632021,1
1790179632021,0
1790179632075,1
1790179632075,0
1790179632125,1
1790179632125,0
1790179632338,1
1790179632338,0
1790179632391,1
1790179632392,0
1790179632661,1
1790179632661,0
1790179632716,1
1790179632716,0
1790179632769,1
1790179632769,0
1790179632876,1
1790179632876,0
1790179632928,1
1790179632928,0
1790179632983,1
1790179632983,0
1790179633039,1
1790179633039,0
1790179633086,1
1790179633086,0
1790179633138,1
1790179633138,0
1790179633366,1
1790179633366,0
1790179633418,1
1790179633418,0
1790179634499,1
1790179634500,0
1790179635753,1
1790179635753,0
1790179636574,1
1790179636574,0
1790179636783,1
1790179636783,0
1790179637329,1
1790179637330,0
1790179638084,1
1790179638084,0
1790179638402,1
1790179638402,0
1790179638460,1
1790179638460,0
1790179638841,1
1790179638841,0
1790179640098,1
1790179640098,0
1790179640150,1
1790179640150,0
1790179640582,1
1790179640582,0
1790179640636,1
1790179640636,0
1790179640964,1
1790179640965,0
1790179641020,1
1790179641020,0
1790179641073,1
1790179641073,0
1790179641995,1
1790179641996,0
1790179642045,1
1790179642045,0
1790179642539,1
1790179642539,0
1790179642806,1
1790179642807,0
1790179642861,1
1790179642861,0
1790179642914,1
1790179642914,0
1790179643130,1
1790179643130,0
1790179643235,1
1790179643235,0
1790179643785,1
1790179643785,0
1790179644207,1
1790179644207,0
1790179644262,1
1790179644262,0
1790179645023,1
1790179645023,0
1790179645557,1
1790179645557,0
1790179645882,1
1790179645882,0
1790179645936,1
1790179645936,0
1790179645992,1
1790179645992,0
1790179646588,1
1790179646588,0
1790179646699,1
1790179646700,0
1790179647298,1
1790179647298,0
1790179647397,1
1790179647397,0
1790179647451,1
1790179647451,0
1790179647506,1
1790179647507,0
1790179647561,1
1790179647561,0
1790179647616,1
1790179647616,0
1790179647720,1
1790179647720,0
1790179647941,1
1790179647941,0
1790179647994,1
1790179647994,0
1790179648049,1
1790179648049,0
1790179648924,1
1790179648925,0
1790179649419,1
1790179649419,0
1790179649966,1
1790179649966,0
1790179650401,1
1790179650401,0
1790179650836,1
1790179650836,0
1790179651054,1
1790179651055,0
1790179651109,1
1790179651110,0
1790179651167,1
1790179651167,0
1790179651218,1
1790179651218,0
1790179651438,1
1790179651438,0
1790179651868,1
1790179651868,0
1790179651923,1
1790179651924,0
1790179651987,1
1790179651987,0
1790179652041,1
1790179652043,0
1790179652314,1
1790179652314,0
1790179652363,1
1790179652364,0
1790179652908,1
1790179652908,0
1790179653341,1
1790179653341,0
1790179653396,1
1790179653396,0
1790179653499,1
1790179653499,0
1790179653610,1
1790179653610,0
1790179653665,1
1790179653666,0
1790179653720,1
1790179653720,0
1790179653773,1
1790179653773,0
1790179653990,1
1790179653990,0
1790179654050,1
1790179654050,0
1790179654600,1
1790179654600,0
1790179655569,1
1790179655569,0
1790179655892,1
1790179655892,0
1790179656058,1
1790179656058,0
1790179656112,1
1790179656112,0
1790179656385,1
1790179656385,0
1790179656551,1
1790179656551,0
1790179657245,1
1790179657245,0
1790179657302,1
1790179657302,0
1790179657349,1
1790179657349,0
1790179657569,1
1790179657569,0
1790179657620,1
1790179657621,0
1790179657675,1
1790179657675,0
1790179657951,1
1790179657951,0
1790179658703,1
1790179658703,0
1790179659028,1
1790179659029,0
1790179659457,1
1790179659458,0
1790179659626,1
1790179659626,0
1790179659791,1
1790179659791,0
1790179659846,1
1790179659846,0
1790179659900,1
1790179659900,0
1790179659948,1
1790179659948,0
1790179660058,1
1790179660058,0
1790179660495,1
1790179660495,0
1790179660828,1
1790179660828,0
1790179660876,1
1790179660876,0
1790179660931,1
1790179660931,0
1790179660986,1
1790179660986,0
1790179661370,1
1790179661370,0
1790179661424,1
1790179661424,0
1790179661479,1
1790179661479,0
1790179661530,1
1790179661530,0
1790179661856,1
1790179661856,0
1790179661910,1
1790179661911,0
1790179661959,1
1790179661959,0
1790179662011,1
1790179662011,0
1790179662397,1
1790179662397,0
1790179662450,1
1790179662450,0
1790179662505,1
1790179662505,0
1790179663741,1
1790179663741,0
1790179664123,1
1790179664123,0
1790179664398,1
1790179664398,0
1790179664451,1
1790179664451,0
1790179664499,1
1790179664499,0
1790179664558,1
1790179664558,0
1790179665681,1
1790179665681,0
1790179665731,1
1790179665739,0
1790179665788,1
1790179665788,0
1790179666490,1
1790179666490,0
1790179666548,1
1790179666548,0
1790179666598,1
1790179666598,0
1790179666706,1
1790179666706,0
1790179666763,1
1790179666763,0
1790179666873,1
1790179666873,0
1790179666927,1
1790179666929,0
1790179667198,1
1790179667198,0
1790179667360,1
1790179667360,0
1790179667414,1
1790179667414,0
1790179667681,1
1790179667681,0
1790179667839,1
1790179667839,0
1790179667949,1
1790179667949,0
1790179668499,1
1790179668499,0
1790179668710,1
1790179668710,0
1790179668765,1
1790179668766,0
1790179668818,1
1790179668818,0
1790179669742,1
1790179669742,0
1790179670986,1
1790179670986,0
1790179671316,1
1790179671316,0
1790179671424,1
1790179671424,0
1790179672444,1
1790179672444,0
1790179672500,1
1790179672500,0
1790179672547,1
1790179672547,0
1790179673467,1
1790179673467,0
1790179673676,1
1790179673676,0
1790179673731,1
1790179673731,0
1790179673786,1
1790179673786,0
1790179674441,1
1790179674442,0
1790179674652,1
1790179674653,0
1790179676510,1
1790179676510,0
1790179676618,1
1790179676618,0
1790179676672,1
1790179676672,0
1790179676942,1
1790179676942,0
1790179678120,1
1790179678120,0
1790179678282,1
1790179678282,0
1790179678337,1
1790179678337,0
1790179678392,1
1790179678392,0
1790179678443,1
1790179678443,0
1790179678498,1
1790179678498,0
1790179678828,1
1790179678828,0
1790179678882,1
1790179678882,0
1790179678939,1
1790179678939,0
1790179679802,1
1790179679802,0
1790179680728,1
1790179680728,0
1790179680787,1
1790179680787,0
1790179680842,1
1790179680842,0
1790179680896,1
1790179680900,0
1790179680951,1
1790179680959,0
1790179681002,1
1790179681002,0
1790179681386,1
1790179681386,0
1790179681439,1
1790179681439,0
1790179681488,1
1790179681489,0
1790179681542,1
1790179681542,0
1790179682293,1
1790179682293,0
1790179682669,1
1790179682669,0
1790179683634,1
1790179683634,0
1790179683801,1
1790179683801,0
1790179683852,1
1790179683855,0
1790179683961,1
1790179683961,0
1790179684014,1
1790179684014,0
1790179684065,1
1790179684065,0
1790179684654,1
1790179684654,0
1790179684761,1
1790179684761,0
1790179684818,1
1790179684818,0
1790179684869,1
1790179684869,0
1790179684921,1
1790179684926,0
1790179685674,1
1790179685674,0
1790179685732,1
1790179685738,0
1790179686752,1
1790179686752,0
1790179686863,1
1790179686863,0
1790179686918,1
1790179686918,0
1790179687990,1
1790179687990,0
1790179688262,1
1790179688262,0
1790179688314,1
1790179688314,0
1790179688909,1
1790179688909,0
1790179688960,1
1790179688965,0
1790179689228,1
1790179689228,0
1790179689281,1
1790179689289,0
1790179689333,1
1790179689334,0
1790179689500,1
1790179689500,0
1790179689553,1
1790179689553,0
1790179689608,1
1790179689609,0
1790179689662,1
1790179689662,0
1790179689713,1
1790179689713,0
1790179689782,1
1790179689782,0
1790179689885,1
1790179689886,0
1790179689936,1
1790179689936,0
1790179689988,1
1790179689988,0
1790179690038,1
1790179690038,0
1790179690471,1
1790179690471,0
1790179690523,1
1790179690523,0
1790179690799,1
1790179690799,0
1790179690850,1
1790179690863,0
1790179691498,1
1790179691498,0
1790179691992,1
1790179691992,0
1790179692044,1
1790179692044,0
1790179692481,1
1790179692481,0
1790179692583,1
1790179692583,0
1790179692636,1
1790179692636,0
1790179692691,1
1790179692691,0
1790179692743,1
1790179692743,0
1790179692795,1
1790179692795,0
1790179692849,1
1790179692849,0
1790179692904,1
1790179692912,0
1790179694208,1
1790179694209,0
1790179694262,1
1790179694262,0
1790179694317,1
1790179694317,0
1790179694970,1
1790179694970,0
1790179696497,1
1790179696497,0
1790179696551,1
1790179696552,0
1790179696605,1
1790179696606,0
1790179697145,1
1790179697145,0
1790179697199,1
1790179697199,0
1790179697308,1
1790179697308,0
1790179697356,1
1790179697356,0
1790179697409,1
1790179697409,0
1790179697522,1
1790179697522,0
1790179697577,1
1790179697578,0
1790179698011,1
1790179698011,0
1790179698502,1
1790179698502,0
1790179698781,1
1790179698781,0
1790179699697,1
1790179699697,0
1790179699803,1
1790179699803,0
1790179700075,1
1790179700075,0
1790179700126,1
1790179700142,0
1790179700181,1
1790179700184,0
1790179701357,1
1790179701357,0
1790179701411,1
1790179701415,0
1790179701466,1
1790179701466,0
1790179701522,1
1790179701522,0
1790179701573,1
1790179701574,0
1790179702760,1
1790179702760,0
1790179703190,1
1790179703190,0
1790179703410,1
1790179703410,0
1790179703680,1
1790179703680,0
1790179703734,1
1790179703734,0
1790179704167,1
1790179704167,0
1790179704278,1
1790179704278,0
1790179704937,1
1790179704937,0
1790179705540,1
1790179705540,0
1790179705590,1
1790179705590,0
1790179705649,1
1790179705649,0
1790179705698,1
1790179705699,0
1790179706349,1
1790179706349,0
1790179706567,1
1790179706567,0
1790179706618,1
1790179706618,0
1790179706673,1
1790179706674,0
1790179706883,1
1790179706883,0
1790179707048,1
1790179707049,0
1790179707107,1
1790179707107,0
1790179707161,1
1790179707162,0
1790179707212,1
1790179707212,0
1790179707747,1
1790179707747,0
1790179707957,1
1790179707957,0
1790179708448,1
1790179708448,0
1790179708501,1
1790179708501,0
1790179708772,1
1790179708772,0
1790179710120,1
1790179710120,0
1790179710170,1
1790179710170,0
1790179710228,1
1790179710228,0
1790179710282,1
1790179710282,0
1790179710392,1
1790179710392,0
1790179710606,1
1790179710606,0
1790179711418,1
1790179711419,0
1790179711851,1
1790179711851,0
1790179712395,1
1790179712395,0
1790179712882,1
1790179712882,0
1790179713215,1
1790179713216,0
1790179713270,1
1790179713270,0
1790179713321,1
1790179713321,0
1790179713374,1
1790179713374,0
1790179713482,1
1790179713482,0
1790179713756,1
1790179713756,0
1790179713812,1
1790179713812,0
1790179713866,1
1790179713866,0
1790179714240,1
1790179714240,0
1790179714295,1
1790179714295,0
1790179714353,1
1790179714353,0
1790179714408,1
1790179714408,0
1790179714463,1
1790179714463,0
1790179714516,1
1790179714532,0
1790179714959,1
1790179714959,0
1790179715123,1
1790179715123,0
1790179715664,1
1790179715664,0
1790179715714,1
1790179715715,0
1790179715819,1
1790179715819,0
1790179715874,1
1790179715874,0
1790179715931,1
1790179715931,0
1790179716146,1
1790179716146,0
1790179716197,1
1790179716201,0
1790179716841,1
1790179716841,0
1790179716895,1
1790179716895,0
1790179716950,1
1790179716950,0
1790179717328,1
1790179717328,0
1790179717384,1
1790179717384,0
1790179717439,1
1790179717439,0
1790179717492,1
1790179717492,0
1790179717822,1
1790179717822,0
1790179718302,1
1790179718302,0
1790179718357,1
1790179718357,0
1790179718411,1
1790179718412,0
1790179718466,1
1790179718466,0
1790179718522,1
1790179718522,0
1790179718686,1
1790179718686,0
1790179718845,1
1790179718845,0
1790179718901,1
1790179718901,0
1790179718954,1
1790179718954,0
1790179719008,1
1790179719009,0
1790179719331,1
1790179719331,0
1790179719651,1
1790179719651,0
1790179720417,1
1790179720417,0
1790179720471,1
1790179720471,0
1790179720524,1
1790179720524,0
1790179720581,1
1790179720581,0
1790179720955,1
1790179720955,0
1790179721008,1
1790179721008,0
1790179721067,1
1790179721067,0
1790179721122,1
1790179721123,0
1790179721173,1
1790179721180,0
1790179721225,1
1790179721227,0
1790179721335,1
1790179721335,0
1790179721667,1
1790179721667,0
1790179721722,1
1790179721722,0
1790179721985,1
1790179721985,0
1790179722041,1
1790179722041,0
1790179722092,1
1790179722092,0
1790179722147,1
1790179722147,0
1790179722310,1
1790179722310,0
1790179722737,1
1790179722737,0
1790179723386,1
1790179723386,0
1790179723712,1
1790179723712,0
1790179724207,1
1790179724207,0
1790179724262,1
1790179724264,0
1790179724313,1
1790179724316,0
1790179724743,1
1790179724743,0
1790179724907,1
1790179724907,0
1790179724962,1
1790179724962,0
1790179725395,1
1790179725395,0
1790179725446,1
1790179725453,0
1790179725504,1
1790179725504,0
1790179725557,1
1790179725557,0
1790179725614,1
1790179725615,0
1790179725662,1
1790179725662,0
1790179725717,1
1790179725717,0
1790179725772,1
1790179725772,0
1790179725939,1
1790179725939,0
1790179725991,1
1790179725991,0
1790179727117,1
1790179727117,0
1790179727168,1
1790179727168,0
1790179727220,1
1790179727220,0
1790179727487,1
1790179727487,0
1790179728077,1
1790179728077,0
1790179728620,1
1790179728620,0
1790179728670,1
1790179728670,0
1790179728726,1
1790179728726,0
1790179728781,1
1790179728781,0
1790179729160,1
1790179729160,0
1790179729214,1
1790179729214,0
1790179729267,1
1790179729267,0
1790179729589,1
1790179729589,0
1790179729644,1
1790179729644,0
1790179729699,1
1790179729699,0
1790179729751,1
1790179729751,0
1790179729806,1
1790179729806,0
1790179730411,1
1790179730411,0
1790179730466,1
1790179730466,0
1790179731174,1
1790179731174,0
1790179731613,1
1790179731613,0
1790179732207,1
1790179732207,0
1790179732264,1
1790179732264,0
1790179732315,1
1790179732315,0
1790179732370,1
1790179732370,0
