1790179743284,1
1790179743291,0
1790179743360,1
1790179743463,2
1790179743493,3
1790179743514,4
1790179743561,5
1790179743572,4
1790179743609,5
1790179743631,6
1790179743659,7
1790179743692,8
1790179743707,7
1790179743734,8
1790179743735,9
1790179743788,8
1790179743823,9
1790179743871,8
1790179743871,7
1790179743924,6
1790179744002,5
1790179744002,4
1790179744002,3
1790179744002,2
1790179744018,3
1790179744081,2
1790179744081,1
1790179744163,0
1790179744236,1
1790179744236,0
1790179744260,1
1790179744303,0
1790179744458,1
1790179744458,0
1790179744694,1
1790179744694,0
1790179744716,1
1790179744753,0
1790179744858,0
1790179744858,0
1790179744868,1
1790179744892,2
1790179744907,1
1790179744907,0
1790179745169,1
1790179745169,0
1790179745262,1
1790179745262,0
1790179745536,1
1790179745536,0
1790179745744,1
1790179745744,0
1790179745771,1
1790179745787,0
1790179745819,1
1790179745819,0
1790179745869,1
1790179745869,0
1790179745894,1
1790179745915,0
1790179745918,1
1790179745918,0
1790179745944,1
1790179745944,0
1790179746292,1
1790179746292,0
1790179746317,1
1790179746317,0
1790179746336,1
1790179746361,2
1790179746363,1
1790179746381,2
1790179746400,3
1790179746421,4
1790179746425,3
1790179746425,2
1790179746425,1
1790179746425,0
1790179746544,1
1790179746544,0
1790179746637,1
1790179746637,0
1790179746780,1
1790179746780,0
1790179746800,1
1790179746823,2
1790179746824,1
1790179746824,0
1790179746846,1
1790179746846,0
1790179747093,1
1790179747093,0
1790179747246,1
1790179747246,0
1790179747268,1
1790179747290,0
1790179747296,1
1790179747296,0
1790179747319,1
1790179747319,0
1790179747342,1
1790179747342,0
1790179747488,1
1790179747488,0
1790179747510,1
1790179747535,0
1790179747542,1
1790179747542,0
1790179747587,1
1790179747587,0
1790179747614,1
1790179747614,0
1790179748098,1
1790179748098,0
1790179748125,1
1790179748141,0
1790179748297,1
1790179748297,0
1790179748587,1
1790179748587,0
1790179748851,1
1790179748852,0
1790179748879,1
1790179748895,0
1790179748908,1
1790179748908,0
1790179748922,1
1790179748922,0
1790179749017,1
1790179749017,0
1790179749430,1
1790179749430,0
1790179749444,1
1790179749481,0
1790179749635,1
1790179749635,0
1790179749857,1
1790179749857,0
1790179749953,1
1790179749953,0
1790179750115,1
1790179750115,0
1790179750548,1
1790179750548,0
1790179751071,1
1790179751071,0
1790179751094,1
1790179751122,2
1790179751126,1
1790179751126,0
1790179751144,1
1790179751145,0
1790179751169,1
1790179751169,0
1790179751195,1
1790179751195,0
1790179751279,1
1790179751279,0
1790179751645,1
1790179751645,0
1790179751801,1
1790179751801,0
1790179751818,1
1790179751844,2
1790179751848,1
1790179751848,0
1790179751866,1
1790179751866,0
1790179751895,1
1790179751895,0
1790179751919,1
1790179751919,0
1790179752012,1
1790179752012,0
1790179752376,1
1790179752376,0
1790179752815,1
1790179752815,0
1790179753061,1
1790179753061,0
1790179753079,1
1790179753079,0
1790179753277,1
1790179753277,0
1790179753594,1
1790179753594,0
1790179753953,1
1790179753953,0
1790179754245,1
1790179754245,0
1790179754929,1
1790179754931,0
1790179755097,1
1790179755097,0
1790179755174,1
1790179755174,0
1790179755199,1
1790179755199,0
1790179755224,1
1790179755224,0
1790179755249,1
1790179755249,0
1790179755271,1
1790179755293,2
1790179755297,1
1790179755297,0
1790179755443,1
1790179755443,0
1790179755583,1
1790179755583,0
1790179755634,1
1790179755634,0
1790179755657,1
1790179755699,0
1790179755884,1
1790179755884,0
1790179756154,1
1790179756154,0
1790179757184,1
1790179757184,0
1790179757204,1
1790179757239,0
1790179757250,1
1790179757250,0
1790179757707,1
1790179757707,0
1790179757754,1
1790179757754,0
1790179757773,1
1790179757795,2
1790179757796,1
1790179757796,0
1790179757820,1
1790179757820,0
1790179758066,1
1790179758066,0
1790179758382,1
1790179758383,0
1790179758400,1
1790179758427,0
1790179758999,1
1790179758999,0
1790179759478,1
1790179759479,0
1790179759504,1
1790179759531,0
1790179759602,1
1790179759602,0
1790179759623,1
1790179759623,0
1790179759646,1
1790179759646,0
1790179759670,0
1790179759670,0
1790179759720,1
1790179759720,0
1790179759928,0
1790179759930,0
1790179759952,1
1790179759952,0
1790179760218,1
1790179760218,0
1790179760240,1
1790179760260,0
1790179760268,1
1790179760268,0
1790179760757,1
1790179760757,0
1790179760782,1
1790179760803,2
1790179760813,1
1790179760813,0
1790179761149,1
1790179761149,0
1790179761169,1
1790179761169,0
1790179761218,1
1790179761219,0
1790179761237,1
1790179761264,2
1790179761272,1
1790179761272,0
1790179761384,1
1790179761384,0
1790179761645,1
1790179761646,0
1790179761982,1
1790179761982,0
1790179762007,1
1790179762035,0
1790179762100,1
1790179762100,0
1790179762567,1
1790179762567,0
1790179762972,1
1790179762972,0
1790179762993,1
1790179763020,0
1790179763412,1
1790179763412,0
1790179763436,1
1790179763457,0
1790179763464,1
1790179763502,0
1790179763508,1
1790179763533,2
1790179763549,1
1790179763558,2
1790179763596,1
1790179763596,0
1790179763609,1
1790179763627,2
1790179763641,1
1790179763689,0
1790179763727,1
1790179763727,0
1790179763752,1
1790179763772,0
1790179763777,1
1790179763801,2
1790179763817,1
1790179763817,0
1790179764044,1
1790179764044,0
1790179764130,1
1790179764130,0
1790179764397,1
1790179764397,0
1790179764807,1
1790179764807,0
1790179764833,1
1790179764853,0
1790179765067,1
1790179765067,0
1790179765233,1
1790179765233,0
1790179765304,1
1790179765304,0
1790179765520,1
1790179765520,0
1790179765885,1
1790179765885,0
1790179765913,1
1790179765931,0
1790179765989,1
1790179765989,0
1790179766429,1
1790179766429,0
1790179766816,1
1790179766816,0
1790179766841,1
1790179766863,0
1790179766865,1
1790179766865,0
1790179766892,1
1790179766909,0
1790179767049,1
1790179767049,0
1790179767073,1
1790179767096,0
1790179767482,1
1790179767482,0
1790179767628,1
1790179767628,0
1790179767651,1
1790179767675,0
1790179767676,1
1790179767722,0
1790179767954,1
1790179767954,0
1790179768141,1
1790179768141,0
1790179768671,1
1790179768671,0
1790179768696,1
1790179768717,0
1790179768746,1
1790179768764,0
1790179768771,1
1790179768798,2
1790179768808,1
1790179768809,0
1790179768821,1
1790179768858,0
1790179769139,1
1790179769139,0
1790179769160,1
1790179769184,0
1790179769431,1
1790179769431,0
1790179769550,1
1790179769550,0
1790179769572,1
1790179769597,0
1790179771157,1
1790179771157,0
1790179771513,1
1790179771513,0
1790179771539,1
1790179771558,0
1790179771561,1
1790179771586,2
1790179771605,1
1790179771605,0
1790179771944,1
1790179771944,0
1790179772354,1
1790179772354,0
1790179772428,1
1790179772428,0
1790179772452,1
1790179772474,0
1790179772476,1
1790179772498,2
1790179772520,1
1790179772521,0
1790179772667,1
1790179772667,0
1790179772686,1
1790179772706,2
1790179772712,1
1790179772712,0
1790179773039,1
1790179773039,0
1790179773064,1
1790179773086,0
1790179773890,1
1790179773890,0
1790179774207,1
1790179774207,0
1790179774377,1
1790179774377,0
1790179774428,1
1790179774428,0
1790179774454,1
1790179774474,0
1790179774498,1
1790179774521,0
1790179774525,1
1790179774545,2
1790179774567,1
1790179774567,0
1790179774644,1
1790179774644,0
1790179774940,1
1790179774940,0
1790179775289,1
1790179775289,0
1790179775407,1
1790179775407,0
1790179775425,1
1790179775446,2
1790179775453,1
1790179775471,2
1790179775498,1
1790179775547,0
1790179775730,1
1790179775730,0
1790179775752,1
1790179775775,0
1790179775802,1
1790179775821,0
1790179775827,1
1790179775867,0
1790179775950,1
1790179775950,0
1790179776193,1
1790179776193,0
1790179776314,1
1790179776314,0
1790179776443,1
1790179776443,0
1790179776468,1
1790179776490,0
1790179776813,1
1790179776813,0
1790179776836,1
1790179776858,0
1790179776861,1
1790179776861,0
1790179777175,1
1790179777175,0
1790179777270,1
1790179777270,0
1790179777291,1
1790179777317,0
1790179777318,1
1790179777362,0
1790179777416,1
1790179777416,0
1790179777740,1
1790179777740,0
1790179777760,1
1790179777788,0
1790179777789,1
1790179777834,0
1790179777884,1
1790179777884,0
1790179777929,1
1790179777929,0
1790179778080,1
1790179778081,0
1790179778105,1
1790179778125,2
1790179778127,1
1790179778148,2
1790179778176,1
1790179778222,0
1790179778273,1
1790179778273,0
1790179779090,1
1790179779090,0
1790179780173,0
1790179780176,0
1790179780337,1
1790179780337,0
1790179780618,0
1790179780618,0
1790179780687,1
1790179780687,0
1790179780708,1
1790179780732,2
1790179780733,1
1790179780757,2
1790179780781,1
1790179780781,0
1790179780808,1
1790179780808,0
1790179781141,1
1790179781141,0
1790179781165,1
1790179781186,0
1790179781190,1
1790179781190,0
1790179781214,1
1790179781214,0
1790179781264,1
1790179781264,0
1790179781372,1
1790179781372,0
1790179781577,1
1790179781578,0
1790179781770,1
1790179781770,0
1790179781797,1
1790179781821,0
1790179782022,1
1790179782022,0
1790179782394,1
1790179782394,0
1790179782470,1
1790179782470,0
1790179782493,1
1790179782516,0
1790179782977,1
1790179782977,0
1790179782999,1
1790179783019,0
1790179783024,1
1790179783049,2
1790179783064,1
1790179783074,2
1790179783100,3
1790179783118,2
1790179783118,1
1790179783118,0
1790179783421,1
1790179783421,0
1790179783562,1
1790179783562,0
1790179783685,1
1790179783685,0
1790179783710,1
1790179783733,2
1790179783740,1
1790179783740,0
1790179783902,1
1790179783902,0
1790179783922,1
1790179783947,0
1790179783950,1
1790179783950,0
1790179783972,1
1790179784005,0
1790179784333,1
1790179784333,0
1790179784502,1
1790179784502,0
1790179784576,1
1790179784576,0
1790179784672,1
1790179784672,0
1790179784994,1
1790179784994,0
1790179785016,1
1790179785049,0
1790179785159,0
1790179785159,0
1790179785181,1
1790179785217,0
1790179785520,1
1790179785521,0
1790179785543,1
1790179785565,2
1790179785568,1
1790179785568,0
1790179785827,1
1790179785827,0
1790179785874,1
1790179785882,0
1790179785952,1
1790179785952,0
1790179786043,1
1790179786043,0
1790179786800,1
1790179786801,0
1790179786873,1
1790179786873,0
1790179787337,1
1790179787337,0
1790179787458,1
1790179787458,0
1790179787482,1
1790179787513,0
1790179787722,1
1790179787723,0
1790179788443,0
1790179788443,0
1790179788490,1
1790179788499,0
1790179788516,1
1790179788541,2
1790179788553,1
1790179788566,2
1790179788598,1
1790179788598,0
1790179788733,1
1790179788733,0
1790179788753,1
1790179788776,0
1790179788779,1
1790179788830,0
1790179788951,1
1790179788951,0
1790179788976,1
1790179788998,0
1790179789002,1
1790179789002,0
1790179789027,1
1790179789056,0
1790179789526,1
1790179789526,0
1790179789718,1
1790179789718,0
1790179790741,1
1790179790742,0
1790179790932,1
1790179790932,0
1790179790953,1
1790179790976,0
1790179790978,1
1790179791020,0
1790179791165,1
1790179791165,0
1790179791830,1
1790179791831,0
1790179791852,1
1790179791874,0
1790179791875,1
1790179791901,2
1790179791915,1
1790179791970,0
1790179792052,1
1790179792053,0
1790179792076,1
1790179792108,0
1790179792291,1
1790179792291,0
1790179792407,1
1790179792407,0
1790179792434,1
1790179792452,0
1790179792457,1
1790179792457,0
1790179792626,1
1790179792626,0
1790179792645,1
1790179792671,0
1790179792675,1
1790179792675,0
1790179792700,1
1790179792727,0
1790179792872,1
1790179792873,0
1790179792897,1
1790179792918,2
1790179792919,1
1790179792944,2
1790179792972,1
1790179792972,0
1790179793044,1
1790179793044,0
1790179793068,1
1790179793086,0
1790179793262,1
1790179793262,0
1790179793286,1
1790179793316,0
1790179793731,1
1790179793731,0
1790179793756,1
1790179793784,0
1790179793900,1
1790179793900,0
1790179793925,1
1790179793944,0
1790179794025,1
1790179794025,0
1790179794054,1
1790179794075,2
1790179794080,1
1790179794100,2
1790179794121,1
1790179794121,0
1790179794124,1
1790179794124,0
1790179794246,1
1790179794246,0
1790179794638,1
1790179794638,0
1790179794704,1
1790179794704,0
1790179794951,1
1790179794951,0
1790179794976,1
1790179795000,2
1790179795005,1
1790179795005,0
1790179795025,1
1790179795047,0
1790179795166,1
1790179795166,0
1790179795297,1
1790179795297,0
1790179795310,1
1790179795339,0
1790179795803,1
1790179795803,0
1790179795968,1
1790179795968,0
1790179795997,1
1790179796013,0
1790179796022,1
1790179796047,2
1790179796070,3
1790179796071,2
1790179796118,3
1790179796125,2
1790179796139,3
1790179796162,4
1790179796179,3
1790179796179,2
1790179796190,3
1790179796241,2
1790179796285,1
1790179796285,0
1790179796428,1
1790179796429,0
1790179796892,1
1790179796892,0
1790179796916,1
1790179796950,0
1790179797187,1
1790179797187,0
1790179797262,1
1790179797262,0
1790179797287,1
1790179797304,0
1790179797312,1
1790179797335,2
1790179797359,1
1790179797359,0
1790179797412,1
1790179797412,0
1790179797436,1
1790179797456,2
1790179797464,1
1790179797521,0
1790179797580,1
1790179797580,0
1790179797877,1
1790179797877,0
1790179798321,1
1790179798321,0
1790179798809,1
1790179798809,0
1790179798908,1
1790179798908,0
1790179798936,1
1790179798961,2
1790179798965,1
1790179798965,0
1790179799005,1
1790179799005,0
1790179799028,1
1790179799047,0
1790179799076,1
1790179799076,0
1790179799097,1
1790179799117,0
1790179799213,1
1790179799213,0
1790179799344,1
1790179799344,0
1790179799738,1
1790179799738,0
1790179799763,1
1790179799780,2
1790179799785,1
1790179799825,2
1790179799828,1
1790179799852,2
1790179799875,3
1790179799883,2
1790179799900,3
1790179799929,2
1790179799930,1
1790179799985,0
1790179800017,1
1790179800039,0
1790179800130,1
1790179800130,0
1790179800449,1
1790179800449,0
1790179800838,1
1790179800838,0
1790179800859,1
1790179800900,0
1790179801093,1
1790179801093,0
1790179801335,1
1790179801335,0
1790179801651,1
1790179801651,0
1790179801679,1
1790179801697,0
1790179801704,1
1790179801704,0
1790179802093,1
1790179802093,0
1790179802118,1
1790179802139,0
1790179802143,1
1790179802168,2
1790179802180,1
1790179802180,0
1790179802193,1
1790179802193,0
1790179802268,1
1790179802268,0
1790179802473,1
1790179802473,0
1790179802950,1
1790179802951,0
1790179802974,1
1790179802993,0
1790179803165,1
1790179803165,0
1790179803357,1
1790179803357,0
1790179803408,1
1790179803408,0
1790179803431,1
1790179803449,0
1790179803550,1
1790179803551,0
1790179803816,1
1790179803816,0
1790179804743,1
1790179804743,0
1790179804814,1
1790179804814,0
1790179804931,1
1790179804931,0
1790179804960,1
1790179804977,0
1790179805228,1
1790179805228,0
1790179805253,1
1790179805270,0
1790179805273,1
1790179805273,0
1790179805302,1
1790179805314,0
1790179805325,1
1790179805352,2
1790179805359,1
1790179805359,0
1790179805399,1
1790179805399,0
1790179805424,1
1790179805440,0
1790179805470,1
1790179805470,0
1790179805661,1
1790179805661,0
1790179805975,1
1790179805975,0
1790179805996,1
1790179806015,0
1790179806024,1
1790179806024,0
1790179806045,1
1790179806045,0
1790179806073,1
1790179806073,0
1790179806096,1
1790179806124,0
1790179806220,1
1790179806220,0
1790179806243,1
1790179806267,0
1790179806268,1
1790179806268,0
1790179806390,1
1790179806390,0
1790179806541,1
1790179806541,0
1790179806585,1
1790179806586,0
1790179806604,1
1790179806631,0
1790179806632,1
1790179806673,0
1790179806755,1
1790179806756,0
1790179806873,1
1790179806873,0
1790179806895,1
1790179806921,0
1790179806924,1
1790179806948,2
1790179806964,1
1790179806964,0
1790179806973,1
1790179806973,0
1790179807073,1
1790179807073,0
1790179807095,1
1790179807115,0
1790179807122,1
1790179807122,0
1790179807299,1
1790179807299,0
1790179807463,1
1790179807463,0
1790179807510,1
1790179807512,0
1790179807535,1
1790179807553,0
1790179807556,1
1790179807597,0
1790179808729,1
1790179808729,0
1790179808852,1
1790179808852,0
1790179808901,1
1790179808901,0
1790179808977,1
1790179808977,0
1790179809103,1
1790179809103,0
1790179809126,1
1790179809145,0
1790179809173,1
1790179809173,0
1790179809434,1
1790179809435,0
1790179809461,1
1790179809475,0
1790179809487,1
1790179809512,2
1790179809515,1
1790179809515,0
1790179809632,1
1790179809633,0
1790179809656,1
1790179809679,0
1790179809774,1
1790179809774,0
1790179809925,1
1790179809925,0
1790179809950,1
1790179809966,0
1790179809975,1
1790179809975,0
1790179810116,1
1790179810116,0
1790179810357,1
1790179810357,0
1790179810475,1
1790179810475,0
1790179810501,1
1790179810518,0
1790179810944,1
1790179810944,0
1790179810970,1
1790179810988,0
1790179811375,1
1790179811375,0
1790179811400,1
1790179811418,0
1790179811426,1
1790179811450,2
1790179811458,1
1790179811458,0
1790179811671,1
1790179811671,0
1790179811948,1
1790179811948,0
1790179812433,1
1790179812433,0
1790179812863,1
1790179812863,0
1790179813057,1
1790179813057,0
1790179813228,1
1790179813228,0
1790179813696,1
1790179813696,0
1790179813718,1
1790179813740,0
1790179813743,1
1790179813782,0
1790179814065,1
1790179814065,0
1790179814190,1
1790179814190,0
1790179814211,1
1790179814234,0
1790179814456,1
1790179814456,0
1790179814699,1
1790179814699,0
1790179815178,1
1790179815178,0
1790179815464,1
1790179815464,0
1790179815485,1
1790179815506,0
1790179815512,1
1790179815512,0
1790179815653,1
1790179815653,0
1790179815849,1
1790179815849,0
1790179815869,1
1790179815894,2
1790179815896,1
1790179815896,0
1790179816135,1
1790179816135,0
1790179816158,1
1790179816178,0
1790179816183,1
1790179816183,0
1790179816204,1
1790179816204,0
1790179816250,1
1790179816250,0
1790179816373,1
1790179816373,0
1790179816396,1
1790179816418,0
1790179816419,1
1790179816419,0
1790179817014,1
1790179817014,0
1790179817063,1
1790179817063,0
1790179817084,1
1790179817105,0
1790179817109,1
1790179817109,0
1790179817131,1
1790179817131,0
1790179817281,1
1790179817281,0
1790179817384,1
1790179817384,0
1790179817401,1
1790179817426,2
1790179817428,1
1790179817446,2
1790179817469,1
1790179817469,0
1790179817636,1
1790179817636,0
1790179817681,1
1790179817681,0
1790179817705,1
1790179817722,0
1790179817825,1
1790179817825,0
1790179817919,1
1790179817919,0
1790179818111,1
1790179818111,0
1790179818133,1
1790179818158,0
1790179818160,1
1790179818204,0
1790179818372,1
1790179818372,0
1790179818571,1
1790179818571,0
1790179818803,1
1790179818803,0
1790179818972,1
1790179818972,0
1790179818999,1
1790179819019,0
1790179819119,1
1790179819119,0
1790179819144,1
1790179819161,0
1790179819169,1
1790179819169,0
1790179819433,1
1790179819433,0
