1790180013340,1
1790180013345,1
1790180013345,1
1790180013547,2
1790180013600,1
1790180013601,0
1790180013786,1
1790180013786,0
1790180013808,1
1790180013854,0
1790180013859,1
1790180013859,0
1790180013892,1
1790180013907,2
1790180013929,1
1790180013930,0
1790180014075,1
1790180014075,0
1790180014100,1
1790180014125,2
1790180014126,1
1790180014126,0
1790180014150,1
1790180014150,0
1790180014171,1
1790180014171,0
1790180014691,1
1790180014692,0
1790180014864,1
1790180014864,0
1790180015464,1
1790180015464,0
1790180015486,1
1790180015516,2
1790180015524,1
1790180015524,0
1790180015541,1
1790180015541,0
1790180015605,1
1790180015606,0
1790180015704,1
1790180015704,0
1790180015726,1
1790180015751,2
1790180015754,1
1790180015754,0
1790180016252,1
1790180016252,0
1790180016329,1
1790180016329,0
1790180016553,1
1790180016554,0
1790180016810,1
1790180016810,0
1790180016835,1
1790180016854,0
1790180017072,1
1790180017072,0
1790180017186,1
1790180017186,0
1790180017211,1
1790180017232,0
1790180017779,1
1790180017779,0
1790180017803,1
1790180017803,0
1790180017821,1
1790180017822,0
1790180017850,1
1790180017850,0
1790180017874,1
1790180017874,0
1790180018019,1
1790180018019,0
1790180018044,1
1790180018062,0
1790180018066,1
1790180018066,0
1790180018214,1
1790180018214,0
1790180018334,1
1790180018334,0
1790180019036,1
1790180019036,0
1790180019057,1
1790180019079,0
1790180019129,1
1790180019129,0
1790180019297,1
1790180019297,0
1790180019322,1
1790180019341,0
1790180019345,1
1790180019345,0
1790180019470,1
1790180019471,0
1790180019557,1
1790180019557,0
1790180019583,1
1790180019599,0
1790180019757,1
1790180019757,0
1790180019826,1
1790180019826,0
1790180020459,1
1790180020459,0
1790180020511,1
1790180020511,0
1790180020651,1
1790180020651,0
1790180020699,1
1790180020699,0
1790180020722,1
1790180020745,0
1790180020919,1
1790180020919,0
1790180020971,1
1790180020971,0
1790180020999,1
1790180021013,0
1790180021017,1
1790180021042,2
1790180021058,1
1790180021058,0
1790180021064,1
1790180021064,0
1790180021089,1
1790180021089,0
1790180021116,1
1790180021116,0
1790180021562,1
1790180021562,0
1790180021585,1
1790180021585,0
1790180021860,1
1790180021860,0
1790180022097,1
1790180022097,0
1790180022124,1
1790180022144,0
1790180022171,1
1790180022172,0
1790180022204,1
1790180022215,0
1790180022223,1
1790180022223,0
1790180022247,1
1790180022247,0
1790180022397,1
1790180022397,0
1790180022419,1
1790180022419,0
1790180022441,1
1790180022442,0
1790180022470,1
1790180022470,0
1790180022615,1
1790180022616,0
1790180022857,1
1790180022857,0
1790180022882,1
1790180022900,0
1790180022904,1
1790180022904,0
1790180022930,1
1790180022930,0
1790180023463,1
1790180023463,0
1790180023543,1
1790180023543,0
1790180023561,1
1790180023583,2
1790180023587,1
1790180023607,2
1790180023628,1
1790180023629,0
1790180023648,1
1790180023648,0
1790180023675,1
1790180023675,0
1790180023889,1
1790180023889,0
1790180024671,1
1790180024671,0
1790180024785,1
1790180024785,0
1790180024832,1
1790180024838,0
1790180024903,1
1790180024904,0
1790180025284,1
1790180025285,0
1790180025444,1
1790180025445,0
1790180025540,1
1790180025540,0
1790180025930,1
1790180025930,0
1790180025951,1
1790180025951,0
1790180026050,1
1790180026050,0
1790180026075,1
1790180026096,0
1790180026099,1
1790180026099,0
1790180026121,1
1790180026121,0
1790180026163,1
1790180026163,0
1790180026287,1
1790180026287,0
1790180026312,1
1790180026312,0
1790180026333,1
1790180026333,0
1790180026433,1
1790180026433,0
1790180026501,1
1790180026501,0
1790180026522,1
1790180026522,0
1790180026547,1
1790180026547,0
1790180026568,1
1790180026568,0
1790180026592,1
1790180026592,0
1790180026827,1
1790180026828,0
1790180026851,1
1790180026851,0
1790180026873,1
1790180026873,0
1790180026894,1
1790180026894,0
1790180026923,1
1790180026923,0
1790180027163,1
1790180027163,0
1790180027492,1
1790180027492,0
1790180027824,1
1790180027824,0
1790180028100,1
1790180028100,0
1790180028124,1
1790180028124,0
1790180028148,1
1790180028148,0
1790180028194,1
1790180028194,0
1790180028218,0
1790180028219,0
1790180028534,1
1790180028535,0
1790180028704,0
1790180028706,0
1790180028757,0
1790180028757,0
1790180028923,1
1790180028923,0
1790180028949,1
1790180028949,0
1790180028974,1
1790180028974,0
1790180029231,1
1790180029231,0
1790180029256,1
1790180029256,0
1790180029274,1
1790180029274,0
1790180029298,1
1790180029298,0
1790180029326,1
1790180029326,0
1790180029348,1
1790180029348,0
1790180029373,1
1790180029373,0
1790180029645,1
1790180029645,0
1790180029867,1
1790180029867,0
1790180029892,1
1790180029914,0
1790180030141,1
1790180030141,0
1790180030404,1
1790180030404,0
1790180030428,1
1790180030428,0
1790180030454,1
1790180030454,0
1790180030787,1
1790180030787,0
1790180030813,1
1790180030813,0
1790180030840,1
1790180030840,0
1790180030959,1
1790180030959,0
1790180030982,1
1790180030983,0
1790180031418,1
1790180031418,0
1790180031444,1
1790180031444,0
1790180031669,1
1790180031670,0
1790180031850,1
1790180031850,0
1790180031945,1
1790180031945,0
1790180031967,1
1790180031967,0
1790180032131,1
1790180032131,0
1790180032155,1
1790180032155,0
1790180032182,1
1790180032183,0
1790180032228,1
1790180032228,0
1790180032251,1
1790180032251,0
1790180032274,1
1790180032274,0
1790180032320,1
1790180032320,0
1790180032348,1
1790180032348,0
1790180032459,1
1790180032459,0
1790180032475,1
1790180032494,2
1790180032512,1
1790180032518,2
1790180032545,3
1790180032559,2
1790180032559,1
1790180032559,0
1790180032567,1
1790180032604,0
1790180032787,1
1790180032787,0
1790180032811,1
1790180032830,0
1790180032835,1
1790180032855,2
1790180032871,1
1790180032917,0
1790180033127,1
1790180033127,0
1790180033244,1
1790180033244,0
1790180033266,1
1790180033289,0
1790180033776,1
1790180033776,0
1790180033920,1
1790180033920,0
1790180033969,1
1790180033969,0
1790180033993,1
1790180034014,0
1790180034017,1
1790180034041,2
1790180034056,1
1790180034099,0
1790180034162,1
1790180034162,0
1790180034186,1
1790180034204,0
1790180034383,1
1790180034383,0
1790180034407,1
1790180034426,0
1790180034457,1
1790180034472,0
1790180034478,1
1790180034518,0
1790180034605,1
1790180034605,0
1790180034701,1
1790180034702,0
1790180034749,1
1790180034750,0
1790180034773,1
1790180034795,0
1790180034796,1
1790180034796,0
1790180034824,1
1790180034824,0
1790180034974,1
1790180034974,0
1790180035219,1
1790180035219,0
1790180035244,1
1790180035266,0
1790180035270,1
1790180035291,2
1790180035308,1
1790180035308,0
1790180035345,1
1790180035345,0
1790180035388,1
1790180035388,0
1790180035417,1
1790180035433,0
1790180035813,1
1790180035813,0
1790180036248,1
1790180036248,0
1790180036298,1
1790180036298,0
1790180036487,1
1790180036487,0
1790180036512,1
1790180036533,2
1790180036533,1
1790180036576,0
1790180036709,1
1790180036709,0
1790180036780,1
1790180036780,0
1790180036805,1
1790180036824,0
1790180037050,1
1790180037050,0
1790180037076,1
1790180037094,0
1790180037100,1
1790180037121,2
1790180037138,1
1790180037138,0
1790180037146,1
1790180037180,0
1790180037243,1
1790180037244,0
1790180037264,1
1790180037286,2
1790180037288,1
1790180037333,0
1790180037388,1
1790180037388,0
1790180037735,1
1790180037735,0
1790180037829,1
1790180037829,0
1790180037903,1
1790180037903,0
1790180038321,1
1790180038321,0
1790180038346,1
1790180038364,0
1790180038394,1
1790180038407,0
1790180038883,1
1790180038883,0
1790180039140,1
1790180039140,0
1790180039161,1
1790180039185,0
1790180039187,1
1790180039187,0
1790180039207,1
1790180039232,0
1790180039489,1
1790180039489,0
1790180039517,1
1790180039532,0
1790180039544,1
1790180039577,0
1790180039783,1
1790180039783,0
1790180039924,1
1790180039924,0
1790180040113,1
1790180040113,0
1790180040136,1
1790180040155,0
1790180040163,1
1790180040196,0
1790180040354,1
1790180040354,0
1790180040477,1
1790180040477,0
1790180040577,1
1790180040577,0
1790180040672,1
1790180040672,0
1790180040861,1
1790180040861,0
1790180041033,1
1790180041033,0
1790180041057,1
1790180041076,0
1790180041082,1
1790180041118,0
1790180041791,1
1790180041791,0
1790180041818,1
1790180041835,0
1790180041841,1
1790180041877,0
1790180042039,1
1790180042039,0
1790180042286,1
1790180042286,0
1790180042305,1
1790180042331,0
1790180042452,0
1790180042455,0
1790180042475,1
1790180042498,0
1790180042660,1
1790180042660,0
1790180042907,1
1790180042907,0
1790180042932,1
1790180042949,0
1790180042956,1
1790180042956,0
1790180042976,1
1790180043001,0
1790180043002,1
1790180043044,0
1790180043153,1
1790180043153,0
1790180043280,1
1790180043281,0
1790180043301,1
1790180043324,0
1790180043326,1
1790180043366,0
1790180043423,1
1790180043423,0
1790180043477,1
1790180043477,0
1790180043499,1
1790180043520,0
1790180043522,1
1790180043545,2
1790180043564,1
1790180043564,0
1790180043571,1
1790180043596,2
1790180043609,1
1790180043609,0
1790180043636,1
1790180043653,0
1790180043666,1
1790180043696,2
1790180043698,1
1790180043741,0
1790180043889,1
1790180043889,0
1790180044418,1
1790180044419,0
1790180044436,1
1790180044459,2
1790180044462,1
1790180044462,0
1790180044485,1
1790180044504,0
1790180044632,1
1790180044632,0
1790180044753,1
1790180044753,0
1790180044773,1
1790180044817,0
1790180044875,1
1790180044875,0
1790180044896,1
1790180044920,0
1790180044921,1
1790180044946,2
1790180044965,1
1790180044965,0
1790180045038,1
1790180045038,0
1790180045063,1
1790180045080,0
1790180045176,1
1790180045176,0
1790180045199,1
1790180045219,0
1790180045224,1
1790180045263,0
1790180045271,1
1790180045271,0
1790180045298,1
1790180045313,0
1790180045325,1
1790180045349,2
1790180045356,1
1790180045370,2
1790180045396,3
1790180045400,2
1790180045443,1
1790180045443,0
1790180045495,1
1790180045495,0
1790180045515,1
1790180045537,0
1790180045999,1
1790180045999,0
1790180046563,1
1790180046563,0
1790180046926,1
1790180046926,0
1790180047022,1
1790180047022,0
1790180047295,1
1790180047295,0
1790180047622,1
1790180047622,0
1790180047766,1
1790180047766,0
1790180047792,1
1790180047808,0
1790180047959,1
1790180047959,0
1790180048504,1
1790180048504,0
1790180048530,1
1790180048547,0
1790180048731,1
1790180048731,0
1790180048756,1
1790180048776,0
1790180048909,1
1790180048909,0
1790180048929,1
1790180048949,0
1790180048959,1
1790180048995,0
1790180049374,1
1790180049374,0
1790180049398,1
1790180049416,0
1790180049616,1
1790180049616,0
1790180049738,1
1790180049739,0
1790180049761,1
1790180049782,0
1790180049783,1
1790180049783,0
1790180049881,1
1790180049881,0
1790180049928,1
1790180049928,0
1790180050174,1
1790180050174,0
1790180050366,1
1790180050366,0
1790180050388,1
1790180050408,0
1790180050722,1
1790180050722,0
1790180050961,1
1790180050962,0
1790180051105,1
1790180051105,0
1790180051127,1
1790180051147,0
1790180051153,1
1790180051191,0
1790180051424,1
1790180051424,0
1790180051471,1
1790180051471,0
1790180051742,1
1790180051742,0
1790180051785,1
1790180051810,2
1790180051819,1
1790180051836,2
1790180051866,3
1790180051873,2
1790180051887,3
1790180051930,2
1790180051930,1
1790180051930,0
1790180051936,1
1790180051987,0
1790180052027,1
1790180052029,0
1790180052053,1
1790180052082,2
1790180052083,1
1790180052083,0
1790180052470,1
1790180052470,0
1790180052688,1
1790180052688,0
1790180052932,1
1790180052932,0
1790180053131,1
1790180053131,0
1790180053324,1
1790180053324,0
1790180053419,1
1790180053419,0
1790180053441,1
1790180053468,2
1790180053472,1
1790180053489,2
1790180053516,1
1790180053516,0
1790180053590,1
1790180053590,0
1790180053779,1
1790180053779,0
1790180053804,1
1790180053825,2
1790180053834,1
1790180053857,2
1790180053882,1
1790180053937,0
1790180053981,1
1790180053992,0
1790180054002,1
1790180054039,0
1790180054247,1
1790180054247,0
1790180054434,1
1790180054434,0
1790180054457,1
1790180054476,0
1790180054505,1
1790180054531,0
1790180054553,1
1790180054580,2
1790180054586,1
1790180054604,2
1790180054626,3
1790180054628,2
1790180054681,1
1790180054682,0
1790180054719,1
1790180054719,0
1790180054745,1
1790180054773,0
1790180054989,1
1790180054989,0
1790180055420,1
1790180055420,0
1790180055562,1
1790180055562,0
1790180055636,1
1790180055636,0
1790180055661,1
1790180055677,0
1790180055783,1
1790180055783,0
1790180055858,1
1790180055858,0
1790180056179,1
1790180056179,0
1790180056198,1
1790180056223,0
1790180056226,1
1790180056226,0
1790180056326,1
1790180056326,0
1790180056352,1
1790180056367,0
1790180056376,1
1790180056421,0
1790180056501,1
1790180056501,0
1790180056845,1
1790180056846,0
1790180056987,1
1790180056988,0
1790180057177,1
1790180057177,0
1790180057253,1
1790180057253,0
1790180057327,1
1790180057327,0
1790180057352,1
1790180057367,0
1790180057377,1
1790180057377,0
1790180057400,1
1790180057401,0
1790180057447,1
1790180057447,0
1790180057665,1
1790180057665,0
1790180057822,1
1790180057822,0
1790180057852,1
1790180057866,0
1790180057879,1
1790180057908,2
1790180057914,1
1790180057914,0
1790180058081,1
1790180058081,0
1790180058102,1
1790180058133,2
1790180058134,1
1790180058134,0
1790180058152,1
1790180058152,0
1790180058319,1
1790180058319,0
1790180058355,1
1790180058370,2
1790180058372,1
1790180058372,0
1790180058396,1
1790180058396,0
1790180058581,1
1790180058581,0
1790180058621,1
1790180058636,0
1790180058651,1
1790180058651,0
1790180059296,1
1790180059296,0
1790180059487,1
1790180059487,0
1790180059623,1
1790180059623,0
1790180059644,1
1790180059664,0
1790180059670,1
1790180059697,2
1790180059706,1
1790180059706,0
1790180060297,1
1790180060297,0
1790180060323,1
1790180060346,2
1790180060361,1
1790180060405,0
1790180060688,1
1790180060688,0
1790180060724,1
1790180060744,0
1790180060754,1
1790180060754,0
1790180060800,1
1790180060800,0
1790180060831,1
1790180060846,0
1790180060883,1
1790180060883,0
1790180060920,1
1790180060938,0
1790180061057,1
1790180061057,0
1790180061141,1
1790180061141,0
1790180061171,1
1790180061186,0
1790180061300,1
1790180061300,0
1790180061382,1
1790180061382,0
1790180061434,1
1790180061437,0
1790180061716,1
1790180061716,0
1790180061832,1
1790180061832,0
1790180061860,1
1790180061880,2
1790180061887,1
1790180061940,0
1790180062384,1
1790180062385,0
1790180063026,1
1790180063026,0
1790180063186,1
1790180063186,0
1790180063241,1
1790180063241,0
1790180063766,1
1790180063766,0
1790180063799,1
1790180063819,0
1790180063829,1
1790180063859,0
1790180064310,1
1790180064310,0
1790180064429,1
1790180064429,0
1790180064450,1
1790180064478,2
1790180064482,1
1790180064482,0
1790180064800,1
1790180064800,0
1790180064917,1
1790180064917,0
1790180065859,1
1790180065859,0
1790180065914,1
1790180065914,0
1790180065940,1
1790180065955,0
1790180066081,1
1790180066081,0
1790180066681,1
1790180066681,0
1790180066757,1
1790180066757,0
1790180066782,1
1790180066803,0
1790180066818,1
1790180066836,2
1790180066856,1
1790180066856,0
1790180066867,1
1790180066867,0
1790180067039,1
1790180067039,0
1790180067075,1
1790180067081,0
1790180067100,1
1790180067131,0
1790180067539,1
1790180067539,0
1790180068000,1
1790180068000,0
1790180068029,1
1790180068040,0
1790180068051,1
1790180068051,0
1790180068090,1
1790180068105,0
1790180068120,1
1790180068150,2
1790180068160,1
1790180068160,0
1790180068333,1
1790180068333,0
1790180068358,1
1790180068375,0
1790180068388,1
1790180068414,2
1790180068428,1
1790180068428,0
1790180068794,1
1790180068794,0
1790180068996,1
1790180068996,0
1790180069519,1
1790180069519,0
1790180069604,1
1790180069604,0
1790180069636,1
1790180069654,0
1790180069694,1
1790180069694,0
1790180069724,1
1790180069736,0
1790180069755,1
1790180069790,0
1790180070055,1
1790180070055,0
1790180070113,1
1790180070113,0
1790180070139,1
1790180070166,0
1790180070169,1
1790180070198,2
1790180070206,1
1790180070261,0
1790180070604,1
1790180070604,0
1790180070632,1
1790180070658,0
1790180071132,1
1790180071132,0
1790180071195,1
1790180071195,0
1790180071223,1
1790180071237,0
1790180071782,1
1790180071782,0
1790180071920,1
1790180071920,0
1790180071943,1
1790180071964,0
1790180072252,1
1790180072252,0
1790180072282,1
1790180072307,0
1790180072433,1
1790180072433,0
1790180072454,1
1790180072487,0
1790180072490,1
1790180072530,0
1790180072567,1
1790180072567,0
1790180072598,1
1790180072620,0
1790180072624,1
1790180072647,2
1790180072658,3
1790180072675,2
1790180072703,3
1790180072720,2
1790180072721,1
1790180072721,0
1790180072743,1
1790180072773,2
1790180072777,1
1790180072805,2
1790180072819,3
1790180072820,2
1790180072862,1
1790180072862,0
1790180073054,1
1790180073054,0
1790180073084,1
1790180073094,0
1790180073224,1
1790180073225,0
1790180073257,1
1790180073269,0
1790180073594,1
1790180073595,0
1790180073855,1
1790180073855,0
1790180073881,1
1790180073896,0
1790180074097,1
1790180074097,0
1790180074157,1
1790180074157,0
1790180074190,1
1790180074199,0
1790180074213,1
1790180074238,0
1790180074240,1
1790180074240,0
1790180074278,1
1790180074278,0
1790180074308,1
1790180074308,0
1790180074325,1
1790180074360,0
1790180075015,1
1790180075015,0
1790180075045,1
1790180075057,0
1790180075070,1
1790180075070,0
1790180075410,1
1790180075410,0
1790180076177,1
1790180076177,0
1790180076207,1
1790180076217,0
1790180076237,1
1790180076237,0
1790180076513,1
1790180076513,0
1790180076549,1
1790180076553,0
1790180076605,1
1790180076605,0
1790180076618,1
1790180076648,0
1790180076656,1
1790180076656,0
1790180076707,1
1790180076707,0
1790180076732,1
1790180076755,0
1790180076961,1
1790180076961,0
1790180077212,1
1790180077212,0
1790180077354,1
1790180077354,0
1790180077824,1
1790180077824,0
1790180077878,1
1790180077878,0
1790180078021,1
1790180078021,0
1790180078058,1
1790180078071,0
1790180078088,1
1790180078111,0
1790180078673,1
1790180078673,0
1790180078699,1
1790180078717,0
1790180078729,1
1790180078756,0
1790180078764,1
1790180078764,0
1790180078790,1
1790180078790,0
1790180079412,1
1790180079412,0
1790180079629,1
1790180079629,0
1790180079749,1
1790180079749,0
1790180079880,1
1790180079880,0
1790180079908,1
1790180079922,0
1790180080135,1
1790180080135,0
1790180080184,1
1790180080185,0
1790180080526,1
1790180080526,0
1790180080842,1
1790180080842,0
1790180080865,1
1790180080885,0
1790180080897,1
1790180080897,0
1790180080927,1
1790180080927,0
1790180081272,1
1790180081272,0
1790180081385,1
1790180081385,0
1790180081422,1
1790180081425,0
1790180081446,1
1790180081446,0
1790180081549,1
1790180081549,0
1790180081626,1
1790180081626,0
1790180081651,1
1790180081666,0
1790180081686,1
1790180081686,0
1790180081715,1
1790180081715,0
1790180081976,1
1790180081976,0
1790180082091,1
1790180082091,0
1790180082329,1
1790180082330,0
1790180082367,1
1790180082370,0
1790180082473,1
1790180082473,0
1790180083177,1
1790180083178,0
1790180083191,1
1790180083223,2
1790180083226,1
1790180083227,0
1790180083241,1
1790180083241,0
1790180083295,1
1790180083295,0
1790180083411,1
1790180083411,0
1790180083794,1
1790180083794,0
1790180084021,1
1790180084021,0
1790180084301,1
1790180084301,0
1790180084547,1
1790180084547,0
1790180084727,1
1790180084727,0
1790180084758,1
1790180084773,0
1790180084788,1
1790180084788,0
1790180084818,1
1790180084818,0
1790180084864,1
1790180084864,0
1790180085006,1
1790180085007,0
1790180085033,1
1790180085047,0
1790180085066,1
1790180085066,0
1790180085261,1
1790180085261,0
1790180085294,1
1790180085302,0
1790180085319,1
1790180085319,0
1790180085344,1
1790180085344,0
1790180085380,1
1790180085380,0
1790180085398,1
1790180085431,0
1790180085606,1
1790180085606,0
1790180085692,1
1790180085692,0
1790180085949,1
1790180085950,0
1790180085979,1
1790180085991,0
1790180086035,1
1790180086036,0
1790180086058,1
1790180086077,0
1790180086087,1
1790180086087,0
1790180086207,1
1790180086207,0
1790180086238,1
1790180086252,0
1790180086575,1
1790180086575,0
1790180086610,1
1790180086616,0
1790180086635,1
1790180086635,0
1790180086839,1
1790180086839,0
1790180086870,1
1790180086880,0
1790180086891,1
1790180086891,0
1790180086930,1
1790180086930,0
1790180087085,1
1790180087085,0
1790180087350,1
1790180087350,0
1790180087372,1
1790180087390,0
1790180087406,1
1790180087429,0
1790180087432,1
1790180087432,0
1790180087464,1
1790180087464,0
1790180087534,1
1790180087534,0
1790180087625,1
1790180087625,0
1790180087657,1
1790180087665,0
1790180087670,1
1790180087703,2
1790180087704,1
1790180087704,0
1790180087862,1
1790180087862,0
1790180088039,1
1790180088039,0
1790180088429,1
1790180088429,0
1790180088443,1
1790180088468,2
1790180088470,1
1790180088470,0
1790180088499,1
1790180088499,0
1790180088704,1
1790180088704,0
1790180088719,1
1790180088743,0
1790180088750,1
1790180088750,0
1790180088788,1
1790180088788,0
1790180088810,1
1790180088835,2
1790180088836,1
1790180088877,0
1790180088900,1
1790180088900,0
1790180089050,1
1790180089050,0
1790180089080,1
1790180089102,0
1790180089232,1
1790180089232,0
1790180089255,1
1790180089271,0
1790180089281,1
1790180089281,0
1790180089305,1
1790180089305,0
1790180089390,1
1790180089390,0
1790180089625,1
1790180089625,0
1790180089965,1
1790180089965,0
1790180090122,1
1790180090122,0
1790180090385,1
1790180090385,0
1790180090410,1
1790180090428,0
1790180090437,1
1790180090468,0
1790180090661,1
1790180090662,0
1790180090748,1
1790180090748,0
1790180090778,1
1790180090789,0
1790180091003,1
1790180091003,0
1790180091035,1
1790180091043,0
1790180091057,1
1790180091081,0
1790180091088,1
1790180091117,2
1790180091124,1
1790180091141,2
1790180091164,1
1790180091164,0
1790180091171,1
1790180091171,0
1790180091198,1
1790180091198,0
1790180091277,1
1790180091277,0
1790180091302,1
1790180091323,0
1790180091870,1
1790180091870,0
1790180091905,1
1790180091910,0
1790180091930,1
1790180091930,0
1790180092065,1
1790180092065,0
1790180092378,1
1790180092378,0
1790180092673,1
1790180092673,0
1790180092705,1
1790180092715,0
1790180092733,1
1790180092733,0
1790180092759,1
1790180092759,0
1790180092949,1
1790180092949,0
1790180092980,1
1790180092990,0
1790180093010,1
1790180093010,0
1790180093177,1
1790180093177,0
1790180093207,1
1790180093220,0
1790180093221,1
1790180093253,2
1790180093265,1
1790180093265,0
1790180093282,1
1790180093282,0
1790180093578,1
1790180093578,0
1790180093604,1
1790180093617,0
1790180093972,1
1790180093972,0
1790180094179,1
1790180094179,0
1790180094493,1
1790180094493,0
1790180094514,1
1790180094537,0
1790180094541,1
1790180094565,2
1790180094576,1
1790180094576,0
