1790179830630,1
1790179830636,0
1790179830664,1
1790179830891,0
1790179831095,1
1790179831095,0
1790179831642,1
1790179831643,0
1790179831697,1
1790179831706,0
1790179831805,1
1790179831806,0
1790179831862,1
1790179831863,0
1790179831917,1
1790179831917,0
1790179832291,1
1790179832292,0
1790179832347,1
1790179832363,0
1790179832401,1
1790179832401,0
1790179832456,1
1790179832456,0
1790179832510,0
1790179832510,0
1790179833663,1
1790179833664,0
1790179834050,1
1790179834051,0
1790179835418,1
1790179835418,0
1790179835467,1
1790179835488,0
1790179835523,1
1790179835523,0
1790179835578,1
1790179835578,0
1790179835744,1
1790179835745,0
1790179835957,1
1790179835957,0
1790179836011,1
1790179836011,0
1790179836067,1
1790179836067,0
1790179837162,1
1790179837162,0
1790179837329,1
1790179837329,0
1790179837827,1
1790179837827,0
1790179838413,1
1790179838413,0
1790179838472,1
1790179838472,0
1790179839013,1
1790179839014,0
1790179839290,1
1790179839290,0
1790179839339,1
1790179839339,0
1790179840599,1
1790179840599,0
1790179840654,1
1790179840654,0
1790179840709,0
1790179840709,0
1790179840764,1
1790179840764,0
1790179840819,1
1790179840819,0
1790179841146,1
1790179841147,0
1790179841200,1
1790179841200,0
1790179841256,1
1790179841256,0
1790179841585,1
1790179841585,0
1790179841857,1
1790179841857,0
1790179843432,1
1790179843433,0
1790179843481,1
1790179843482,0
1790179843642,1
1790179843642,0
1790179844027,1
1790179844027,0
1790179844075,1
1790179844075,0
1790179844130,1
1790179844130,0
1790179844402,1
1790179844403,0
1790179844616,1
1790179844616,0
1790179844668,1
1790179844668,0
1790179845053,1
1790179845053,0
1790179845208,1
1790179845208,0
1790179846632,1
1790179846632,0
1790179846741,1
1790179846741,0
1790179847064,1
1790179847064,0
1790179847173,1
1790179847173,0
1790179847228,1
1790179847232,0
1790179847664,1
1790179847664,0
1790179847801,1
1790179847802,0
1790179847830,1
1790179847855,0
1790179847886,1
1790179847902,0
1790179847944,1
1790179847944,0
1790179847995,1
1790179847995,0
1790179848050,1
1790179848050,0
1790179848106,1
1790179848107,0
1790179849075,1
1790179849076,0
1790179849122,1
1790179849123,0
1790179849726,1
1790179849726,0
1790179850278,1
1790179850278,0
1790179850332,1
1790179850332,0
1790179850439,1
1790179850439,0
1790179850499,1
1790179850499,0
1790179850553,1
1790179850553,0
1790179850608,1
1790179850608,0
1790179850935,1
1790179850935,0
1790179850995,1
1790179850995,0
1790179851047,1
1790179851047,0
1790179851097,1
1790179851097,0
1790179851425,1
1790179851425,0
1790179851965,1
1790179851965,0
1790179852021,1
1790179852021,0
1790179852075,1
1790179852075,0
1790179852130,1
1790179852130,0
1790179853333,1
1790179853333,0
1790179853495,1
1790179853495,0
1790179853545,1
1790179853549,0
1790179853605,1
1790179853605,0
1790179853653,1
1790179853653,0
1790179853763,1
1790179853763,0
1790179853814,1
1790179853814,0
1790179854314,1
1790179854314,0
1790179856044,1
1790179856044,0
1790179856312,1
1790179856312,0
1790179856417,1
1790179856418,0
1790179856580,1
1790179856580,0
1790179857451,1
1790179857452,0
1790179857834,1
1790179857834,0
1790179858051,1
1790179858052,0
1790179858920,1
1790179858920,0
1790179858978,1
1790179858979,0
1790179859200,1
1790179859200,0
1790179859250,1
1790179859258,0
1790179859300,1
1790179859301,0
1790179859357,1
1790179859357,0
1790179859462,1
1790179859462,0
1790179859737,1
1790179859737,0
1790179859789,1
1790179859789,0
1790179859842,1
1790179859842,0
1790179860058,1
1790179860058,0
1790179860223,1
1790179860223,0
1790179860278,1
1790179860278,0
1790179860329,1
1790179860329,0
1790179860384,1
1790179860384,0
1790179860439,1
1790179860439,0
1790179860977,1
1790179860977,0
1790179861032,1
1790179861032,0
1790179861087,1
1790179861087,0
1790179861136,1
1790179861137,0
1790179861199,1
1790179861200,0
1790179861852,1
1790179861853,0
1790179862626,1
1790179862626,0
1790179863367,1
1790179863367,0
1790179863967,1
1790179863967,0
1790179864014,1
1790179864014,0
1790179864063,1
1790179864063,0
1790179864177,1
1790179864177,0
1790179864230,1
1790179864231,0
1790179864929,1
1790179864929,0
1790179865307,0
1790179865310,0
1790179865415,1
1790179865415,0
1790179865797,1
1790179865798,0
1790179865849,1
1790179865850,0
1790179865905,1
1790179865905,0
1790179866497,1
1790179866497,0
1790179866552,1
1790179866552,0
1790179866607,1
1790179866607,0
1790179866661,1
1790179866662,0
1790179866713,1
1790179866713,0
1790179866772,1
1790179866772,0
1790179866827,1
1790179866827,0
1790179867417,1
1790179867417,0
1790179867908,1
1790179867908,0
1790179867963,1
1790179867963,0
1790179868505,1
1790179868505,0
1790179869101,1
1790179869101,0
1790179869156,1
1790179869156,0
1790179869211,1
1790179869211,0
1790179869971,1
1790179869971,0
1790179870027,1
1790179870027,0
1790179870081,1
1790179870081,0
1790179870358,1
1790179870358,0
1790179870413,1
1790179870413,0
1790179871386,1
1790179871387,0
1790179871441,1
1790179871441,0
1790179871930,1
1790179871930,0
1790179872371,1
1790179872371,0
1790179872583,1
1790179872583,0
1790179872638,1
1790179872638,0
1790179873020,1
1790179873020,0
1790179873075,1
1790179873075,0
1790179873132,1
1790179873132,0
1790179873239,1
1790179873240,0
1790179873295,1
1790179873295,0
1790179873349,1
1790179873349,0
1790179873455,1
1790179873456,0
1790179873513,1
1790179873513,0
1790179873737,1
1790179873737,0
1790179873786,1
1790179873789,0
1790179873835,1
1790179873836,0
1790179873890,1
1790179873891,0
1790179873943,1
1790179873943,0
1790179873998,1
1790179874005,0
1790179874489,1
1790179874489,0
1790179874542,1
1790179874542,0
1790179874593,1
1790179874593,0
1790179874653,1
1790179874653,0
1790179875243,1
1790179875243,0
1790179875506,1
1790179875506,0
1790179875562,1
1790179875562,0
1790179876710,1
1790179876710,0
1790179877037,1
1790179877037,0
1790179877146,1
1790179877146,0
1790179877200,1
1790179877200,0
1790179877249,1
1790179877249,0
1790179877304,1
1790179877304,0
1790179877575,1
1790179877575,0
1790179877630,1
1790179877630,0
1790179878060,1
1790179878061,0
1790179878115,1
1790179878120,0
1790179878223,1
1790179878223,0
1790179878283,1
1790179878283,0
1790179878553,1
1790179878553,0
1790179878772,1
1790179878772,0
1790179878880,1
1790179878880,0
1790179878932,1
1790179878932,0
1790179878990,1
1790179878990,0
1790179879039,1
1790179879040,0
1790179879370,1
1790179879370,0
1790179879915,1
1790179879915,0
1790179879971,1
1790179879971,0
1790179880028,1
1790179880028,0
1790179880081,1
1790179880081,0
1790179880186,1
1790179880186,0
1790179880301,1
1790179880301,0
1790179880356,1
1790179880356,0
1790179881229,1
1790179881229,0
1790179882200,1
1790179882200,0
1790179882312,1
1790179882312,0
1790179882745,1
1790179882745,0
1790179882798,1
1790179882798,0
1790179882849,1
1790179882849,0
1790179883231,1
1790179883231,0
1790179883386,1
1790179883386,0
1790179883441,1
1790179883442,0
1790179883982,1
1790179883982,0
1790179884036,1
1790179884036,0
1790179884089,1
1790179884089,0
1790179884144,1
1790179884144,0
1790179884200,1
1790179884200,0
1790179884417,1
1790179884417,0
1790179884474,1
1790179884474,0
1790179884529,1
1790179884529,0
1790179884743,1
1790179884743,0
1790179885562,1
1790179885563,0
1790179885779,1
1790179885779,0
1790179885943,1
1790179885943,0
1790179886865,1
1790179886866,0
1790179886920,1
1790179886920,0
1790179887027,1
1790179887027,0
1790179888117,1
1790179888117,0
1790179888722,1
1790179888722,0
1790179888778,1
1790179888778,0
1790179888833,1
1790179888833,0
1790179888887,1
1790179888887,0
1790179889534,1
1790179889534,0
1790179889592,1
1790179889593,0
1790179889648,1
1790179889649,0
1790179890194,1
1790179890194,0
1790179890523,1
1790179890523,0
1790179890961,1
1790179890961,0
1790179891015,1
1790179891015,0
1790179891071,1
1790179891071,0
1790179891496,1
1790179891496,0
1790179891771,1
1790179891771,0
1790179891986,1
1790179891986,0
1790179892202,1
1790179892202,0
1790179892632,1
1790179892632,0
1790179893010,1
1790179893010,0
1790179893063,1
1790179893063,0
1790179893119,1
1790179893119,0
1790179894698,1
1790179894698,0
1790179894751,1
1790179894751,0
1790179894806,1
1790179894806,0
1790179895246,1
1790179895246,0
1790179895786,1
1790179895786,0
1790179895841,1
1790179895841,0
1790179896166,1
1790179896169,0
1790179896220,1
1790179896220,0
1790179896646,1
1790179896647,0
1790179897192,1
1790179897192,0
1790179897246,1
1790179897246,0
1790179897302,1
1790179897302,0
1790179897355,1
1790179897355,0
1790179897409,1
1790179897409,0
1790179897737,1
1790179897737,0
1790179898001,1
1790179898001,0
1790179898056,1
1790179898056,0
1790179898110,1
1790179898110,0
1790179898325,1
1790179898326,0
1790179898434,1
1790179898434,0
1790179898489,1
1790179898489,0
1790179898545,1
1790179898546,0
1790179898599,1
1790179898599,0
1790179898654,1
1790179898654,0
1790179898709,1
1790179898709,0
1790179898815,1
1790179898815,0
1790179898869,1
1790179898869,0
1790179898920,1
1790179898920,0
1790179899362,1
1790179899362,0
1790179900556,1
1790179900556,0
1790179900611,1
1790179900611,0
1790179900667,1
1790179900667,0
1790179900720,1
1790179900721,0
1790179901043,1
1790179901043,0
1790179901320,1
1790179901320,0
1790179901373,1
1790179901373,0
1790179901585,1
1790179901585,0
1790179901638,1
1790179901638,0
1790179901691,1
1790179901691,0
1790179901749,1
1790179901750,0
1790179901971,1
1790179901971,0
1790179902026,1
1790179902026,0
1790179902300,1
1790179902300,0
1790179902352,1
1790179902352,0
1790179902407,1
1790179902407,0
1790179902517,1
1790179902517,0
1790179902572,1
1790179902572,0
1790179902626,1
1790179902626,0
1790179902674,1
1790179902674,0
1790179902726,1
1790179902726,0
1790179902783,1
1790179902783,0
1790179902997,1
1790179902997,0
1790179903055,1
1790179903055,0
1790179904132,1
1790179904132,0
1790179905385,1
1790179905385,0
1790179906200,1
1790179906200,0
1790179906416,1
1790179906416,0
1790179906955,1
1790179906955,0
1790179907720,1
1790179907720,0
1790179908049,1
1790179908049,0
1790179908103,1
1790179908103,0
1790179908490,1
1790179908490,0
1790179909727,1
1790179909727,0
1790179909780,1
1790179909781,0
1790179910214,1
1790179910214,0
1790179910269,1
1790179910269,0
1790179910592,1
1790179910592,0
1790179910643,1
1790179910643,0
1790179910698,1
1790179910698,0
1790179911616,1
1790179911616,0
1790179911667,1
1790179911667,0
1790179912148,1
1790179912149,0
1790179912423,1
1790179912424,0
1790179912477,1
1790179912477,0
1790179912533,1
1790179912533,0
1790179912748,1
1790179912748,0
1790179912855,1
1790179912855,0
1790179913403,1
1790179913403,0
1790179913834,1
1790179913834,0
1790179913891,1
1790179913891,0
1790179914654,1
1790179914654,0
1790179915197,1
1790179915197,0
1790179915517,1
1790179915517,0
1790179915571,1
1790179915571,0
1790179915628,1
1790179915628,0
1790179916224,1
1790179916225,0
1790179916334,1
1790179916334,0
1790179916931,1
1790179916931,0
1790179917025,1
1790179917025,0
1790179917080,1
1790179917080,0
1790179917135,1
1790179917135,0
1790179917189,1
1790179917189,0
1790179917239,1
1790179917239,0
1790179917343,1
1790179917343,0
1790179917561,1
1790179917562,0
1790179917616,1
1790179917616,0
1790179917671,1
1790179917671,0
1790179918544,1
1790179918544,0
1790179919034,1
1790179919034,0
1790179919580,1
1790179919580,0
1790179920018,1
1790179920018,0
1790179920444,1
1790179920444,0
1790179920663,1
1790179920663,0
1790179920719,1
1790179920719,0
1790179920775,1
1790179920775,0
1790179920824,1
1790179920825,0
1790179921045,1
1790179921045,0
1790179921482,1
1790179921482,0
1790179921532,1
1790179921537,0
1790179921590,1
1790179921590,0
1790179921642,1
1790179921643,0
1790179921905,1
1790179921905,0
1790179921959,1
1790179921959,0
1790179922505,1
1790179922505,0
1790179922935,1
1790179922935,0
1790179922987,1
1790179922987,0
1790179923093,1
1790179923093,0
1790179923204,1
1790179923204,0
1790179923259,1
1790179923259,0
1790179923309,1
1790179923312,0
1790179923361,1
1790179923361,0
1790179923574,1
1790179923575,0
1790179923627,1
1790179923627,0
1790179924167,1
1790179924167,0
1790179925149,1
1790179925149,0
1790179925474,1
1790179925475,0
1790179925639,1
1790179925639,0
1790179925694,1
1790179925694,0
1790179925967,1
1790179925967,0
1790179926131,1
1790179926131,0
1790179926830,1
1790179926830,0
1790179926885,1
1790179926885,0
1790179926931,1
1790179926931,0
1790179927148,1
1790179927149,0
1790179927203,1
1790179927203,0
1790179927258,1
1790179927259,0
1790179927532,1
1790179927532,0
1790179928297,1
1790179928297,0
1790179928613,1
1790179928613,0
1790179929054,1
1790179929054,0
1790179929215,1
1790179929216,0
1790179929379,1
1790179929379,0
1790179929433,1
1790179929433,0
1790179929488,1
1790179929488,0
1790179929543,1
1790179929543,0
1790179929653,1
1790179929654,0
1790179930087,1
1790179930087,0
1790179930413,1
1790179930414,0
1790179930470,1
1790179930470,0
1790179930520,1
1790179930523,0
1790179930576,1
1790179930576,0
1790179930952,1
1790179930952,0
1790179931006,1
1790179931006,0
1790179931060,1
1790179931060,0
1790179931116,1
1790179931116,0
1790179931441,1
1790179931441,0
1790179931493,1
1790179931493,0
1790179931548,1
1790179931548,0
1790179931603,1
1790179931603,0
1790179931985,1
1790179931985,0
1790179932040,1
1790179932040,0
1790179932096,1
1790179932096,0
1790179933348,1
1790179933349,0
1790179933723,1
1790179933723,0
1790179933998,1
1790179933998,0
1790179934056,1
1790179934056,0
1790179934111,1
1790179934111,0
1790179934163,1
1790179934163,0
1790179935310,1
1790179935310,0
1790179935359,1
1790179935365,0
1790179935418,1
1790179935418,0
1790179936122,1
1790179936122,0
1790179936177,1
1790179936178,0
1790179936228,1
1790179936228,0
1790179936335,1
1790179936335,0
1790179936391,1
1790179936391,0
1790179936501,1
1790179936501,0
1790179936556,1
1790179936556,0
1790179936828,1
1790179936828,0
1790179936980,1
1790179936980,0
1790179937036,1
1790179937036,0
1790179937306,1
1790179937306,0
1790179937467,1
1790179937467,0
1790179937576,1
1790179937576,0
1790179938128,0
1790179938128,0
1790179938340,1
1790179938341,0
1790179938390,1
1790179938394,0
1790179938446,1
1790179938446,0
1790179939369,1
1790179939369,0
1790179940628,1
1790179940628,0
1790179940953,1
1790179940953,0
1790179941063,1
1790179941063,0
1790179942092,1
1790179942092,0
1790179942144,1
1790179942144,0
1790179942199,1
1790179942199,0
1790179943115,1
1790179943115,0
1790179943334,1
1790179943334,0
1790179943386,1
1790179943387,0
1790179943441,1
1790179943441,0
1790179944098,1
1790179944098,0
1790179944312,1
1790179944312,0
1790179946148,1
1790179946148,0
1790179946257,1
1790179946257,0
1790179946312,1
1790179946312,0
1790179946586,1
1790179946586,0
1790179947785,1
1790179947785,0
1790179947950,1
1790179947950,0
1790179948002,1
1790179948002,0
1790179948054,1
1790179948055,0
1790179948101,1
1790179948101,0
1790179948161,1
1790179948161,0
1790179948488,1
1790179948488,0
1790179948543,1
1790179948543,0
1790179948597,1
1790179948597,0
1790179949475,1
1790179949475,0
1790179950404,1
1790179950405,0
1790179950453,1
1790179950453,0
1790179950508,1
1790179950508,0
1790179950563,1
1790179950569,0
1790179950618,1
1790179950621,0
1790179950673,1
1790179950673,0
1790179951060,1
1790179951060,0
1790179951115,1
1790179951115,0
1790179951169,1
1790179951169,0
1790179951218,1
1790179951218,0
1790179951986,1
1790179951986,0
1790179952368,1
1790179952368,0
1790179953336,1
1790179953336,0
1790179953499,1
1790179953499,0
1790179953553,1
1790179953553,0
1790179953663,1
1790179953663,0
1790179953720,1
1790179953720,0
1790179953772,1
1790179953773,0
1790179954376,1
1790179954376,0
1790179954484,1
1790179954484,0
1790179954533,1
1790179954538,0
1790179954586,1
1790179954586,0
1790179954637,1
1790179954638,0
1790179955405,1
1790179955405,0
1790179955456,1
1790179955476,0
1790179956489,1
1790179956489,0
1790179956599,1
1790179956599,0
1790179956653,1
1790179956653,0
1790179957746,1
1790179957746,0
1790179958011,1
1790179958011,0
1790179958066,1
1790179958066,0
1790179958668,1
1790179958668,0
1790179958722,1
1790179958722,0
1790179958993,1
1790179958993,0
1790179959048,1
1790179959054,0
1790179959103,1
1790179959104,0
1790179959269,1
1790179959269,0
1790179959321,1
1790179959322,0
1790179959379,1
1790179959379,0
1790179959435,1
1790179959435,0
1790179959489,1
1790179959489,0
1790179959553,1
1790179959553,0
1790179959655,1
1790179959655,0
1790179959710,1
1790179959710,0
1790179959764,1
1790179959764,0
1790179959815,1
1790179959815,0
1790179960257,1
1790179960257,0
1790179960308,1
1790179960308,0
1790179960588,1
1790179960588,0
1790179960642,1
1790179960653,0
1790179961296,1
1790179961296,0
1790179961783,1
1790179961783,0
1790179961838,1
1790179961838,0
1790179962274,1
1790179962274,0
1790179962384,1
1790179962385,0
1790179962435,1
1790179962435,0
1790179962487,1
1790179962487,0
1790179962542,1
1790179962542,0
1790179962597,1
1790179962597,0
1790179962652,1
1790179962652,0
1790179962707,1
1790179962721,0
1790179964014,1
1790179964014,0
1790179964068,1
1790179964069,0
1790179964123,1
1790179964123,0
1790179964779,1
1790179964779,0
1790179966306,1
1790179966306,0
1790179966360,1
1790179966360,0
1790179966415,1
1790179966415,0
1790179966948,1
1790179966949,0
1790179967003,1
1790179967004,0
1790179967114,1
1790179967114,0
1790179967168,1
1790179967168,0
1790179967223,1
1790179967223,0
1790179967333,1
1790179967333,0
1790179967388,1
1790179967388,0
1790179967825,1
1790179967825,0
1790179968321,1
1790179968321,0
1790179968587,1
1790179968587,0
1790179969510,1
1790179969510,0
1790179969612,1
1790179969612,0
1790179969888,1
1790179969888,0
1790179969939,1
1790179969961,0
1790179969995,1
1790179970007,0
1790179971191,1
1790179971192,0
1790179971244,1
1790179971244,0
1790179971297,1
1790179971297,0
1790179971354,1
1790179971354,0
1790179971407,1
1790179971407,0
1790179972597,1
1790179972597,0
1790179973037,1
1790179973037,0
1790179973252,1
1790179973252,0
1790179973519,1
1790179973519,0
1790179973572,1
1790179973572,0
1790179974006,1
1790179974006,0
1790179974115,1
1790179974115,0
1790179974769,1
1790179974769,0
1790179975365,1
1790179975365,0
1790179975424,1
1790179975425,0
1790179975480,1
1790179975480,0
1790179975529,1
1790179975529,0
1790179976183,1
1790179976183,0
1790179976399,1
1790179976399,0
1790179976454,1
1790179976454,0
1790179976507,1
1790179976507,0
1790179976725,1
1790179976725,0
1790179976894,1
1790179976894,0
1790179976947,1
1790179976947,0
1790179977001,1
1790179977003,0
1790179977057,1
1790179977057,0
1790179977607,1
1790179977607,0
1790179977825,1
1790179977825,0
1790179978315,1
1790179978315,0
1790179978365,1
1790179978365,0
1790179978641,1
1790179978642,0
1790179980010,1
1790179980010,0
1790179980065,1
1790179980065,0
1790179980114,1
1790179980114,0
1790179980164,1
1790179980164,0
1790179980279,1
1790179980279,0
1790179980498,1
1790179980498,0
1790179981322,1
1790179981322,0
1790179981758,1
1790179981759,0
1790179982304,1
1790179982304,0
1790179982796,1
1790179982796,0
1790179983115,1
1790179983115,0
1790179983171,1
1790179983171,0
1790179983230,1
1790179983230,0
1790179983280,1
1790179983280,0
1790179983390,1
1790179983390,0
1790179983666,1
1790179983666,0
1790179983720,1
1790179983720,0
1790179983771,1
1790179983771,0
1790179984152,1
1790179984152,0
1790179984206,1
1790179984206,0
1790179984266,1
1790179984266,0
1790179984316,1
1790179984316,0
1790179984376,1
1790179984376,0
1790179984430,1
1790179984444,0
1790179984867,1
1790179984867,0
1790179985032,1
1790179985032,0
1790179985576,1
1790179985576,0
1790179985630,1
1790179985630,0
1790179985734,1
1790179985734,0
1790179985789,1
1790179985790,0
1790179985845,1
1790179985845,0
1790179986064,1
1790179986064,0
1790179986119,1
1790179986119,0
1790179986775,1
1790179986775,0
1790179986833,1
1790179986833,0
1790179986888,1
1790179986888,0
1790179987265,1
1790179987265,0
1790179987310,1
1790179987311,0
1790179987366,1
1790179987366,0
1790179987422,1
1790179987422,0
1790179987746,1
1790179987746,0
1790179988238,1
1790179988238,0
1790179988289,1
1790179988289,0
1790179988341,1
1790179988341,0
1790179988397,1
1790179988398,0
1790179988446,1
1790179988446,0
1790179988614,1
1790179988614,0
1790179988775,1
1790179988775,0
1790179988830,1
1790179988830,0
1790179988885,1
1790179988885,0
1790179988939,1
1790179988939,0
1790179989266,1
1790179989266,0
1790179989585,1
1790179989585,0
1790179990355,1
1790179990355,0
1790179990410,1
1790179990410,0
1790179990458,1
1790179990459,0
1790179990512,1
1790179990512,0
1790179990896,1
1790179990896,0
1790179990951,1
1790179990951,0
1790179991001,1
1790179991001,0
1790179991055,1
1790179991055,0
1790179991110,1
1790179991111,0
1790179991165,1
1790179991165,0
1790179991276,1
1790179991276,0
1790179991605,1
1790179991605,0
1790179991660,1
1790179991670,0
1790179991937,1
1790179991937,0
1790179991991,1
1790179991991,0
1790179992046,1
1790179992046,0
1790179992101,1
1790179992101,0
1790179992266,1
1790179992266,0
1790179992702,1
1790179992702,0
1790179993351,1
1790179993351,0
1790179993679,1
1790179993679,0
1790179994174,1
1790179994174,0
1790179994230,1
1790179994232,0
1790179994284,1
1790179994284,0
1790179994725,1
1790179994725,0
1790179994883,1
1790179994883,0
1790179994937,1
1790179994937,0
1790179995375,1
1790179995375,0
1790179995430,1
1790179995430,0
1790179995485,1
1790179995485,0
1790179995540,1
1790179995540,0
1790179995591,1
1790179995591,0
1790179995643,1
1790179995643,0
1790179995701,1
1790179995701,0
1790179995756,1
1790179995756,0
1790179995921,1
1790179995921,0
1790179995976,1
1790179995976,0
1790179997109,1
1790179997109,0
1790179997169,1
1790179997169,0
1790179997223,1
1790179997223,0
1790179997495,1
1790179997495,0
1790179998099,1
1790179998099,0
1790179998651,1
1790179998651,0
1790179998706,1
1790179998706,0
1790179998756,1
1790179998756,0
1790179998816,1
1790179998816,0
1790179999197,1
1790179999197,0
1790179999250,1
1790179999250,0
1790179999303,1
1790179999303,0
1790179999627,1
1790179999627,0
1790179999681,1
1790179999681,0
1790179999741,1
1790179999741,0
1790179999796,1
1790179999796,0
1790179999851,1
1790179999851,0
1790180000450,1
1790180000450,0
1790180000508,1
1790180000508,0
1790180001214,1
1790180001214,0
1790180001650,1
1790180001650,0
1790180002248,1
1790180002248,0
1790180002302,1
1790180002302,0
1790180002363,1
1790180002364,0
1790180002411,1
1790180002411,0
