1790179743971,2
1790179743978,1
1790179743978,1
1790179744044,2
1790179744190,3
1790179744228,2
1790179744228,1
1790179744362,0
1790179744410,1
1790179744422,0
1790179744441,1
1790179744474,0
1790179744485,1
1790179744485,0
1790179744530,1
1790179744530,0
1790179744564,1
1790179744582,2
1790179744601,3
1790179744620,2
1790179744620,1
1790179744620,0
1790179744762,1
1790179744762,0
1790179744785,1
1790179744803,2
1790179744862,1
1790179744863,0
1790179745290,1
1790179745290,0
1790179745308,1
1790179745330,2
1790179745369,1
1790179745370,0
1790179746021,1
1790179746021,0
1790179746214,1
1790179746214,0
1790179746238,1
1790179746272,0
1790179746449,1
1790179746449,0
1790179746495,1
1790179746496,0
1790179746518,1
1790179746542,0
1790179746566,1
1790179746566,0
1790179746588,1
1790179746610,0
1790179746612,1
1790179746612,0
1790179746657,1
1790179746657,0
1790179746679,1
1790179746702,0
1790179746896,1
1790179746896,0
1790179746942,1
1790179746945,0
1790179746971,1
1790179746988,0
1790179747021,1
1790179747021,0
1790179747045,1
1790179747065,0
1790179747069,1
1790179747069,0
1790179747179,1
1790179747179,0
1790179747413,1
1790179747413,0
1790179747434,1
1790179747459,0
1790179747562,1
1790179747563,0
1790179747665,1
1790179747665,0
1790179747681,1
1790179747681,0
1790179747884,1
1790179747884,0
1790179747907,1
1790179747927,0
1790179748026,1
1790179748026,0
1790179748176,1
1790179748177,0
1790179748198,1
1790179748220,0
1790179748225,1
1790179748225,0
1790179748246,1
1790179748246,0
1790179748781,1
1790179748781,0
1790179748804,1
1790179748804,0
1790179748826,1
1790179748847,0
1790179749186,1
1790179749186,0
1790179749210,1
1790179749233,0
1790179749474,1
1790179749474,0
1790179749540,1
1790179749540,0
1790179749565,1
1790179749566,0
1790179749589,1
1790179749589,0
1790179749615,1
1790179749615,0
1790179749661,1
1790179749661,0
1790179749932,1
1790179749932,0
1790179749995,1
1790179749995,0
1790179750017,1
1790179750039,0
1790179750041,1
1790179750041,0
1790179750068,1
1790179750068,0
1790179750094,1
1790179750094,0
1790179750165,1
1790179750166,0
1790179750190,1
1790179750208,0
1790179751043,1
1790179751044,0
1790179751299,1
1790179751299,0
1790179751318,1
1790179751318,0
1790179751499,1
1790179751499,0
1790179751525,1
1790179751544,0
1790179751550,1
1790179751550,0
1790179751574,1
1790179751574,0
1790179751599,1
1790179751620,0
1790179751622,1
1790179751622,0
1790179751669,1
1790179751669,0
1790179751693,1
1790179751714,0
1790179751945,1
1790179751945,0
1790179752138,1
1790179752138,0
1790179752163,1
1790179752183,0
1790179752185,1
1790179752185,0
1790179752570,1
1790179752570,0
1790179752870,1
1790179752870,0
1790179752890,1
1790179752912,2
1790179752919,1
1790179752962,2
1790179752969,1
1790179752970,0
1790179752987,1
1790179753010,2
1790179753014,1
1790179753014,0
1790179753350,1
1790179753350,0
1790179753374,1
1790179753392,0
1790179753493,1
1790179753493,0
1790179753575,1
1790179753575,0
1790179753739,1
1790179753739,0
1790179753788,1
1790179753790,0
1790179753809,1
1790179753809,0
1790179753832,1
1790179753854,0
1790179754024,1
1790179754024,0
1790179754270,1
1790179754270,0
1790179754291,1
1790179754291,0
1790179754553,1
1790179754553,0
1790179754579,1
1790179754579,0
1790179754606,1
1790179754607,0
1790179754623,1
1790179754623,0
1790179754674,1
1790179754674,0
1790179754857,1
1790179754858,0
1790179754880,1
1790179754880,0
1790179754903,1
1790179754903,0
1790179754948,1
1790179754948,0
1790179755002,1
1790179755002,0
1790179755022,1
1790179755022,0
1790179755045,1
1790179755045,0
1790179755068,1
1790179755068,0
1790179755394,1
1790179755394,0
1790179755708,1
1790179755708,0
1790179755733,1
1790179755733,0
1790179755758,1
1790179755758,0
1790179755778,1
1790179755778,0
1790179756522,1
1790179756523,0
1790179756570,1
1790179756570,0
1790179756596,1
1790179756596,0
1790179756861,1
1790179756862,0
1790179756881,1
1790179756881,0
1790179756902,1
1790179756902,0
1790179756926,1
1790179756926,0
1790179757099,1
1790179757100,0
1790179757119,1
1790179757119,0
1790179757143,0
1790179757143,0
1790179757462,1
1790179757462,0
1790179757487,0
1790179757489,0
1790179757514,0
1790179757514,0
1790179757604,1
1790179757604,0
1790179757923,1
1790179757923,0
1790179757943,1
1790179757943,0
1790179758138,1
1790179758138,0
1790179758303,1
1790179758303,0
1790179758331,1
1790179758356,0
1790179758447,1
1790179758448,0
1790179758464,1
1790179758464,0
1790179758493,1
1790179758493,0
1790179758517,1
1790179758517,0
1790179759111,1
1790179759111,0
1790179759382,1
1790179759382,0
1790179759404,1
1790179759430,2
1790179759447,1
1790179759447,0
1790179759902,1
1790179759902,0
1790179759993,1
1790179759994,0
1790179760143,1
1790179760144,0
1790179760171,1
1790179760195,0
1790179760391,1
1790179760391,0
1790179760415,1
1790179760415,0
1790179760465,1
1790179760465,0
1790179760899,1
1790179760899,0
1790179761071,1
1790179761071,0
1790179761122,1
1790179761122,0
1790179761433,1
1790179761433,0
1790179761455,1
1790179761478,2
1790179761478,1
1790179761478,0
1790179761502,1
1790179761502,0
1790179761765,1
1790179761765,0
1790179761791,1
1790179761810,0
1790179761886,1
1790179761887,0
1790179761909,1
1790179761930,2
1790179761938,1
1790179761939,0
1790179761958,1
1790179761958,0
1790179762277,1
1790179762277,0
1790179762509,1
1790179762509,0
1790179762534,1
1790179762557,0
1790179763188,1
1790179763188,0
1790179763216,1
1790179763232,0
1790179763266,1
1790179763277,0
1790179763291,1
1790179763317,2
1790179763323,1
1790179763339,2
1790179763367,1
1790179763367,0
1790179763391,1
1790179763391,0
1790179763488,1
1790179763488,0
1790179763968,1
1790179763968,0
1790179763992,1
1790179764012,2
1790179764014,1
1790179764058,0
1790179764156,1
1790179764156,0
1790179764420,1
1790179764420,0
1790179764447,1
1790179764465,0
1790179764468,1
1790179764509,0
1790179764951,1
1790179764951,0
1790179765765,1
1790179765765,0
1790179765790,1
1790179765813,2
1790179765813,1
1790179765837,2
1790179765859,1
1790179765905,0
1790179765965,1
1790179765965,0
1790179766235,1
1790179766235,0
1790179766258,1
1790179766279,2
1790179766280,1
1790179766309,2
1790179766325,1
1790179766325,0
1790179766332,1
1790179766333,0
1790179766719,1
1790179766720,0
1790179766742,1
1790179766765,0
1790179766767,1
1790179766767,0
1790179767028,1
1790179767028,0
1790179767170,1
1790179767170,0
1790179767191,1
1790179767215,2
1790179767215,1
1790179767258,2
1790179767263,1
1790179767263,0
1790179767285,1
1790179767306,0
1790179767361,1
1790179767361,0
1790179767724,1
1790179767725,0
1790179767748,1
1790179767769,0
1790179767836,1
1790179767836,0
1790179767861,1
1790179767881,0
1790179767886,1
1790179767907,2
1790179767928,1
1790179767928,0
1790179768008,1
1790179768008,0
1790179768027,1
1790179768052,0
1790179768216,1
1790179768216,0
1790179768263,1
1790179768264,0
1790179768288,1
1790179768307,0
1790179768311,1
1790179768336,2
1790179768354,1
1790179768361,2
1790179768389,3
1790179768398,2
1790179768398,1
1790179768398,0
1790179768434,1
1790179768443,0
1790179768454,1
1790179768480,2
1790179768490,1
1790179768536,0
1790179768848,1
1790179768848,0
1790179768893,1
1790179768896,0
1790179769094,1
1790179769094,0
1790179769113,1
1790179769139,0
1790179769187,1
1790179769187,0
1790179769209,1
1790179769233,0
1790179769236,1
1790179769261,2
1790179769279,1
1790179769287,2
1790179769310,3
1790179769323,2
1790179769324,1
1790179769324,0
1790179769338,1
1790179769367,0
1790179769523,1
1790179769523,0
1790179769621,1
1790179769621,0
1790179769917,1
1790179769917,0
1790179769938,1
1790179769964,0
1790179769965,1
1790179769965,0
1790179770086,1
1790179770086,0
1790179770110,1
1790179770130,0
1790179770307,1
1790179770307,0
1790179770331,1
1790179770354,0
1790179770576,1
1790179770576,0
1790179770599,1
1790179770621,0
1790179770622,1
1790179770644,2
1790179770666,1
1790179770666,0
1790179770670,1
1790179770691,2
1790179770713,1
1790179770714,0
1790179770769,1
1790179770769,0
1790179770796,1
1790179770814,0
1790179771443,1
1790179771443,0
1790179771752,1
1790179771753,0
1790179771775,1
1790179771799,0
1790179771801,1
1790179771801,0
1790179772091,1
1790179772091,0
1790179772186,1
1790179772186,0
1790179772551,1
1790179772551,0
1790179772577,1
1790179772598,0
1790179772646,1
1790179772646,0
1790179772732,1
1790179772732,0
1790179773452,1
1790179773452,0
1790179773572,1
1790179773572,0
1790179773597,1
1790179773618,0
1790179773625,1
1790179773665,0
1790179773672,1
1790179773672,0
1790179773697,1
1790179773718,0
1790179773770,1
1790179773770,0
1790179773941,1
1790179773941,0
1790179773965,1
1790179773989,0
1790179773991,1
1790179774034,0
1790179774035,1
1790179774057,2
1790179774079,1
1790179774081,2
1790179774109,3
1790179774125,2
1790179774171,1
1790179774171,0
1790179774354,1
1790179774354,0
1790179774401,1
1790179774402,0
1790179774570,1
1790179774570,0
1790179774696,1
1790179774696,0
1790179774815,1
1790179774815,0
1790179775304,1
1790179775304,0
1790179775517,1
1790179775517,0
1790179775544,1
1790179775563,0
1790179775585,1
1790179775585,0
1790179775609,1
1790179775632,0
1790179776097,1
1790179776097,0
1790179776115,1
1790179776142,0
1790179776143,1
1790179776143,0
1790179776170,1
1790179776189,0
1790179776242,1
1790179776242,0
1790179776568,1
1790179776568,0
1790179776592,1
1790179776614,0
1790179776617,1
1790179776617,0
1790179776643,1
1790179776643,0
1790179776668,1
1790179776694,0
1790179776718,1
1790179776744,0
1790179776962,1
1790179776962,0
1790179777008,1
1790179777008,0
1790179777365,1
1790179777365,0
1790179777389,1
1790179777410,0
1790179777585,1
1790179777585,0
1790179777665,1
1790179777665,0
1790179777690,1
1790179777710,0
1790179778173,1
1790179778173,0
1790179778196,1
1790179778219,0
1790179778223,1
1790179778247,2
1790179778264,1
1790179778312,0
1790179778631,1
1790179778631,0
1790179778653,1
1790179778676,0
1790179778678,1
1790179778703,2
1790179778719,1
1790179778720,0
1790179778965,1
1790179778965,0
1790179778991,1
1790179779015,0
1790179779040,1
1790179779061,0
1790179779065,1
1790179779106,0
1790179779258,1
1790179779258,0
1790179779498,1
1790179779499,0
1790179779522,1
1790179779543,0
1790179779546,1
1790179779587,0
1790179779665,1
1790179779665,0
1790179779687,1
1790179779709,0
1790179779739,1
1790179779754,0
1790179779927,1
1790179779927,0
1790179779955,1
1790179779972,0
1790179779980,1
1790179780018,0
1790179780030,1
1790179780030,0
1790179780054,1
1790179780077,0
1790179780079,1
1790179780079,0
1790179780365,1
1790179780365,0
1790179780403,1
1790179780410,0
1790179780423,1
1790179780454,0
1790179780473,1
1790179780473,0
1790179780497,1
1790179780519,0
1790179780520,1
1790179780520,0
1790179780999,0
1790179780999,0
1790179781025,1
1790179781044,0
1790179781049,1
1790179781088,0
1790179781314,1
1790179781315,0
1790179781341,1
1790179781362,0
1790179781468,1
1790179781468,0
1790179781487,1
1790179781509,2
1790179781532,1
1790179781587,0
1790179781943,1
1790179781943,0
1790179781971,1
1790179781985,0
1790179781995,1
1790179781995,0
1790179782167,1
1790179782167,0
1790179782541,1
1790179782541,0
1790179782568,1
1790179782585,0
1790179782589,1
1790179782589,0
1790179782618,1
1790179782642,0
1790179782882,1
1790179782882,0
1790179782907,1
1790179782928,0
1790179783538,1
1790179783538,0
1790179783830,1
1790179783830,0
1790179783852,1
1790179783882,0
1790179784022,1
1790179784022,0
1790179784071,1
1790179784076,0
1790179784094,1
1790179784119,2
1790179784130,1
1790179784144,2
1790179784162,3
1790179784174,2
1790179784188,3
1790179784210,4
1790179784228,3
1790179784269,2
1790179784285,3
1790179784325,2
1790179784325,1
1790179784369,0
1790179784456,1
1790179784456,0
1790179784477,1
1790179784502,0
1790179784825,1
1790179784825,0
1790179784845,1
1790179784875,2
1790179784880,1
1790179784880,0
1790179784892,1
1790179784892,0
1790179784944,1
1790179784944,0
1790179785044,1
1790179785044,0
1790179785428,1
1790179785428,0
1790179785498,1
1790179785498,0
1790179785616,1
1790179785616,0
1790179785640,1
1790179785673,0
1790179785736,1
1790179785736,0
1790179785759,1
1790179785778,0
1790179785784,1
1790179785810,2
1790179785832,1
1790179785832,0
1790179785851,1
1790179785851,0
1790179786066,1
1790179786066,0
1790179786092,1
1790179786108,0
1790179786408,1
1790179786408,0
1790179786507,1
1790179786507,0
1790179786751,1
1790179786752,0
1790179786827,1
1790179786827,0
1790179786851,1
1790179786870,0
1790179787096,1
1790179787097,0
1790179787264,1
1790179787264,0
1790179787358,1
1790179787358,0
1790179787383,1
1790179787400,0
1790179787408,1
1790179787408,0
1790179787701,1
1790179787701,0
1790179787750,1
1790179787754,0
1790179787775,1
1790179787800,2
1790179787808,1
1790179787808,0
1790179787922,1
1790179787922,0
1790179787943,1
1790179787968,0
1790179787972,1
1790179788016,2
1790179788024,1
1790179788079,0
1790179788177,1
1790179788177,0
1790179788253,1
1790179788253,0
1790179788634,1
1790179788634,0
1790179788826,1
1790179788826,0
1790179788850,1
1790179788880,0
1790179788896,1
1790179788921,0
1790179788926,1
1790179788962,0
1790179789097,1
1790179789097,0
1790179789498,1
1790179789498,0
1790179789987,1
1790179789987,0
1790179790011,1
1790179790034,0
1790179790479,1
1790179790479,0
1790179790551,1
1790179790551,0
1790179790668,1
1790179790668,0
1790179790694,1
1790179790726,0
1790179791027,1
1790179791027,0
1790179791051,1
1790179791075,2
1790179791086,1
1790179791086,0
1790179791193,1
1790179791194,0
1790179791240,1
1790179791251,0
1790179791266,1
1790179791291,2
1790179791293,1
1790179791314,2
1790179791347,1
1790179791347,0
1790179791367,1
1790179791367,0
1790179791410,1
1790179791418,0
1790179791435,1
1790179791462,0
1790179791583,1
1790179791584,0
1790179791608,1
1790179791644,0
1790179791654,1
1790179791654,0
1790179791678,1
1790179791714,0
1790179791802,1
1790179791802,0
1790179791925,1
1790179791925,0
1790179792172,1
1790179792173,0
1790179792196,1
1790179792221,2
1790179792227,1
1790179792247,2
1790179792270,1
1790179792270,0
1790179792386,1
1790179792386,0
1790179792482,1
1790179792482,0
1790179792502,1
1790179792527,2
1790179792533,1
1790179792548,2
1790179792574,1
1790179792628,0
1790179792848,1
1790179792848,0
1790179792969,1
1790179792970,0
1790179792993,1
1790179793027,0
1790179793090,1
1790179793090,0
1790179793111,1
1790179793136,2
1790179793145,1
1790179793161,2
1790179793189,1
1790179793189,0
1790179793482,1
1790179793482,0
1790179793534,1
1790179793534,0
1790179793558,1
1790179793584,2
1790179793587,1
1790179793609,2
1790179793633,3
1790179793643,2
1790179793694,1
1790179793694,0
1790179793805,1
1790179793805,0
1790179793829,1
1790179793854,2
1790179793856,1
1790179793856,0
1790179793877,1
1790179793877,0
1790179793950,1
1790179793950,0
1790179794148,1
1790179794148,0
1790179794170,1
1790179794196,0
1790179794416,1
1790179794416,0
1790179794440,1
1790179794472,0
1790179794874,1
1790179794874,0
1790179794899,1
1790179794925,2
1790179794928,1
1790179794983,0
1790179795070,1
1790179795070,0
1790179795195,1
1790179795195,0
1790179795218,1
1790179795238,0
1790179795243,1
1790179795292,0
1790179795355,1
1790179795355,0
1790179795530,1
1790179795530,0
1790179796260,1
1790179796260,0
1790179796300,1
1790179796303,0
1790179796719,1
1790179796719,0
1790179796961,1
1790179796961,0
1790179796986,1
1790179797017,0
1790179797033,1
1790179797058,0
1790179797061,1
1790179797086,2
1790179797104,1
1790179797105,0
1790179797107,1
1790179797159,0
1790179797237,1
1790179797237,0
1790179797604,1
1790179797604,0
1790179797627,1
1790179797653,2
1790179797661,1
1790179797661,0
1790179797705,1
1790179797705,0
1790179798072,1
1790179798072,0
1790179798093,1
1790179798118,0
1790179798122,1
1790179798178,0
1790179798517,1
1790179798517,0
1790179798533,1
1790179798562,2
1790179798569,1
1790179798588,2
1790179798609,1
1790179798639,2
1790179798663,3
1790179798664,2
1790179798688,3
1790179798709,4
1790179798715,3
1790179798736,4
1790179798759,3
1790179798814,2
1790179798859,1
1790179798859,0
1790179799123,1
1790179799123,0
1790179799146,1
1790179799167,2
1790179799179,1
1790179799196,2
1790179799222,1
1790179799222,0
1790179799268,1
1790179799268,0
1790179799365,1
1790179799365,0
1790179799394,1
1790179799415,2
1790179799420,1
1790179799463,0
1790179799515,1
1790179799515,0
1790179799539,1
1790179799561,2
1790179799570,1
1790179799618,0
1790179799968,1
1790179799968,0
1790179799991,1
1790179800011,0
1790179800039,1
1790179800060,2
1790179800066,1
1790179800084,2
1790179800108,3
1790179800110,2
1790179800110,1
1790179800166,0
1790179800178,1
1790179800178,0
1790179800257,1
1790179800257,0
1790179800280,1
1790179800304,2
1790179800306,1
1790179800329,2
1790179800349,1
1790179800404,0
1790179800426,1
1790179800426,0
1790179800814,1
1790179800814,0
1790179800956,1
1790179800956,0
1790179800979,1
1790179800999,2
1790179801000,1
1790179801000,0
1790179801024,1
1790179801024,0
1790179801121,1
1790179801121,0
1790179801142,1
1790179801165,0
1790179801261,1
1790179801261,0
1790179802546,1
1790179802546,0
1790179802636,1
1790179802636,0
1790179802665,1
1790179802679,0
1790179802690,1
1790179802710,2
1790179802724,1
1790179802724,0
1790179802765,1
1790179802766,0
1790179802787,1
1790179802808,0
1790179802809,1
1790179802829,2
1790179802851,3
1790179802855,2
1790179802855,1
1790179802855,0
1790179802996,1
1790179802997,0
1790179803211,1
1790179803211,0
1790179803332,1
1790179803332,0
1790179803458,1
1790179803458,0
1790179803916,1
1790179803916,0
1790179804108,1
1790179804108,0
1790179804270,1
1790179804270,0
1790179804294,1
1790179804315,0
1790179804366,1
1790179804366,0
1790179804390,1
1790179804406,0
1790179804407,1
1790179804435,2
1790179804454,1
1790179804454,0
1790179804721,1
1790179804721,0
1790179804768,1
1790179804768,0
1790179804794,1
1790179804809,0
1790179804914,1
1790179804914,0
1790179805053,1
1790179805053,0
1790179805081,1
1790179805098,0
1790179805106,1
1790179805106,0
1790179805131,1
1790179805131,0
1790179805444,1
1790179805444,0
1790179805617,1
1790179805617,0
1790179805637,1
1790179805667,0
1790179805926,1
1790179805926,0
1790179806195,1
1790179806195,0
1790179806413,1
1790179806413,0
1790179806443,1
1790179806460,0
1790179806465,1
1790179806490,2
1790179806501,1
1790179806501,0
1790179806516,1
1790179806516,0
1790179807021,1
1790179807021,0
1790179807145,1
1790179807145,0
1790179807169,1
1790179807191,0
1790179807195,1
1790179807195,0
1790179807703,1
1790179807704,0
1790179807726,1
1790179807748,0
1790179807929,1
1790179807929,0
1790179807954,1
1790179807977,0
1790179808003,1
1790179808021,0
1790179808028,1
1790179808053,2
1790179808066,1
1790179808066,0
1790179808172,1
1790179808172,0
1790179808199,1
1790179808217,0
1790179808274,1
1790179808274,0
1790179808445,1
1790179808445,0
1790179808507,1
1790179808507,0
1790179808528,1
1790179808548,0
1790179808555,1
1790179808581,2
1790179808589,1
1790179808589,0
1790179808630,1
1790179808631,0
1790179808654,1
1790179808674,0
1790179808753,1
1790179808753,0
1790179808773,1
1790179808795,0
1790179808801,1
1790179808801,0
1790179808826,1
1790179808826,0
1790179808877,1
1790179808877,0
1790179809002,1
1790179809002,0
1790179809027,1
1790179809046,0
1790179809052,1
1790179809052,0
1790179809223,1
1790179809223,0
1790179809248,1
1790179809265,0
1790179809273,1
1790179809273,0
1790179809295,1
1790179809295,0
1790179809345,1
1790179809345,0
1790179809390,1
1790179809390,0
1790179809415,1
1790179809436,0
1790179810001,1
1790179810001,0
1790179810383,1
1790179810383,0
1790179810406,1
1790179810424,0
1790179810428,1
1790179810428,0
1790179810597,1
1790179810597,0
1790179810620,1
1790179810639,0
1790179810647,1
1790179810647,0
1790179810671,1
1790179810671,0
1790179810742,1
1790179810742,0
1790179810847,1
1790179810847,0
1790179810871,1
1790179810889,0
1790179810896,1
1790179810896,0
1790179810992,1
1790179810992,0
1790179811019,1
1790179811033,0
1790179812120,1
1790179812120,0
1790179812603,1
1790179812603,0
1790179812627,1
1790179812644,0
1790179812651,1
1790179812674,2
1790179812690,1
1790179812690,0
1790179812888,1
1790179812888,0
1790179813253,1
1790179813253,0
1790179813273,1
1790179813294,0
1790179813323,1
1790179813323,0
1790179813771,1
1790179813771,0
1790179813795,1
1790179813812,0
1790179813941,1
1790179813941,0
1790179813995,1
1790179813995,0
1790179814020,1
1790179814037,0
1790179814043,1
1790179814078,0
1790179814090,1
1790179814090,0
1790179814114,1
1790179814137,0
1790179814139,1
1790179814139,0
1790179814528,1
1790179814528,0
1790179814937,1
1790179814937,0
1790179814962,1
1790179814980,0
1790179815107,1
1790179815107,0
1790179815132,1
1790179815148,0
1790179815222,1
1790179815222,0
1790179815243,1
1790179815264,2
1790179815266,1
1790179815266,0
1790179815285,1
1790179815286,0
1790179815365,1
1790179815365,0
1790179815439,1
1790179815439,0
1790179815821,1
1790179815821,0
1790179816714,1
1790179816715,0
1790179816934,1
1790179816935,0
1790179816964,1
1790179816974,0
1790179817231,1
1790179817232,0
1790179817255,1
1790179817279,0
1790179817522,1
1790179817522,0
1790179817540,1
1790179817563,2
1790179817564,1
1790179817564,0
1790179817585,1
1790179817585,0
1790179817610,1
1790179817610,0
1790179817660,1
1790179817660,0
1790179818065,1
1790179818065,0
1790179818351,1
1790179818351,0
1790179818521,1
1790179818521,0
1790179818852,1
1790179818852,0
1790179818879,1
1790179818899,0
1790179818900,1
1790179818926,2
1790179818942,1
1790179818942,0
1790179818952,1
1790179818952,0
1790179819220,1
1790179819220,0
1790179819243,1
1790179819262,0
1790179819268,1
1790179819268,0
1790179819339,1
1790179819339,0
1790179819364,1
1790179819380,0
1790179819393,1
1790179819393,0
1790179819412,1
1790179819412,0
1790179819486,1
1790179819486,0
